data/case_study_destine/converter_hmc/geo/gridded/marche.aspect.txt
ncols        643
nrows        534
xllcorner    12.041800000000
yllcorner    42.520600000000
cellsize     0.003003000000
NODATA_value  -9999
[rows 432 to 455 of 534, columns 495 to 549 of 643]
215.89263916015625 167.132293701171875 185.333343505859375 161.2389984130859375 125.548126220703125 121.916900634765625 101.01219940185546875 335.57720947265625 306.84661865234375 284.19879150390625 289.2874755859375 305.32489013671875 311.84466552734375 300.14544677734375 313.79791259765625 16.987396240234375 16.75030517578125 4.50588226318359375 13.88399505615234375 25.63275909423828125 32.65502166748046875 33.379962921142578125 29.0992279052734375 27.9561767578125 40.9318695068359375 60.56494903564453125 72.97833251953125 70.9476165771484375 51.8463592529296875 40.69208526611328125 18.89400482177734375 353.888641357421875 349.089324951171875 341.396453857421875 351.546356201171875 49.166255950927734375 63.69782257080078125 305.5166015625 282.00653076171875 298.16156005859375 -9999 -9999 -9999 -9999 -9999 -9999 -9999 -9999 -9999 -9999 -9999 -9999 -9999 -9999 -9999
145.2528076171875 150.185577392578125 179.942901611328125 171.7485198974609375 136.385345458984375 116.04143524169921875 316.27435302734375 339.1961669921875 344.642181396484375 317.449951171875 306.263671875 310.6519775390625 322.2142333984375 319.23431396484375 325.04608154296875 12.6525726318359375 9.0009613037109375 348.9720458984375 10.296630859375 30.749767303466796875 37.690944671630859375 37.663982391357421875 38.539398193359375 52.944843292236328125 72.8599090576171875 76.5680694580078125 66.2028350830078125 44.644123077392578125 28.1176300048828125 31.49062347412109375 20.59775543212890625 350.4146728515625 358.7811279296875 41.157611846923828125 167.4402618408203125 119.192413330078125 96.5724029541015625 301.56610107421875 290.04736328125 303.227783203125 -9999 -9999 -9999 -9999 -9999 -9999 -9999 -9999 -9999 -9999 -9999 -9999 -9999 -9999 -9999
132.366546630859375 142.0750274658203125 182.054962158203125 173.569580078125 120.5634765625 316.36334228515625 306.349822998046875 330.746612548828125 348.436279296875 330.046630859375 319.20513916015625 320.28509521484375 324.948699951171875 324.33441162109375 328.79180908203125 9.68158721923828125 7.03147125244140625 339.37213134765625 3.27862548828125 35.1352691650390625 45.47796630859375 49.5172119140625 57.577999114990234375 71.3919525146484375 81.6869049072265625 80.35892486572265625 70.77100372314453125 69.51143646240234375 90.5429229736328125 108.93784332275390625 123.21843719482421875 164.022857666015625 162.60009765625 154.3114166259765625 157.634918212890625 134.7501678466796875 96.318267822265625 292.0159912109375 284.061676025390625 294.93719482421875 -9999 -9999 -9999 -9999 -9999 -9999 -9999 -9999 -9999 -9999 -9999 -9999 -9999 -9999 -9999
114.0373687744140625 117.7355499267578125 317.7354736328125 349.316436767578125 7.6012725830078125 329.326019287109375 291.22979736328125 299.780517578125 330.2239990234375 326.954315185546875 317.3873291015625 323.57611083984375 335.87994384765625 336.65728759765625 333.369354248046875 357.6309814453125 7.76218414306640625 350.137542724609375 14.57779693603515625 76.0469818115234375 81.44202423095703125 88.09444427490234375 94.19272613525390625 98.33221435546875 104.66623687744140625 115.191375732421875 125.0547637939453125 126.64910888671875 125.39478302001953125 110.87686920166015625 39.88513946533203125 33.868091583251953125 28.693660736083984375 13.10433197021484375 17.06378936767578125 21.984527587890625 31.378688812255859375 303.84637451171875 268.7413330078125 271.39715576171875 -9999 -9999 -9999 -9999 -9999 -9999 -9999 -9999 -9999 -9999 -9999 -9999 -9999 -9999 -9999
87.627593994140625 320.638427734375 304.31854248046875 333.402557373046875 2.34247589111328125 358.048370361328125 302.8641357421875 279.96624755859375 293.52606201171875 310.343994140625 307.7252197265625 313.9140625 338.963775634765625 353.125732421875 351.3306884765625 355.205535888671875 39.859466552734375 112.2330474853515625 152.616790771484375 155.263580322265625 144.5352783203125 137.256591796875 134.71697998046875 132.5108795166015625 132.712677001953125 134.656524658203125 131.331756591796875 113.66840362548828125 48.9847259521484375 353.25811767578125 359.652374267578125 10.26337432861328125 5.240966796875 0.945709228515625 14.76920318603515625 29.239109039306640625 42.85948944091796875 354.0712890625 284.42486572265625 283.17950439453125 -9999 -9999 -9999 -9999 -9999 -9999 -9999 -9999 -9999 -9999 -9999 -9999 -9999 -9999 -9999
85.1656036376953125 300.292572021484375 291.614227294921875 309.99554443359375 341.242218017578125 0.5397796630859375 347.2510986328125 310.63800048828125 292.353546142578125 294.68609619140625 297.228546142578125 298.6846923828125 319.5006103515625 353.351470947265625 6.87834930419921875 24.47769927978515625 76.83766937255859375 97.54119110107421875 114.3892822265625 139.3857269287109375 150.41473388671875 145.9704132080078125 138.43603515625 128.2440185546875 114.3231964111328125 83.4888916015625 53.79450225830078125 31.804958343505859375 344.310272216796875 339.620330810546875 355.479248046875 6.55704498291015625 13.612457275390625 29.691829681396484375 66.5280303955078125 71.0001068115234375 32.100063323974609375 352.020111083984375 327.21417236328125 325.742919921875 -9999 -9999 -9999 -9999 -9999 -9999 -9999 -9999 -9999 -9999 -9999 -9999 -9999 -9999 -9999
88.58989715576171875 298.05419921875 295.06829833984375 305.0067138671875 319.17950439453125 341.76275634765625 354.30352783203125 343.3521728515625 315.22808837890625 295.52435302734375 292.861724853515625 293.326324462890625 299.56439208984375 335.14007568359375 14.8167724609375 40.93379974365234375 52.097164154052734375 46.423374176025390625 49.79155731201171875 52.464344024658203125 49.206691741943359375 56.963466644287109375 65.78528594970703125 49.172595977783203125 25.208099365234375 19.734588623046875 24.8339080810546875 17.622039794921875 332.616973876953125 331.048187255859375 355.687957763671875 18.453857421875 60.873260498046875 82.17516326904296875 62.47989654541015625 21.89215850830078125 357.6187744140625 -9999 -9999 -9999 -9999 -9999 -9999 -9999 -9999 -9999 -9999 -9999 -9999 -9999 -9999 -9999 -9999 -9999 -9999
88.32147979736328125 288.924407958984375 295.3515625 304.506927490234375 310.8643798828125 320.918060302734375 342.24755859375 353.4566650390625 341.88909912109375 315.37811279296875 303.863250732421875 306.08453369140625 311.5328369140625 332.92437744140625 11.10720062255859375 28.30084228515625 22.41841888427734375 20.2625732421875 34.12117767333984375 34.522129058837890625 28.014942169189453125 34.868984222412109375 36.236118316650390625 17.0729217529296875 14.70090484619140625 21.406494140625 24.2211761474609375 17.85784149169921875 340.462005615234375 333.477935791015625 53.00555419921875 113.8033294677734375 109.54915618896484375 65.055572509765625 6.726043701171875 3.42813873291015625 -9999 -9999 -9999 -9999 -9999 -9999 -9999 -9999 -9999 -9999 -9999 -9999 -9999 -9999 -9999 -9999 -9999 -9999 -9999
162.577728271484375 264.737823486328125 263.80145263671875 267.43853759765625 271.50372314453125 272.8116455078125 282.22930908203125 320.5341796875 330.9007568359375 316.58416748046875 310.1641845703125 314.739898681640625 327.99462890625 351.59686279296875 0.9608306884765625 356.75146484375 1.743621826171875 14.7143707275390625 31.026897430419921875 34.4270477294921875 39.01940155029296875 43.50696563720703125 30.6025543212890625 19.45026397705078125 24.47920989990234375 25.43207550048828125 25.18767547607421875 16.7165069580078125 358.25665283203125 30.58013916015625 98.268341064453125 103.9932861328125 46.2328338623046875 0.6437530517578125 2.317901611328125 -9999 -9999 -9999 -9999 -9999 -9999 -9999 -9999 -9999 -9999 -9999 -9999 -9999 -9999 -9999 -9999 -9999 -9999 -9999 -9999
336.374114990234375 272.915283203125 240.240936279296875 228.361053466796875 225.98175048828125 223.099578857421875 213.878265380859375 209.319427490234375 233.4507904052734375 268.5465087890625 288.7366943359375 303.707672119140625 326.07952880859375 354.09454345703125 358.128692626953125 346.501129150390625 354.80877685546875 15.2756500244140625 28.41464996337890625 36.11910247802734375 41.940601348876953125 35.192279815673828125 26.01567840576171875 32.639774322509765625 37.50984954833984375 30.717929840087890625 26.33362579345703125 19.62627410888671875 27.69112396240234375 61.26873779296875 61.19470977783203125 23.55834197998046875 -9999 -9999 -9999 -9999 -9999 -9999 -9999 -9999 -9999 -9999 -9999 -9999 -9999 -9999 -9999 -9999 -9999 -9999 -9999 -9999 -9999 -9999 -9999
346.413909912109375 331.123779296875 327.1695556640625 247.9545745849609375 225.1284942626953125 214.3874359130859375 204.150665283203125 207.9212493896484375 225.9314117431640625 242.122833251953125 255.7479400634765625 272.0770263671875 296.119415283203125 337.338623046875 354.965850830078125 347.528350830078125 352.01220703125 8.33086395263671875 21.16542816162109375 31.0924530029296875 36.80469512939453125 36.360118865966796875 39.74977874755859375 47.64525604248046875 44.961254119873046875 32.583477020263671875 25.58774566650390625 35.840240478515625 56.33922576904296875 58.490631103515625 32.299098968505859375 -9999 -9999 -9999 -9999 -9999 -9999 -9999 -9999 -9999 -9999 -9999 -9999 -9999 -9999 -9999 -9999 -9999 -9999 -9999 -9999 -9999 -9999 -9999 -9999
337.752899169921875 326.486602783203125 357.04229736328125 12.1861572265625 315.32366943359375 223.274749755859375 210.0666961669921875 223.960357666015625 235.23175048828125 239.043182373046875 238.2605133056640625 241.0303192138671875 253.11029052734375 280.0401611328125 331.605926513671875 345.0455322265625 346.48211669921875 357.6546630859375 13.56945037841796875 26.7870941162109375 37.300048828125 40.22388458251953125 41.00772857666015625 43.627166748046875 39.403675079345703125 28.92962646484375 33.0685577392578125 53.4742431640625 54.935901641845703125 31.936923980712890625 -9999 -9999 -9999 -9999 -9999 -9999 -9999 -9999 -9999 -9999 -9999 -9999 -9999 -9999 -9999 -9999 -9999 -9999 -9999 -9999 -9999 -9999 -9999 -9999 -9999
309.89019775390625 303.2330322265625 343.451416015625 16.5009613037109375 16.18470001220703125 22.7396697998046875 251.15191650390625 243.724273681640625 248.0853118896484375 247.9184112548828125 240.9443206787109375 236.3016204833984375 234.358367919921875 229.9642791748046875 233.549560546875 262.86004638671875 309.33135986328125 334.711517333984375 1.629486083984375 23.5355987548828125 35.384700775146484375 37.1715240478515625 39.65198516845703125 39.543933868408203125 33.29006195068359375 33.89734649658203125 48.2110137939453125 56.969829559326171875 40.751781463623046875 -9999 -9999 -9999 -9999 -9999 -9999 -9999 -9999 -9999 -9999 -9999 -9999 -9999 -9999 -9999 -9999 -9999 -9999 -9999 -9999 -9999 -9999 -9999 -9999 -9999 -9999
292.15972900390625 280.20245361328125 304.827880859375 2.45488739013671875 26.749141693115234375 40.14144134521484375 41.649250030517578125 265.535614013671875 255.27252197265625 252.7353668212890625 239.357940673828125 229.88861083984375 225.5362548828125 222.666412353515625 229.8563690185546875 249.114837646484375 286.286376953125 314.820068359375 348.275543212890625 19.60230255126953125 32.349788665771484375 38.530620574951171875 41.7195587158203125 39.243587493896484375 42.423370361328125 52.044101715087890625 54.93563079833984375 -9999 -9999 -9999 -9999 -9999 -9999 -9999 -9999 -9999 -9999 -9999 -9999 -9999 -9999 -9999 -9999 -9999 -9999 -9999 -9999 -9999 -9999 -9999 -9999 -9999 -9999 -9999 -9999
307.80535888671875 272.89410400390625 275.8892822265625 317.343963623046875 34.562122344970703125 45.835845947265625 46.67311859130859375 19.59001922607421875 255.371856689453125 235.484283447265625 218.336517333984375 220.3197479248046875 224.1607818603515625 227.6306304931640625 240.778228759765625 254.32415771484375 270.7999267578125 289.96923828125 327.73883056640625 16.43160247802734375 32.132312774658203125 38.09912872314453125 40.481792449951171875 46.734676361083984375 52.70139312744140625 46.3103790283203125 -9999 -9999 -9999 -9999 -9999 -9999 -9999 -9999 -9999 -9999 -9999 -9999 -9999 -9999 -9999 -9999 -9999 -9999 -9999 -9999 -9999 -9999 -9999 -9999 -9999 -9999 -9999 -9999 -9999
0.37281036376953125 275.2989501953125 266.0718994140625 274.35693359375 27.08745574951171875 55.8893890380859375 58.61080169677734375 51.13799285888671875 285.646514892578125 256.490203857421875 256.887786865234375 251.7849273681640625 238.84552001953125 235.2413330078125 245.1928253173828125 249.640594482421875 249.017364501953125 251.749786376953125 262.5057373046875 348.5989990234375 32.720424652099609375 42.7163848876953125 48.1749420166015625 51.163116455078125 -9999 -9999 -9999 -9999 -9999 -9999 -9999 -9999 -9999 -9999 -9999 -9999 -9999 -9999 -9999 -9999 -9999 -9999 -9999 -9999 -9999 -9999 -9999 -9999 -9999 -9999 -9999 -9999 -9999 -9999 -9999
22.60111236572265625 305.08685302734375 276.013427734375 279.521453857421875 344.84906005859375 61.127239227294921875 50.505626678466796875 34.852142333984375 15.32279205322265625 302.02813720703125 303.354949951171875 318.9844970703125 316.08441162109375 295.4251708984375 269.715118408203125 262.246124267578125 258.9034423828125 249.6837615966796875 240.1873626708984375 242.090118408203125 23.56836700439453125 43.892055511474609375 45.1818084716796875 -9999 -9999 -9999 -9999 -9999 -9999 -9999 -9999 -9999 -9999 -9999 -9999 -9999 -9999 -9999 -9999 -9999 -9999 -9999 -9999 -9999 -9999 -9999 -9999 -9999 -9999 -9999 -9999 -9999 -9999 -9999 -9999
25.02846527099609375 343.01953125 302.608154296875 297.76373291015625 338.07586669921875 39.060596466064453125 20.0632476806640625 23.08551025390625 39.265575408935546875 314.6175537109375 280.054931640625 294.868408203125 309.73431396484375 312.562347412109375 288.960296630859375 270.199951171875 268.90325927734375 271.300933837890625 252.92486572265625 247.4256134033203125 279.7451171875 12.94939422607421875 -9999 -9999 -9999 -9999 -9999 -9999 -9999 -9999 -9999 -9999 -9999 -9999 -9999 -9999 -9999 -9999 -9999 -9999 -9999 -9999 -9999 -9999 -9999 -9999 -9999 -9999 -9999 -9999 -9999 -9999 -9999 -9999 -9999
20.508575439453125 353.86285400390625 317.966217041015625 299.657867431640625 315.1162109375 16.07532501220703125 5.61529541015625 32.34191131591796875 54.07257843017578125 13.957550048828125 268.180877685546875 246.1918182373046875 243.7819671630859375 253.6680145263671875 262.3280029296875 258.64947509765625 -9999 -9999 -9999 -9999 -9999 -9999 -9999 -9999 -9999 -9999 -9999 -9999 -9999 -9999 -9999 -9999 -9999 -9999 -9999 -9999 -9999 -9999 -9999 -9999 -9999 -9999 -9999 -9999 -9999 -9999 -9999 -9999 -9999 -9999 -9999 -9999 -9999 -9999 -9999
46.52008056640625 358.385650634765625 282.680908203125 238.8857269287109375 214.48291015625 240.1668548583984375 316.854736328125 37.243743896484375 42.808292388916015625 22.94583892822265625 343.60650634765625 287.740966796875 264.371124267578125 259.922027587890625 261.92755126953125 -9999 -9999 -9999 -9999 -9999 -9999 -9999 -9999 -9999 -9999 -9999 -9999 -9999 -9999 -9999 -9999 -9999 -9999 -9999 -9999 -9999 -9999 -9999 -9999 -9999 -9999 -9999 -9999 -9999 -9999 -9999 -9999 -9999 -9999 -9999 -9999 -9999 -9999 -9999 -9999
162.126739501953125 178.142364501953125 199.151336669921875 202.495819091796875 222.1751251220703125 250.5299530029296875 273.34765625 359.343475341796875 23.68389892578125 20.01432037353515625 10.36873626708984375 348.303375244140625 328.347015380859375 303.62548828125 -9999 -9999 -9999 -9999 -9999 -9999 -9999 -9999 -9999 -9999 -9999 -9999 -9999 -9999 -9999 -9999 -9999 -9999 -9999 -9999 -9999 -9999 -9999 -9999 -9999 -9999 -9999 -9999 -9999 -9999 -9999 -9999 -9999 -9999 -9999 -9999 -9999 -9999 -9999 -9999 -9999
174.44769287109375 188.4332733154296875 207.2131195068359375 225.17718505859375 252.7175445556640625 270.782257080078125 279.04425048828125 301.70648193359375 0.6389312744140625 16.666778564453125 14.9435577392578125 357.28131103515625 348.55218505859375 -9999 -9999 -9999 -9999 -9999 -9999 -9999 -9999 -9999 -9999 -9999 -9999 -9999 -9999 -9999 -9999 -9999 -9999 -9999 -9999 -9999 -9999 -9999 -9999 -9999 -9999 -9999 -9999 -9999 -9999 -9999 -9999 -9999 -9999 -9999 -9999 -9999 -9999 -9999 -9999 -9999 -9999
303.02508544921875 326.3919677734375 331.8399658203125 304.51995849609375 277.79205322265625 268.3267822265625 263.86395263671875 266.653076171875 297.589141845703125 348.56634521484375 6.34378814697265625 -9999 -9999 -9999 -9999 -9999 -9999 -9999 -9999 -9999 -9999 -9999 -9999 -9999 -9999 -9999 -9999 -9999 -9999 -9999 -9999 -9999 -9999 -9999 -9999 -9999 -9999 -9999 -9999 -9999 -9999 -9999 -9999 -9999 -9999 -9999 -9999 -9999 -9999 -9999 -9999 -9999 -9999 -9999 -9999
295.00238037109375 305.30987548828125 323.007659912109375 319.626617431640625 295.79986572265625 281.925140380859375 272.81719970703125 273.3489990234375 288.7034912109375 314.82037353515625 -9999 -9999 -9999 -9999 -9999 -9999 -9999 -9999 -9999 -9999 -9999 -9999 -9999 -9999 -9999 -9999 -9999 -9999 -9999 -9999 -9999 -9999 -9999 -9999 -9999 -9999 -9999 -9999 -9999 -9999 -9999 -9999 -9999 -9999 -9999 -9999 -9999 -9999 -9999 -9999 -9999 -9999 -9999 -9999 -9999
