data/case_study_destine/converter_hmc/geo/gridded/marche.aspect.txt
ncols        643
nrows        534
xllcorner    12.041800000000
yllcorner    42.520600000000
cellsize     0.003003000000
NODATA_value  -9999
[rows 72 to 95 of 534, columns 110 to 164 of 643]
107.56070709228515625 89.61989593505859375 61.077724456787109375 333.93804931640625 244.36810302734375 231.343353271484375 222.7849578857421875 224.5357666015625 -9999 -9999 -9999 -9999 -9999 -9999 -9999 -9999 -9999 -9999 -9999 -9999 -9999 -9999 -9999 -9999 -9999 -9999 -9999 -9999 -9999 -9999 -9999 -9999 -9999 -9999 -9999 -9999 -9999 -9999 -9999 -9999 -9999 -9999 -9999 -9999 -9999 -9999 -9999 -9999 -9999 -9999 78.62288665771484375 72.33213043212890625 83.8705902099609375 152.3380889892578125 171.6273040771484375
95.50858306884765625 22.47502899169921875 19.8775634765625 26.722202301025390625 325.149169921875 232.103912353515625 226.4438629150390625 225.0881805419921875 220.8565216064453125 222.9373779296875 -9999 -9999 -9999 -9999 -9999 -9999 -9999 -9999 -9999 -9999 -9999 -9999 -9999 -9999 -9999 -9999 -9999 -9999 -9999 -9999 -9999 -9999 -9999 -9999 -9999 -9999 -9999 -9999 -9999 -9999 -9999 -9999 -9999 -9999 146.5355072021484375 151.4792633056640625 159.7925567626953125 188.5583038330078125 195.995330810546875 184.319091796875 163.4141387939453125 140.443023681640625 131.506561279296875 135.561431884765625 144.9556732177734375
346.9111328125 354.4490966796875 13.79030609130859375 27.54477691650390625 29.208339691162109375 14.93987274169921875 226.34613037109375 223.6180419921875 228.3718109130859375 236.0264892578125 -9999 -9999 -9999 -9999 -9999 -9999 -9999 -9999 -9999 -9999 -9999 -9999 -9999 -9999 -9999 -9999 -9999 -9999 -9999 -9999 -9999 -9999 -9999 -9999 -9999 -9999 -9999 -9999 -9999 -9999 -9999 -9999 -9999 104.78271484375 93.7402191162109375 24.45882415771484375 34.7602081298828125 64.1830291748046875 165.74688720703125 180.932891845703125 174.6907958984375 157.447662353515625 147.8819732666015625 142.489044189453125 136.80322265625
340.1156005859375 354.9638671875 17.94940185546875 28.786251068115234375 40.8099365234375 51.396381378173828125 50.917110443115234375 233.2655029296875 231.1367034912109375 226.4180755615234375 213.744476318359375 205.5479888916015625 -9999 -9999 -9999 -9999 -9999 -9999 -9999 -9999 -9999 -9999 -9999 -9999 -9999 -9999 -9999 -9999 -9999 -9999 -9999 -9999 -9999 -9999 -9999 -9999 -9999 -9999 -9999 -9999 -9999 -9999 -9999 42.9904327392578125 7.6906280517578125 355.069732666015625 16.69554901123046875 32.273097991943359375 33.93718719482421875 19.46096038818359375 16.4190216064453125 46.996974945068359375 62.16442108154296875 76.10523223876953125 13.420623779296875
348.1993408203125 6.51718902587890625 30.52031707763671875 53.16289520263671875 72.74568939208984375 73.1702880859375 35.73772430419921875 332.97772216796875 238.9535369873046875 229.022125244140625 232.5916748046875 255.0159759521484375 279.02239990234375 284.8343505859375 -9999 -9999 -9999 -9999 -9999 -9999 -9999 -9999 -9999 -9999 -9999 -9999 -9999 -9999 -9999 -9999 -9999 -9999 -9999 -9999 -9999 -9999 -9999 -9999 -9999 -9999 -9999 -9999 29.75066375732421875 18.09751129150390625 358.699249267578125 355.65869140625 26.159931182861328125 41.150318145751953125 30.442501068115234375 14.11089324951171875 21.27196502685546875 39.43597412109375 53.23032379150390625 69.07221221923828125 325.81170654296875
358.24755859375 39.632785797119140625 75.64340972900390625 92.26631927490234375 93.15071868896484375 80.7340545654296875 358.4986572265625 8.8787689208984375 30.75738525390625 256.548370361328125 257.8035888671875 265.00079345703125 263.180419921875 256.089141845703125 -9999 -9999 -9999 -9999 -9999 -9999 -9999 -9999 -9999 -9999 -9999 -9999 -9999 -9999 -9999 -9999 -9999 -9999 -9999 -9999 -9999 -9999 -9999 -9999 -9999 -9999 -9999 -9999 53.10698699951171875 57.405185699462890625 75.02716064453125 161.7120208740234375 116.419952392578125 113.502593994140625 117.82045745849609375 90.94693756103515625 96.01132965087890625 102.50467681884765625 108.1496124267578125 104.6488189697265625 295.67071533203125
73.9737396240234375 104.272705078125 104.36423492431640625 100.90655517578125 94.47695159912109375 64.491241455078125 323.729461669921875 15.33620452880859375 56.02734375 316.81610107421875 263.8447265625 250.08001708984375 239.082855224609375 240.349609375 251.2141265869140625 -9999 -9999 -9999 -9999 -9999 -9999 -9999 -9999 -9999 -9999 -9999 -9999 -9999 -9999 -9999 -9999 -9999 -9999 -9999 -9999 -9999 -9999 -9999 -9999 -9999 -9999 117.42563629150390625 128.85418701171875 147.8843994140625 160.754608154296875 170.949951171875 155.2491455078125 145.604034423828125 170.6202392578125 165.32965087890625 137.070526123046875 127.4917449951171875 123.3384857177734375 41.953578948974609375 310.4063720703125
119.382659912109375 117.6550750732421875 113.45746612548828125 109.28804779052734375 93.7722930908203125 353.59869384765625 322.542022705078125 51.085559844970703125 79.977874755859375 345.9754638671875 288.577178955078125 274.012969970703125 263.8997802734375 267.11041259765625 270.656005859375 -9999 -9999 -9999 -9999 -9999 -9999 -9999 -9999 -9999 -9999 -9999 -9999 -9999 -9999 -9999 -9999 155.986480712890625 157.02117919921875 172.42315673828125 183.972930908203125 169.7105865478515625 167.0779876708984375 174.50927734375 167.0167083740234375 163.5818328857421875 163.5570068359375 145.8224029541015625 133.691192626953125 141.24322509765625 151.299774169921875 164.588409423828125 159.2744140625 148.1166534423828125 166.09442138671875 167.4959564208984375 148.2137603759765625 134.42950439453125 67.93967437744140625 322.521881103515625 319.2333984375
110.2795867919921875 107.364105224609375 98.56050872802734375 85.7801666259765625 29.38022613525390625 334.77587890625 350.40509033203125 92.0300750732421875 96.60758209228515625 302.7447509765625 298.46771240234375 309.7904052734375 294.677978515625 282.86883544921875 279.753204345703125 -9999 -9999 -9999 -9999 -9999 -9999 -9999 -9999 -9999 -9999 -9999 -9999 -9999 -9999 154.010894775390625 158.608123779296875 157.6580810546875 158.7647705078125 173.100738525390625 180.867919921875 177.090972900390625 181.35491943359375 182.016876220703125 154.93896484375 152.0452117919921875 166.00103759765625 160.998260498046875 145.007965087890625 141.837432861328125 149.472198486328125 161.871978759765625 163.706787109375 158.1781768798828125 163.2967681884765625 162.9626312255859375 135.794708251953125 20.91080474853515625 329.02032470703125 309.84393310546875 316.22540283203125
84.65374755859375 53.965221405029296875 35.875217437744140625 26.385467529296875 5.12752532958984375 356.367889404296875 107.6910858154296875 108.578704833984375 76.92259979248046875 304.93048095703125 279.1182861328125 299.91314697265625 318.965240478515625 305.09228515625 289.195770263671875 277.758636474609375 -9999 -9999 -9999 -9999 -9999 -9999 -9999 -9999 -9999 -9999 -9999 -9999 71.35919189453125 68.8042755126953125 75.418792724609375 88.5767669677734375 99.95502471923828125 128.539642333984375 160.2039794921875 178.771026611328125 192.446380615234375 191.650299072265625 162.35467529296875 134.67657470703125 148.4239959716796875 158.72711181640625 154.3446502685546875 152.295196533203125 150.82830810546875 155.7917327880859375 141.7803192138671875 27.787975311279296875 354.5733642578125 355.803924560546875 355.41058349609375 0.1028594970703125 335.3499755859375 304.147216796875 323.123046875
34.375614166259765625 10.572723388671875 18.09313201904296875 33.755748748779296875 63.8335418701171875 119.77042388916015625 123.2792816162109375 60.915126800537109375 1.64441680908203125 0.25511932373046875 304.73931884765625 286.2542724609375 305.7327880859375 315.557281494140625 313.01678466796875 298.66680908203125 282.43865966796875 -9999 -9999 -9999 -9999 -9999 -9999 -9999 -9999 -9999 44.50339508056640625 33.253261566162109375 31.6091461181640625 31.672573089599609375 29.8260345458984375 33.690067291259765625 38.40904998779296875 42.2342376708984375 52.40818023681640625 86.6019134521484375 174.696197509765625 190.4775848388671875 183.509521484375 143.76629638671875 130.8952789306640625 144.644134521484375 152.412872314453125 146.9565582275390625 1.0051116943359375 358.059814453125 3.49066925048828125 348.662109375 340.2314453125 350.909698486328125 6.40450286865234375 29.768115997314453125 341.1881103515625 294.159759521484375 321.6583251953125
16.66823577880859375 20.67700958251953125 62.357757568359375 100.7556610107421875 114.3280029296875 109.5867462158203125 10.0577239990234375 347.5230712890625 351.7679443359375 11.38970947265625 348.409027099609375 304.8226318359375 290.816497802734375 294.54541015625 307.8060302734375 316.0166015625 317.39788818359375 316.865814208984375 -9999 -9999 -9999 -9999 -9999 -9999 -9999 51.472278594970703125 29.760318756103515625 36.14630889892578125 51.3059539794921875 53.36783599853515625 47.261058807373046875 51.540676116943359375 57.28331756591796875 56.874355316162109375 53.266387939453125 53.94379425048828125 69.16896820068359375 146.364105224609375 186.820831298828125 161.26312255859375 133.880157470703125 115.78189849853515625 342.44561767578125 340.5509033203125 346.262725830078125 3.7361297607421875 22.66593170166015625 337.03802490234375 311.51226806640625 344.7745361328125 37.30394744873046875 40.940860748291015625 4.8222198486328125 298.09478759765625 296.88873291015625
84.0759429931640625 119.4337005615234375 123.64446258544921875 116.8436279296875 97.30068206787109375 348.710968017578125 343.29473876953125 351.34197998046875 356.888519287109375 13.73294830322265625 7.0789337158203125 330.9677734375 310.432769775390625 297.518463134765625 294.842041015625 301.677734375 311.3643798828125 321.736236572265625 330.12109375 -9999 -9999 -9999 -9999 -9999 107.18680572509765625 86.8746337890625 94.34690093994140625 104.07311248779296875 95.668426513671875 88.91471099853515625 88.61652374267578125 86.27988433837890625 73.429534912109375 69.41191864013671875 78.96891021728515625 80.621551513671875 75.97856903076171875 86.8171844482421875 148.55535888671875 166.125762939453125 76.19818878173828125 335.3111572265625 332.084320068359375 336.2017822265625 350.213623046875 30.49282073974609375 48.6032867431640625 338.0760498046875 301.080078125 338.642242431640625 24.20525360107421875 16.73682403564453125 11.26909637451171875 349.113677978515625 310.858978271484375
137.1714935302734375 141.5457305908203125 130.851531982421875 95.9729461669921875 349.56903076171875 330.81939697265625 344.466827392578125 1.28787994384765625 4.14893341064453125 14.7826995849609375 12.36685943603515625 345.694854736328125 326.98138427734375 316.26885986328125 310.29473876953125 302.089874267578125 298.45733642578125 303.82147216796875 320.822723388671875 50.92072296142578125 161.32159423828125 171.960418701171875 169.364715576171875 166.11053466796875 164.5577392578125 159.118743896484375 145.884033203125 120.2848968505859375 104.391387939453125 102.93569183349609375 110.990997314453125 119.813079833984375 123.3003082275390625 105.31386566162109375 106.5753631591796875 129.69268798828125 132.767547607421875 115.7617950439453125 83.1113433837890625 331.9095458984375 333.440948486328125 333.8511962890625 327.592315673828125 328.0245361328125 5.01029205322265625 48.140380859375 40.827571868896484375 343.554229736328125 317.72247314453125 336.7742919921875 5.72283172607421875 7.37941741943359375 11.6889495849609375 7.57445526123046875 331.827606201171875
92.78456878662109375 57.296722412109375 22.239990234375 6.088714599609375 338.3572998046875 333.761016845703125 354.1016845703125 4.5216827392578125 7.50246429443359375 13.408477783203125 6.42714691162109375 353.909027099609375 340.985809326171875 324.82464599609375 311.7403564453125 299.46942138671875 292.045318603515625 286.47735595703125 170.272247314453125 145.0164794921875 153.4669342041015625 163.0280303955078125 164.3681640625 170.17852783203125 176.6403961181640625 176.24359130859375 171.498382568359375 136.6771087646484375 99.0674285888671875 92.86585235595703125 95.54152679443359375 108.8806915283203125 137.06787109375 149.144012451171875 132.742340087890625 136.778900146484375 144.9283294677734375 96.43555450439453125 339.461517333984375 324.724334716796875 324.82647705078125 335.5355224609375 332.0618896484375 322.92120361328125 17.01165008544921875 47.16600799560546875 15.3408966064453125 345.3719482421875 330.202880859375 326.728729248046875 358.455078125 18.91962432861328125 16.9670562744140625 2.01903533935546875 332.3956298828125
23.68306732177734375 5.748016357421875 359.600189208984375 0.849822998046875 343.83453369140625 343.015350341796875 0.88397216796875 9.1623077392578125 15.4458465576171875 13.1209869384765625 2.41103363037109375 353.460205078125 346.636016845703125 336.32574462890625 303.47119140625 277.92095947265625 264.36126708984375 218.949493408203125 147.3881072998046875 145.261993408203125 154.800933837890625 154.471099853515625 152.6763763427734375 163.238616943359375 178.9233245849609375 190.4676513671875 191.870208740234375 156.623687744140625 133.9271087646484375 122.781890869140625 110.4239044189453125 103.66732025146484375 118.36409759521484375 144.2163848876953125 140.637847900390625 99.7226409912109375 349.21173095703125 357.20306396484375 345.551910400390625 318.370880126953125 305.30596923828125 320.2608642578125 332.050872802734375 333.52783203125 12.80194091796875 26.050689697265625 5.11345672607421875 2.38592529296875 1.73046875 209.91790771484375 175.543182373046875 156.17938232421875 174.999053955078125 217.583984375 243.01849365234375
18.40184783935546875 359.5361328125 0.93646240234375 9.7896728515625 350.722198486328125 348.6241455078125 17.79953765869140625 45.887439727783203125 68.47948455810546875 91.731781005859375 149.7743682861328125 209.1272735595703125 219.7679901123046875 196.0296478271484375 223.497528076171875 238.4306488037109375 222.6659088134765625 177.872802734375 154.412078857421875 153.555419921875 159.426666259765625 154.486053466796875 143.40179443359375 150.0575408935546875 179.2281494140625 205.472564697265625 192.6381072998046875 149.0670623779296875 146.7720184326171875 157.6026611328125 145.229949951171875 123.80890655517578125 121.88628387451171875 119.17472076416015625 356.8802490234375 331.881866455078125 341.9874267578125 5.9304046630859375 13.18296051025390625 335.83563232421875 310.51300048828125 314.575775146484375 324.23797607421875 339.80206298828125 12.32830810546875 23.21018218994140625 28.68349456787109375 72.1447296142578125 118.00797271728515625 168.336669921875 170.343658447265625 151.35662841796875 169.019287109375 203.02294921875 200.6881256103515625
13.6981353759765625 359.253173828125 11.344635009765625 22.81275177001953125 11.21971893310546875 23.33156585693359375 75.6916351318359375 85.47051239013671875 90.09368896484375 109.5286102294921875 143.598663330078125 179.43017578125 187.85614013671875 183.128753662109375 199.973052978515625 216.294647216796875 196.13916015625 169.497650146484375 168.1222381591796875 162.8540496826171875 154.7616424560546875 160.126617431640625 152.5430908203125 145.792449951171875 176.985107421875 208.093963623046875 175.247100830078125 141.1815643310546875 143.772918701171875 166.791961669921875 149.56976318359375 131.430419921875 124.37114715576171875 342.45379638671875 336.689056396484375 329.46893310546875 344.914337158203125 28.496978759765625 34.846057891845703125 346.920135498046875 320.340362548828125 317.328765869140625 314.07696533203125 331.453582763671875 68.16617584228515625 96.1665802001953125 108.25279998779296875 106.155670166015625 102.180419921875 17.4026947021484375 350.844879150390625 17.56691741943359375 27.35147857666015625 27.414989471435546875 188.9779510498046875
12.11812591552734375 13.32451629638671875 34.773288726806640625 51.379108428955078125 67.70200347900390625 97.30181121826171875 106.9854583740234375 88.2327117919921875 67.80068206787109375 60.3282318115234375 70.5532684326171875 112.88771820068359375 169.5662689208984375 182.9939422607421875 200.1763916015625 206.3658294677734375 187.429107666015625 172.6070556640625 179.303985595703125 172.0237884521484375 156.4253082275390625 160.54962158203125 164.9020843505859375 153.619903564453125 172.196136474609375 203.74114990234375 163.63555908203125 130.254425048828125 133.9137115478515625 154.0443267822265625 143.1676025390625 131.6100616455078125 309.661407470703125 322.9246826171875 330.795867919921875 329.29840087890625 5.31029510498046875 55.682079315185546875 42.03621673583984375 349.45123291015625 300.10650634765625 273.327392578125 230.7317352294921875 172.05145263671875 153.1632537841796875 137.915679931640625 124.44464111328125 107.99042510986328125 54.594127655029296875 332.381500244140625 337.3839111328125 2.967620849609375 18.55268096923828125 22.9755859375 23.5861053466796875
33.8316802978515625 46.1424102783203125 58.55777740478515625 72.337188720703125 87.32207489013671875 108.1407318115234375 136.219482421875 152.9832305908203125 155.407623291015625 131.802978515625 90.37578582763671875 88.83913421630859375 119.49969482421875 164.316070556640625 186.99505615234375 190.85003662109375 183.589080810546875 177.416351318359375 178.9933013916015625 177.8621826171875 168.948760986328125 162.602081298828125 172.764404296875 175.72113037109375 170.7261810302734375 193.510345458984375 164.1748046875 131.77740478515625 131.7672576904296875 139.7071990966796875 136.48101806640625 298.3304443359375 298.11785888671875 300.59625244140625 303.168609619140625 245.2523956298828125 140.733673095703125 124.4514617919921875 114.6188201904296875 156.403656005859375 203.1706695556640625 216.4273529052734375 179.51239013671875 160.30487060546875 173.885009765625 160.660064697265625 127.7277374267578125 131.024261474609375 199.141571044921875 272.80322265625 291.774627685546875 338.95953369140625 14.63848876953125 22.84537506103515625 23.50222015380859375
73.78174591064453125 75.75099945068359375 83.09513092041015625 91.80774688720703125 92.6750335693359375 93.42264556884765625 108.60483551025390625 138.64312744140625 164.6800537109375 174.05206298828125 152.809539794921875 127.8881378173828125 127.90351104736328125 147.853302001953125 174.581695556640625 183.5035400390625 179.967193603515625 176.326416015625 177.561065673828125 179.331573486328125 176.232391357421875 166.647247314453125 177.8014373779296875 197.8560333251953125 183.459075927734375 175.466156005859375 161.168365478515625 139.96832275390625 135.799591064453125 135.1393890380859375 329.740814208984375 312.991424560546875 294.76434326171875 266.5875244140625 211.49346923828125 155.11444091796875 155.686492919921875 165.2987060546875 156.064239501953125 158.1251220703125 203.32196044921875 225.2242889404296875 154.4887237548828125 149.684326171875 190.797119140625 186.31884765625 144.167694091796875 157.3621826171875 190.708648681640625 219.29559326171875 236.9717254638671875 253.01214599609375 331.57403564453125 16.098602294921875 21.841644287109375
111.5598297119140625 121.401763916015625 124.33099365234375 127.106414794921875 132.559661865234375 127.6222686767578125 117.88944244384765625 123.65554046630859375 148.9011077880859375 172.2045745849609375 164.554351806640625 147.87103271484375 139.5319976806640625 119.45441436767578125 7.59795379638671875 358.786834716796875 14.8030853271484375 25.04907989501953125 21.0032196044921875 43.15576934814453125 118.83890533447265625 136.7265625 170.451629638671875 205.071014404296875 190.252685546875 168.89019775390625 157.670135498046875 140.8088226318359375 124.85778045654296875 329.585205078125 322.3021240234375 315.02850341796875 241.025299072265625 210.63330078125 193.376190185546875 139.511322021484375 137.6486358642578125 162.5784912109375 159.80084228515625 158.240234375 218.6548309326171875 219.9912261962890625 143.4112396240234375 148.4636688232421875 212.9464874267578125 186.751953125 141.5810546875 148.50445556640625 191.89251708984375 224.14727783203125 231.5395355224609375 231.04901123046875 235.446136474609375 283.26507568359375 6.644744873046875
111.8218994140625 120.20845794677734375 119.69434356689453125 119.52761077880859375 126.5536041259765625 130.8659515380859375 119.4599151611328125 108.9892425537109375 118.8330230712890625 150.1028289794921875 155.4716949462890625 146.3099212646484375 351.123504638671875 340.57171630859375 351.2420654296875 359.937713623046875 5.60272216796875 4.3643341064453125 5.06543731689453125 16.50977325439453125 28.8431549072265625 33.874576568603515625 34.831455230712890625 3.263458251953125 193.7362060546875 147.8368377685546875 135.5287628173828125 125.04152679443359375 312.52392578125 302.20257568359375 280.619659423828125 170.1301422119140625 169.996002197265625 204.615264892578125 211.8274383544921875 133.6989898681640625 105.2095489501953125 120.5549468994140625 141.9853668212890625 156.053863525390625 211.39642333984375 203.1681976318359375 151.7429351806640625 177.5188140869140625 266.8360595703125 137.1965179443359375 134.308746337890625 141.3047332763671875 194.6118011474609375 234.9096527099609375 230.375091552734375 222.8091583251953125 221.4103546142578125 223.9645538330078125 246.6461334228515625
107.231781005859375 111.7105712890625 109.76983642578125 99.657562255859375 83.73432159423828125 65.2177886962890625 59.337005615234375 62.441070556640625 67.79062652587890625 83.83092498779296875 95.502716064453125 330.82366943359375 326.6796875 330.75390625 344.43731689453125 359.734710693359375 4.1636199951171875 2.37877655029296875 15.06679534912109375 42.68601226806640625 44.54327392578125 29.12579345703125 27.82173919677734375 27.38092041015625 29.03704833984375 68.73380279541015625 93.9296722412109375 132.5889739990234375 214.732025146484375 212.7571258544921875 183.4288330078125 158.22991943359375 174.226470947265625 218.076568603515625 215.6376190185546875 168.436676025390625 122.9119110107421875 103.06884765625 98.10855865478515625 120.6463775634765625 193.26361083984375 201.489959716796875 193.9011993408203125 275.3214111328125 305.964111328125 83.9174652099609375 102.44045257568359375 128.04193115234375 194.74755859375 231.440277099609375 219.732147216796875 218.3104400634765625 225.8675537109375 229.2146148681640625 227.839569091796875
