data/case_study_itwater/merger_s3m_by_domain/geo/Molise.txt
ncols	605
nrows	351
xllcorner	13.939416
yllcorner	41.362386
cellsize	0.002023
NODATA_value	-9999.000000
[rows 325 to 349 of 351, columns 280 to 335 of 605]
1220.400000 1145.800000 1087.060000 986.200000 926.640000 890.580000 858.850000 858.850000 830.960000 844.420000 843.940000 841.230000 846.210000 841.800000 866.780000 891.550000 921.900000 945.680000 951.070000 981.660000 981.660000 974.360000 1001.400000 1023.860000 1047.460000 1072.470000 1072.470000 1099.960000 1127.880000 1154.940000 1166.710000 1129.740000 1119.580000 1119.580000 1110.970000 1082.740000 1062.430000 1047.840000 1027.790000 1027.790000 994.990000 968.630000 934.820000 895.970000 857.180000 843.020000 843.020000 823.640000 778.090000 747.430000 723.990000 695.440000 695.440000 679.270000 669.650000 645.780000
1179.410000 1179.410000 1059.320000 967.340000 905.310000 911.930000 882.570000 882.570000 857.900000 872.970000 872.040000 865.190000 852.880000 880.940000 880.940000 901.300000 933.500000 971.940000 985.760000 1001.680000 1001.680000 1010.050000 1017.020000 1044.580000 1073.330000 1101.530000 1141.180000 1141.180000 1170.260000 1173.010000 1205.150000 1207.010000 1197.280000 1197.280000 1151.150000 1129.640000 1110.600000 1095.890000 1058.120000 1038.480000 1038.480000 1012.120000 977.420000 933.320000 885.010000 855.850000 855.850000 829.320000 790.530000 773.560000 766.080000 732.700000 690.590000 690.590000 670.960000 644.400000
1151.630000 1151.630000 1087.840000 1015.400000 933.410000 926.440000 902.970000 897.950000 897.950000 897.960000 889.670000 878.650000 860.130000 889.840000 889.840000 932.600000 974.240000 994.110000 1021.780000 1030.150000 1047.490000 1047.490000 1053.690000 1066.110000 1091.650000 1119.720000 1165.960000 1165.960000 1192.790000 1202.620000 1252.630000 1269.480000 1256.910000 1260.980000 1260.980000 1247.680000 1169.170000 1139.630000 1100.490000 1070.120000 1070.120000 1039.750000 1000.890000 941.610000 905.080000 863.140000 837.090000 837.090000 818.450000 785.220000 780.450000 752.370000 726.070000 726.070000 706.780000 648.560000
1030.120000 1021.940000 1021.940000 960.690000 952.830000 951.160000 930.510000 926.370000 926.370000 914.620000 901.510000 885.630000 872.980000 898.390000 938.570000 938.570000 973.180000 998.480000 1021.190000 1050.450000 1058.420000 1058.420000 1076.180000 1099.090000 1116.770000 1148.800000 1179.910000 1209.710000 1209.710000 1246.580000 1294.010000 1303.390000 1307.970000 1314.880000 1314.880000 1301.740000 1271.690000 1234.690000 1135.760000 1093.730000 1060.380000 1060.380000 1010.040000 972.630000 930.690000 870.400000 869.050000 869.050000 860.750000 846.110000 822.970000 790.950000 767.460000 744.700000 744.700000 701.050000
999.890000 971.710000 971.710000 959.460000 970.910000 976.120000 959.480000 946.970000 931.450000 931.450000 920.630000 901.050000 879.140000 890.660000 924.590000 924.590000 951.860000 973.170000 1001.750000 1038.520000 1076.620000 1112.860000 1092.850000 1118.260000 1150.430000 1184.740000 1204.700000 1245.710000 1245.710000 1296.780000 1322.260000 1337.190000 1337.480000 1347.520000 1342.120000 1342.120000 1318.560000 1276.900000 1219.610000 1146.660000 1099.200000 1081.960000 1030.380000 986.510000 937.630000 936.220000 917.930000 899.700000 899.700000 877.000000 849.180000 833.690000 795.160000 753.290000 753.290000 710.660000
984.500000 1008.410000 1025.840000 1025.840000 1028.370000 993.910000 984.360000 965.070000 963.150000 963.150000 948.500000 922.170000 893.760000 886.440000 911.510000 933.960000 933.960000 962.910000 994.780000 1039.270000 1080.410000 1109.010000 1109.010000 1148.980000 1174.220000 1219.240000 1241.960000 1282.310000 1326.620000 1326.620000 1343.230000 1347.700000 1345.380000 1350.760000 1351.720000 1351.720000 1340.930000 1303.390000 1256.730000 1201.380000 1136.810000 1081.710000 1081.710000 1008.330000 973.950000 967.820000 939.000000 910.930000 910.930000 897.030000 875.800000 844.900000 782.360000 719.200000 705.300000 705.300000
1025.910000 1053.520000 1060.400000 1060.400000 1056.680000 1045.280000 1028.870000 1023.140000 991.980000 967.750000 967.750000 941.440000 915.360000 899.700000 919.190000 946.970000 946.970000 969.680000 996.660000 1032.790000 1073.030000 1116.950000 1168.020000 1168.020000 1217.010000 1263.930000 1322.900000 1327.670000 1335.640000 1335.640000 1340.040000 1341.390000 1342.940000 1349.380000 1353.340000 1351.300000 1351.300000 1317.610000 1276.320000 1241.170000 1171.910000 1126.000000 1126.000000 1067.870000 1013.990000 978.970000 957.540000 926.360000 898.660000 898.660000 863.410000 834.270000 763.960000 735.150000 738.710000 738.710000
1072.450000 1092.280000 1090.210000 1088.860000 1088.860000 1075.210000 1065.520000 1067.190000 1048.130000 1015.470000 986.160000 961.160000 941.060000 920.710000 921.990000 952.550000 975.950000 975.950000 1006.800000 1042.130000 1073.290000 1123.700000 1176.110000 1176.110000 1218.320000 1278.250000 1319.320000 1346.740000 1348.580000 1339.250000 1339.250000 1335.510000 1337.660000 1344.000000 1351.350000 1355.910000 1355.910000 1347.350000 1307.220000 1281.760000 1212.370000 1172.850000 1105.320000 1105.320000 1028.680000 986.880000 946.870000 926.710000 892.780000 892.780000 849.230000 806.430000 770.600000 763.260000 767.210000 767.210000
1115.740000 1137.170000 1133.720000 1128.160000 1128.160000 1110.430000 1099.450000 1101.710000 1069.770000 1045.580000 1018.840000 1018.840000 964.610000 945.680000 939.410000 982.700000 991.060000 991.060000 1007.130000 1055.560000 1090.980000 1127.020000 1161.270000 1205.580000 1205.580000 1255.550000 1293.360000 1343.520000 1356.320000 1350.810000 1350.810000 1331.340000 1331.440000 1343.360000 1350.260000 1348.440000 1348.440000 1341.590000 1320.670000 1287.880000 1262.170000 1203.990000 1126.500000 1126.500000 1039.880000 985.480000 940.190000 898.870000 863.720000 863.720000 845.250000 808.310000 788.500000 786.450000 788.520000 780.760000
1179.200000 1218.360000 1227.260000 1183.490000 1183.490000 1130.950000 1106.150000 1123.290000 1130.020000 1107.330000 1074.740000 1074.740000 1063.250000 1079.460000 1072.410000 968.750000 996.410000 996.410000 1009.770000 1047.160000 1081.860000 1115.680000 1149.530000 1188.230000 1188.230000 1238.020000 1284.980000 1335.130000 1360.210000 1362.710000 1362.710000 1343.260000 1330.520000 1335.680000 1338.250000 1340.360000 1329.330000 1329.330000 1299.420000 1249.900000 1203.830000 1155.060000 1097.710000 1097.710000 1015.580000 967.300000 924.920000 903.730000 890.590000 870.450000 870.450000 858.560000 819.980000 808.130000 811.020000 802.540000
1248.980000 1244.410000 1236.740000 1197.270000 1193.750000 1193.750000 1196.840000 1205.290000 1217.870000 1208.010000 1194.200000 1194.200000 1201.990000 1228.510000 1234.720000 1194.740000 1150.930000 1011.350000 1011.350000 1047.710000 1078.390000 1108.460000 1148.900000 1196.560000 1196.560000 1256.180000 1294.100000 1341.430000 1374.650000 1391.660000 1368.190000 1368.190000 1343.560000 1322.080000 1303.460000 1300.100000 1324.490000 1324.490000 1264.220000 1196.910000 1143.790000 1102.250000 1053.490000 1005.910000 1005.910000 967.020000 951.230000 948.090000 937.900000 916.010000 916.010000 884.680000 875.250000 868.270000 858.930000 821.170000
1371.130000 1309.380000 1304.550000 1303.970000 1353.270000 1353.270000 1371.030000 1359.960000 1363.160000 1328.980000 1316.020000 1349.690000 1349.690000 1379.280000 1374.680000 1311.040000 1224.510000 1198.140000 1198.140000 1060.030000 1084.880000 1111.690000 1150.110000 1195.840000 1258.680000 1258.680000 1307.420000 1345.600000 1389.440000 1405.630000 -9999.000000 1385.700000 1359.810000 1333.430000 1314.610000 1279.420000 1239.970000 1199.540000 1217.110000 1190.980000 1145.860000 1083.700000 1034.830000 1007.300000 1007.300000 995.030000 987.070000 978.180000 958.620000 930.920000 912.390000 912.390000 913.290000 901.620000 883.430000 869.720000
1454.240000 1547.990000 1568.330000 1454.590000 1501.880000 1512.470000 1512.470000 1519.430000 1511.450000 1440.610000 1435.260000 1507.690000 1507.690000 1506.690000 1453.220000 1398.300000 1332.280000 1295.950000 1227.320000 1227.320000 1175.790000 1163.630000 1161.650000 1198.920000 1248.860000 1248.860000 1302.490000 1340.190000 1374.850000 -9999.000000 -9999.000000 -9999.000000 -9999.000000 -9999.000000 1281.990000 1262.100000 1221.270000 1176.950000 1176.950000 1144.210000 1118.970000 1086.030000 1050.030000 1034.510000 1022.870000 1022.870000 1011.790000 1008.870000 988.490000 958.030000 953.730000 953.730000 954.430000 930.780000 910.440000 898.800000
1503.680000 1621.810000 1689.730000 1686.520000 1665.550000 1617.520000 1617.520000 1645.430000 1656.830000 1593.100000 1553.470000 1614.860000 1569.970000 1569.970000 1532.190000 1518.780000 1440.800000 1350.800000 1299.330000 1299.330000 1256.960000 1225.250000 1202.930000 1206.250000 1228.720000 1257.430000 1257.430000 1293.220000 -9999.000000 -9999.000000 -9999.000000 -9999.000000 -9999.000000 -9999.000000 -9999.000000 -9999.000000 1217.730000 1185.040000 1157.080000 1157.080000 1145.190000 1132.670000 1101.830000 1058.190000 1043.840000 1043.840000 1038.810000 1038.820000 1013.940000 989.610000 996.500000 980.630000 980.630000 955.940000 943.510000 936.930000
1535.720000 1616.050000 1720.140000 1743.290000 1746.910000 1770.990000 1792.410000 1792.410000 1774.110000 1719.740000 1689.210000 1680.730000 1623.320000 1623.320000 1625.520000 1614.550000 1526.100000 1424.700000 1357.720000 1299.890000 1299.890000 1257.520000 1234.560000 1236.110000 1238.410000 1233.000000 1239.370000 -9999.000000 -9999.000000 -9999.000000 -9999.000000 -9999.000000 -9999.000000 -9999.000000 -9999.000000 -9999.000000 -9999.000000 1191.440000 1181.790000 1181.790000 1178.770000 1158.550000 1133.660000 1118.190000 1129.080000 1068.530000 1068.530000 1063.420000 1037.720000 1021.210000 1028.820000 1018.050000 1018.050000 1002.000000 992.880000 965.370000
1632.820000 1632.820000 1719.620000 1777.360000 1795.430000 1799.350000 -9999.000000 -9999.000000 -9999.000000 -9999.000000 -9999.000000 -9999.000000 1720.820000 1707.040000 1707.040000 1676.680000 1595.730000 1531.230000 1477.830000 1420.490000 1420.490000 1355.520000 1325.240000 1295.210000 1252.860000 -9999.000000 -9999.000000 -9999.000000 -9999.000000 -9999.000000 -9999.000000 -9999.000000 -9999.000000 -9999.000000 -9999.000000 -9999.000000 -9999.000000 -9999.000000 1215.710000 1228.040000 1228.040000 1215.280000 1176.910000 1160.540000 1192.480000 1215.870000 1215.870000 1110.290000 1077.880000 1071.920000 1072.130000 1064.600000 1047.120000 1047.120000 1018.060000 997.000000
-9999.000000 -9999.000000 -9999.000000 -9999.000000 -9999.000000 -9999.000000 -9999.000000 -9999.000000 -9999.000000 -9999.000000 -9999.000000 -9999.000000 -9999.000000 -9999.000000 -9999.000000 -9999.000000 -9999.000000 1604.450000 1569.710000 1521.880000 1489.680000 1489.680000 1448.180000 1399.640000 -9999.000000 -9999.000000 -9999.000000 -9999.000000 -9999.000000 -9999.000000 -9999.000000 -9999.000000 -9999.000000 -9999.000000 -9999.000000 -9999.000000 -9999.000000 -9999.000000 -9999.000000 1277.880000 1277.880000 1273.750000 1229.610000 1209.220000 1237.990000 1266.900000 1246.870000 1246.870000 1226.850000 1199.140000 1136.260000 1094.640000 1064.160000 1064.160000 1046.610000 1032.950000
-9999.000000 -9999.000000 -9999.000000 -9999.000000 -9999.000000 -9999.000000 -9999.000000 -9999.000000 -9999.000000 -9999.000000 -9999.000000 -9999.000000 -9999.000000 -9999.000000 -9999.000000 -9999.000000 -9999.000000 -9999.000000 -9999.000000 -9999.000000 -9999.000000 -9999.000000 1486.450000 -9999.000000 -9999.000000 -9999.000000 -9999.000000 -9999.000000 -9999.000000 -9999.000000 -9999.000000 -9999.000000 -9999.000000 -9999.000000 -9999.000000 -9999.000000 -9999.000000 -9999.000000 -9999.000000 -9999.000000 1288.110000 1288.110000 1249.790000 1260.620000 1295.700000 1287.980000 1269.120000 1269.120000 1247.140000 1205.710000 1171.110000 1144.460000 1094.630000 1072.480000 1072.480000 1062.880000
-9999.000000 -9999.000000 -9999.000000 -9999.000000 -9999.000000 -9999.000000 -9999.000000 -9999.000000 -9999.000000 -9999.000000 -9999.000000 -9999.000000 -9999.000000 -9999.000000 -9999.000000 -9999.000000 -9999.000000 -9999.000000 -9999.000000 -9999.000000 -9999.000000 -9999.000000 -9999.000000 -9999.000000 -9999.000000 -9999.000000 -9999.000000 -9999.000000 -9999.000000 -9999.000000 -9999.000000 -9999.000000 -9999.000000 -9999.000000 -9999.000000 -9999.000000 -9999.000000 -9999.000000 -9999.000000 -9999.000000 -9999.000000 1333.410000 1314.360000 1340.240000 1323.370000 1289.730000 1255.040000 1233.630000 1233.630000 1191.780000 1156.870000 1124.530000 1107.260000 1123.100000 1126.980000 1120.190000
-9999.000000 -9999.000000 -9999.000000 -9999.000000 -9999.000000 -9999.000000 -9999.000000 -9999.000000 -9999.000000 -9999.000000 -9999.000000 -9999.000000 -9999.000000 -9999.000000 -9999.000000 -9999.000000 -9999.000000 -9999.000000 -9999.000000 -9999.000000 -9999.000000 -9999.000000 -9999.000000 -9999.000000 -9999.000000 -9999.000000 -9999.000000 -9999.000000 -9999.000000 -9999.000000 -9999.000000 -9999.000000 -9999.000000 -9999.000000 -9999.000000 -9999.000000 -9999.000000 -9999.000000 -9999.000000 -9999.000000 -9999.000000 1416.160000 1416.160000 1360.430000 1302.950000 1258.940000 1220.980000 1187.070000 1187.070000 1142.730000 1114.520000 1089.540000 1076.480000 1088.740000 1128.610000 1128.610000
-9999.000000 -9999.000000 -9999.000000 -9999.000000 -9999.000000 -9999.000000 -9999.000000 -9999.000000 -9999.000000 -9999.000000 -9999.000000 -9999.000000 -9999.000000 -9999.000000 -9999.000000 -9999.000000 -9999.000000 -9999.000000 -9999.000000 -9999.000000 -9999.000000 -9999.000000 -9999.000000 -9999.000000 -9999.000000 -9999.000000 -9999.000000 -9999.000000 -9999.000000 -9999.000000 -9999.000000 -9999.000000 -9999.000000 -9999.000000 -9999.000000 -9999.000000 -9999.000000 -9999.000000 -9999.000000 -9999.000000 1452.050000 1440.860000 1440.860000 1390.940000 1315.020000 1232.680000 1184.650000 1150.350000 1113.060000 1113.060000 1094.640000 1083.780000 1061.880000 1052.410000 1086.880000 1086.880000
-9999.000000 -9999.000000 -9999.000000 -9999.000000 -9999.000000 -9999.000000 -9999.000000 -9999.000000 -9999.000000 -9999.000000 -9999.000000 -9999.000000 -9999.000000 -9999.000000 -9999.000000 -9999.000000 -9999.000000 -9999.000000 -9999.000000 -9999.000000 -9999.000000 -9999.000000 -9999.000000 -9999.000000 -9999.000000 -9999.000000 -9999.000000 -9999.000000 -9999.000000 -9999.000000 -9999.000000 -9999.000000 -9999.000000 -9999.000000 -9999.000000 -9999.000000 -9999.000000 -9999.000000 -9999.000000 1411.860000 1400.830000 1386.990000 1369.010000 1394.900000 1348.890000 1282.440000 1191.950000 1127.980000 1093.230000 1093.230000 1079.160000 1076.280000 1051.870000 1016.050000 1029.770000 1044.660000
-9999.000000 -9999.000000 -9999.000000 -9999.000000 -9999.000000 -9999.000000 -9999.000000 -9999.000000 -9999.000000 -9999.000000 -9999.000000 -9999.000000 -9999.000000 -9999.000000 -9999.000000 -9999.000000 -9999.000000 -9999.000000 -9999.000000 -9999.000000 -9999.000000 -9999.000000 -9999.000000 -9999.000000 -9999.000000 -9999.000000 -9999.000000 -9999.000000 -9999.000000 -9999.000000 -9999.000000 -9999.000000 -9999.000000 -9999.000000 -9999.000000 -9999.000000 -9999.000000 -9999.000000 -9999.000000 -9999.000000 -9999.000000 -9999.000000 1347.110000 1347.110000 1338.010000 1295.020000 1226.370000 1141.120000 1087.960000 1067.160000 1067.160000 1056.780000 1036.370000 991.490000 966.860000 -9999.000000
-9999.000000 -9999.000000 -9999.000000 -9999.000000 -9999.000000 -9999.000000 -9999.000000 -9999.000000 -9999.000000 -9999.000000 -9999.000000 -9999.000000 -9999.000000 -9999.000000 -9999.000000 -9999.000000 -9999.000000 -9999.000000 -9999.000000 -9999.000000 -9999.000000 -9999.000000 -9999.000000 -9999.000000 -9999.000000 -9999.000000 -9999.000000 -9999.000000 -9999.000000 -9999.000000 -9999.000000 -9999.000000 -9999.000000 -9999.000000 -9999.000000 -9999.000000 -9999.000000 -9999.000000 -9999.000000 -9999.000000 -9999.000000 -9999.000000 -9999.000000 -9999.000000 -9999.000000 1301.960000 1278.580000 1168.250000 1097.070000 1063.040000 1063.040000 1037.590000 1012.720000 -9999.000000 -9999.000000 -9999.000000
-9999.000000 -9999.000000 -9999.000000 -9999.000000 -9999.000000 -9999.000000 -9999.000000 -9999.000000 -9999.000000 -9999.000000 -9999.000000 -9999.000000 -9999.000000 -9999.000000 -9999.000000 -9999.000000 -9999.000000 -9999.000000 -9999.000000 -9999.000000 -9999.000000 -9999.000000 -9999.000000 -9999.000000 -9999.000000 -9999.000000 -9999.000000 -9999.000000 -9999.000000 -9999.000000 -9999.000000 -9999.000000 -9999.000000 -9999.000000 -9999.000000 -9999.000000 -9999.000000 -9999.000000 -9999.000000 -9999.000000 -9999.000000 -9999.000000 -9999.000000 -9999.000000 -9999.000000 -9999.000000 -9999.000000 1210.790000 1181.630000 1086.350000 -9999.000000 -9999.000000 -9999.000000 -9999.000000 -9999.000000 -9999.000000
