data/case_study_itwater/merger_s3m_by_domain/geo/Molise.txt
ncols	605
nrows	351
xllcorner	13.939416
yllcorner	41.362386
cellsize	0.002023
NODATA_value	-9999.000000
[rows 275 to 299 of 351, columns 336 to 391 of 605]
811.880000 805.600000 818.170000 821.450000 839.080000 839.080000 850.010000 848.390000 825.430000 789.330000 803.890000 803.890000 809.470000 815.330000 796.670000 766.100000 731.840000 707.090000 707.090000 708.500000 689.500000 664.870000 654.100000 630.790000 630.790000 588.490000 559.140000 546.990000 530.780000 522.180000 507.120000 507.120000 509.120000 507.660000 500.090000 499.750000 496.750000 496.750000 488.350000 478.490000 466.950000 453.330000 452.670000 452.670000 453.650000 449.640000 454.260000 468.440000 489.450000 503.230000 503.230000 524.590000 568.700000 610.920000 626.720000 630.830000
830.460000 821.590000 826.210000 840.090000 860.290000 860.290000 874.810000 857.240000 846.870000 853.200000 855.280000 867.800000 841.150000 845.960000 827.530000 780.100000 757.040000 732.410000 732.410000 714.770000 690.960000 665.290000 631.690000 595.100000 574.000000 574.000000 576.590000 585.110000 595.960000 592.890000 532.560000 532.560000 504.120000 502.710000 492.090000 480.440000 480.890000 480.890000 476.740000 472.480000 467.870000 462.040000 461.770000 469.320000 469.320000 469.780000 477.790000 473.160000 493.100000 520.380000 520.380000 542.610000 579.600000 615.960000 643.490000 639.790000
852.650000 848.800000 837.450000 855.240000 894.630000 904.040000 904.040000 871.410000 877.340000 894.260000 897.050000 898.780000 898.780000 877.900000 836.840000 795.780000 764.080000 732.330000 708.500000 708.500000 686.100000 659.950000 634.580000 617.010000 611.210000 611.210000 601.410000 587.410000 567.080000 554.660000 538.250000 518.700000 544.920000 541.220000 517.150000 489.130000 472.940000 474.560000 474.560000 474.000000 479.230000 479.070000 479.730000 488.750000 488.750000 477.270000 477.470000 501.020000 523.480000 526.040000 553.360000 553.360000 585.200000 622.780000 654.460000 641.650000
873.750000 875.580000 853.700000 871.280000 913.980000 912.690000 912.690000 886.460000 892.640000 929.560000 960.310000 946.530000 902.520000 902.520000 863.900000 819.770000 765.470000 737.660000 714.820000 714.820000 691.030000 665.410000 643.210000 621.700000 597.210000 577.180000 577.180000 554.870000 537.260000 524.490000 511.910000 507.570000 507.570000 500.100000 504.460000 486.370000 479.160000 480.980000 480.980000 491.850000 503.790000 504.300000 501.090000 503.910000 496.630000 496.630000 481.490000 499.130000 531.170000 564.240000 585.620000 571.720000 599.100000 623.800000 638.640000 618.240000
870.930000 893.470000 876.110000 889.180000 919.160000 922.550000 909.740000 909.740000 912.890000 932.580000 969.450000 966.700000 914.510000 914.510000 876.950000 835.050000 804.060000 769.550000 739.870000 691.410000 691.410000 655.130000 637.190000 619.360000 610.940000 593.980000 593.980000 585.100000 558.850000 524.540000 536.640000 524.790000 524.790000 517.160000 529.430000 522.960000 493.860000 494.530000 504.580000 504.580000 523.290000 527.020000 520.840000 520.790000 513.680000 513.680000 497.290000 510.750000 539.930000 576.230000 602.400000 619.260000 619.260000 621.640000 622.580000 601.250000
846.230000 846.230000 888.030000 897.060000 908.640000 914.150000 923.250000 923.250000 941.380000 965.810000 980.300000 965.410000 917.950000 889.190000 889.190000 863.470000 819.870000 787.200000 761.400000 742.530000 742.530000 685.370000 678.820000 663.550000 643.180000 618.860000 618.860000 587.760000 548.300000 533.270000 542.960000 532.180000 556.680000 556.680000 551.080000 529.270000 516.750000 525.210000 517.920000 517.920000 529.940000 544.320000 540.070000 544.060000 528.300000 513.380000 513.380000 540.030000 574.610000 593.930000 615.910000 624.890000 624.890000 617.270000 611.840000 632.330000
837.510000 837.510000 850.890000 860.240000 872.520000 900.510000 919.540000 938.550000 938.550000 953.590000 973.000000 943.610000 913.840000 892.120000 892.120000 862.520000 824.510000 793.320000 757.230000 725.700000 699.080000 699.080000 670.950000 651.390000 622.850000 592.730000 557.640000 557.640000 540.650000 552.540000 545.540000 566.280000 579.560000 579.560000 561.360000 547.180000 531.300000 531.960000 566.570000 576.070000 552.290000 558.000000 557.830000 558.380000 540.750000 531.550000 531.550000 559.120000 593.680000 613.120000 625.780000 623.400000 619.450000 619.450000 624.150000 644.200000
811.600000 837.090000 837.090000 847.800000 857.510000 866.340000 883.210000 920.000000 920.000000 935.470000 951.250000 916.620000 893.710000 872.170000 843.060000 843.060000 812.230000 780.610000 753.050000 722.360000 673.270000 673.270000 633.330000 593.610000 585.550000 563.140000 549.990000 549.990000 561.110000 576.040000 568.530000 585.640000 595.430000 573.910000 573.910000 557.760000 550.170000 553.020000 577.540000 602.760000 602.760000 605.980000 600.500000 574.300000 556.240000 553.670000 586.510000 586.510000 610.220000 632.950000 632.300000 624.050000 623.170000 623.170000 629.550000 654.400000
779.120000 795.510000 795.510000 811.910000 832.400000 844.790000 865.690000 888.340000 897.170000 919.840000 926.280000 889.950000 858.170000 832.740000 808.620000 808.620000 794.510000 764.990000 720.470000 697.770000 669.000000 669.000000 616.120000 601.470000 637.480000 638.810000 635.700000 581.050000 581.050000 605.780000 610.680000 605.080000 606.370000 589.570000 589.570000 573.140000 581.060000 592.340000 590.780000 612.560000 625.750000 625.750000 622.230000 625.430000 627.390000 576.720000 599.800000 599.800000 634.370000 657.010000 641.690000 625.100000 625.570000 634.880000 634.880000 659.380000
761.640000 779.500000 797.320000 797.320000 813.830000 830.950000 850.790000 862.400000 869.340000 869.340000 868.200000 846.950000 829.430000 810.940000 781.290000 759.210000 759.210000 745.970000 700.500000 667.010000 639.820000 626.200000 626.200000 634.360000 670.660000 673.500000 673.590000 638.600000 638.600000 661.920000 632.380000 632.060000 616.950000 604.120000 593.730000 593.730000 605.020000 623.120000 626.610000 616.610000 635.820000 635.820000 647.090000 656.000000 674.850000 652.850000 649.540000 651.720000 651.720000 675.690000 657.600000 627.390000 632.350000 649.950000 649.950000 668.570000
764.870000 772.920000 787.410000 787.410000 808.020000 823.550000 833.670000 839.010000 841.460000 836.030000 836.030000 821.500000 812.740000 794.790000 760.780000 730.240000 730.240000 703.410000 673.940000 655.720000 654.200000 687.730000 687.730000 668.310000 697.150000 719.300000 701.850000 672.730000 681.360000 681.360000 689.370000 684.020000 631.140000 626.610000 612.780000 612.780000 621.570000 644.390000 653.960000 647.670000 660.280000 678.270000 678.270000 679.680000 699.690000 690.590000 683.220000 700.600000 700.600000 686.180000 654.840000 636.180000 644.370000 657.050000 680.790000 680.790000
765.660000 768.730000 774.160000 804.870000 804.870000 818.980000 815.910000 814.290000 816.660000 815.810000 815.810000 806.690000 802.480000 800.970000 768.670000 723.790000 717.040000 684.940000 679.550000 686.230000 714.780000 734.000000 716.060000 716.060000 732.270000 752.330000 714.910000 712.070000 708.700000 708.700000 707.650000 678.650000 665.450000 680.160000 634.540000 637.920000 637.920000 656.060000 677.470000 685.850000 694.970000 702.780000 702.780000 701.020000 725.700000 745.870000 720.010000 711.840000 690.300000 690.300000 665.150000 645.610000 654.240000 668.290000 689.270000 689.270000
758.580000 764.290000 770.370000 804.570000 804.570000 824.380000 820.820000 796.450000 797.780000 799.040000 800.020000 800.020000 794.850000 799.940000 774.390000 749.660000 755.800000 755.800000 742.510000 713.480000 738.770000 770.960000 759.550000 759.550000 771.810000 762.990000 745.950000 743.880000 737.730000 713.220000 713.220000 687.040000 692.220000 695.620000 688.000000 700.100000 669.360000 666.280000 690.360000 711.730000 733.960000 728.000000 730.440000 730.440000 750.360000 776.480000 765.090000 724.780000 698.660000 698.660000 684.230000 665.750000 664.880000 672.130000 703.670000 736.000000
750.750000 764.030000 775.730000 790.060000 801.320000 801.320000 795.050000 783.970000 781.500000 781.600000 781.710000 781.710000 783.830000 795.140000 792.920000 789.690000 797.570000 797.570000 799.040000 791.080000 806.620000 796.190000 791.460000 796.860000 796.860000 781.280000 780.210000 770.970000 747.090000 716.680000 716.680000 713.130000 732.840000 715.300000 716.550000 732.250000 718.520000 718.520000 715.860000 740.260000 764.700000 756.090000 755.750000 755.750000 779.110000 793.780000 784.150000 747.420000 715.940000 700.520000 700.520000 678.500000 683.680000 704.390000 723.440000 741.770000
751.460000 762.380000 773.670000 787.900000 782.780000 782.780000 779.890000 777.660000 773.510000 771.050000 770.370000 770.370000 780.080000 779.340000 797.910000 814.960000 825.920000 841.810000 841.810000 835.870000 843.280000 852.560000 851.280000 815.420000 815.420000 804.430000 810.910000 793.690000 755.490000 749.050000 753.120000 753.120000 758.240000 741.550000 750.690000 762.100000 757.500000 757.500000 759.220000 770.480000 778.580000 784.540000 780.720000 795.650000 795.650000 817.930000 806.440000 767.400000 734.640000 719.320000 719.320000 689.900000 695.850000 720.500000 744.540000 759.720000
751.900000 765.020000 774.680000 785.310000 786.720000 786.720000 773.560000 775.960000 773.470000 763.410000 759.060000 767.350000 767.350000 764.220000 779.150000 797.130000 826.850000 844.100000 844.100000 859.410000 872.770000 878.930000 871.870000 857.590000 850.660000 833.920000 826.980000 802.280000 781.630000 786.880000 792.360000 792.360000 787.350000 777.210000 778.670000 784.840000 778.920000 783.900000 783.900000 802.260000 807.460000 827.350000 811.400000 821.090000 821.090000 849.570000 833.450000 803.180000 762.690000 733.660000 706.080000 706.080000 709.670000 736.090000 758.150000 782.200000
750.120000 762.440000 771.460000 778.530000 783.270000 774.790000 774.790000 765.500000 752.780000 753.760000 750.620000 753.220000 753.220000 751.150000 771.310000 796.480000 814.610000 830.230000 849.320000 849.320000 866.510000 872.440000 858.900000 849.030000 851.380000 851.380000 845.210000 813.420000 803.930000 827.770000 836.340000 827.880000 827.880000 820.240000 814.690000 806.180000 797.260000 802.450000 802.450000 823.670000 841.070000 862.220000 883.770000 895.170000 897.630000 873.700000 853.040000 827.760000 791.200000 748.360000 723.720000 723.720000 721.650000 759.970000 780.580000 800.710000
744.470000 753.290000 762.190000 767.990000 773.930000 772.620000 772.620000 765.590000 760.620000 767.520000 757.930000 746.700000 748.910000 748.910000 763.550000 777.580000 799.900000 818.220000 831.350000 831.350000 843.130000 848.530000 841.200000 836.930000 849.970000 850.300000 850.300000 851.260000 851.640000 837.720000 851.310000 849.550000 849.550000 847.540000 842.700000 826.240000 809.850000 804.810000 820.770000 820.770000 839.300000 854.860000 878.570000 895.990000 898.840000 898.840000 884.550000 844.930000 811.000000 771.690000 741.220000 749.610000 749.610000 781.600000 806.430000 810.990000
737.690000 750.330000 756.870000 759.890000 770.540000 768.730000 772.280000 772.280000 777.830000 792.460000 809.780000 782.860000 744.360000 744.360000 747.540000 769.780000 777.580000 784.510000 803.170000 819.680000 819.680000 824.840000 817.400000 825.190000 845.690000 850.800000 850.800000 857.770000 856.480000 845.660000 830.630000 826.000000 846.340000 846.340000 833.100000 818.850000 800.170000 791.560000 805.500000 805.500000 819.780000 826.520000 841.200000 857.690000 873.540000 882.120000 882.120000 867.160000 843.330000 793.060000 764.460000 777.610000 777.610000 803.510000 820.110000 820.370000
745.290000 745.290000 749.030000 750.230000 757.430000 755.760000 764.780000 764.780000 771.100000 787.270000 811.270000 806.470000 771.610000 741.860000 741.860000 728.030000 752.280000 753.800000 776.990000 801.800000 801.800000 807.290000 798.100000 811.280000 833.260000 846.040000 852.920000 852.920000 849.970000 844.710000 821.780000 804.590000 797.790000 797.790000 812.450000 799.980000 783.430000 778.710000 790.780000 798.700000 798.700000 806.870000 814.120000 828.230000 850.640000 871.020000 871.020000 875.600000 866.470000 839.470000 816.140000 801.080000 833.210000 833.210000 842.060000 833.640000
730.470000 730.470000 734.000000 734.210000 740.880000 735.210000 745.410000 757.750000 757.750000 775.510000 791.460000 792.710000 764.160000 729.140000 729.140000 724.600000 721.200000 722.430000 754.920000 779.240000 785.160000 785.160000 781.170000 803.110000 808.000000 822.120000 826.160000 826.160000 828.230000 831.970000 812.220000 790.180000 775.830000 777.690000 777.690000 779.910000 774.180000 767.520000 771.000000 777.530000 777.530000 788.110000 795.800000 805.260000 822.610000 853.300000 876.670000 876.670000 878.300000 862.690000 843.830000 837.110000 859.810000 850.010000 855.460000 850.060000
695.570000 696.470000 715.860000 715.230000 717.470000 714.530000 722.300000 737.730000 737.730000 761.160000 782.090000 792.560000 766.120000 753.340000 724.670000 724.670000 707.670000 705.410000 713.360000 729.040000 748.600000 760.150000 772.040000 790.580000 784.520000 792.070000 792.440000 805.640000 805.640000 814.710000 804.220000 782.520000 759.760000 756.560000 756.560000 757.420000 752.740000 736.440000 750.870000 760.560000 767.190000 767.190000 775.810000 782.480000 798.620000 834.070000 873.330000 873.330000 885.680000 885.130000 869.980000 863.210000 869.680000 869.680000 884.270000 866.790000
681.040000 683.700000 683.700000 678.570000 698.810000 696.180000 697.450000 698.510000 722.430000 722.430000 769.680000 797.520000 797.410000 783.590000 752.040000 752.040000 721.040000 701.180000 705.260000 721.240000 733.480000 750.940000 750.940000 771.250000 764.460000 765.840000 766.170000 786.760000 786.760000 790.420000 792.070000 781.660000 756.720000 732.290000 730.190000 730.190000 733.810000 725.360000 727.600000 727.800000 752.420000 752.420000 760.070000 769.460000 781.050000 815.900000 868.860000 889.330000 889.330000 899.760000 893.750000 890.960000 886.110000 899.380000 899.380000 896.780000
675.580000 676.760000 671.180000 671.180000 684.590000 691.510000 682.060000 681.650000 691.700000 691.700000 724.960000 761.940000 789.940000 780.740000 758.190000 734.610000 734.610000 701.910000 699.740000 704.540000 711.270000 726.450000 726.450000 727.820000 716.210000 736.650000 750.410000 762.680000 764.170000 764.170000 776.200000 779.320000 760.320000 722.230000 707.910000 707.910000 719.260000 706.310000 696.010000 698.550000 721.350000 721.880000 748.180000 747.730000 763.580000 805.100000 863.500000 888.750000 888.750000 916.460000 918.500000 920.370000 921.970000 922.800000 922.800000 925.040000
662.340000 668.710000 661.810000 661.810000 682.350000 700.370000 700.870000 689.790000 673.530000 685.790000 685.790000 710.820000 736.440000 750.060000 744.120000 730.980000 730.980000 709.830000 687.520000 680.910000 692.030000 701.280000 705.500000 705.500000 696.190000 704.200000 712.490000 732.580000 746.630000 746.630000 764.750000 771.230000 756.730000 729.330000 704.540000 703.180000 703.180000 691.720000 665.830000 679.370000 697.340000 703.290000 703.290000 731.770000 756.840000 797.850000 847.970000 903.600000 903.600000 945.750000 951.510000 952.890000 962.090000 948.670000 943.470000 943.470000
