data/case_study_itwater/merger_s3m_by_domain/geo/Molise.txt
ncols	605
nrows	351
xllcorner	13.939416
yllcorner	41.362386
cellsize	0.002023
NODATA_value	-9999.000000
[rows 250 to 274 of 351, columns 392 to 447 of 605]
552.470000 552.470000 552.970000 546.520000 541.540000 527.340000 529.230000 510.060000 510.060000 470.260000 439.220000 420.860000 418.460000 431.880000 431.880000 457.010000 460.020000 452.900000 421.180000 373.590000 373.590000 350.840000 368.350000 350.990000 348.020000 346.410000 346.270000 346.270000 334.520000 325.000000 323.650000 330.690000 340.650000 340.650000 356.120000 351.500000 406.590000 390.020000 404.160000 371.280000 371.280000 346.480000 324.920000 306.880000 301.410000 298.480000 298.480000 304.070000 322.460000 323.510000 318.010000 360.620000 360.620000 366.580000 340.010000 346.780000
573.470000 572.830000 572.830000 561.800000 547.350000 522.640000 499.850000 503.930000 503.930000 486.550000 479.770000 458.950000 411.160000 401.830000 401.830000 415.600000 416.200000 409.190000 378.710000 350.250000 350.460000 350.460000 364.410000 368.900000 345.760000 338.930000 330.500000 330.500000 331.330000 346.970000 351.450000 370.860000 375.570000 415.770000 415.770000 383.920000 426.910000 450.760000 447.670000 443.960000 443.960000 436.810000 370.610000 348.530000 325.350000 310.740000 310.740000 301.450000 297.240000 294.040000 289.910000 301.960000 315.390000 315.390000 316.400000 311.570000
579.190000 580.220000 580.220000 572.030000 544.380000 516.210000 493.180000 472.420000 472.420000 504.830000 514.040000 488.930000 441.640000 410.480000 392.290000 392.290000 379.820000 371.010000 351.760000 346.200000 354.640000 354.640000 385.600000 402.850000 415.890000 406.140000 349.940000 369.520000 369.520000 390.900000 392.990000 408.720000 410.670000 447.040000 447.040000 421.360000 432.090000 491.130000 493.320000 477.680000 473.650000 473.650000 433.180000 418.690000 362.320000 345.690000 319.170000 319.170000 298.670000 292.950000 289.730000 282.050000 276.540000 276.540000 284.580000 281.940000
575.950000 582.530000 573.420000 573.420000 554.550000 533.570000 509.680000 485.130000 453.890000 453.890000 460.370000 495.010000 440.060000 404.030000 396.870000 396.870000 377.290000 353.590000 348.700000 347.830000 364.500000 398.900000 398.900000 417.670000 424.930000 403.170000 366.060000 392.150000 392.150000 420.630000 430.570000 449.180000 452.150000 475.050000 458.110000 458.110000 467.440000 514.040000 524.560000 511.590000 497.830000 497.830000 472.760000 469.320000 437.980000 364.030000 323.670000 323.670000 300.380000 316.860000 324.590000 320.720000 297.860000 287.440000 287.440000 285.690000
570.970000 577.250000 574.050000 574.050000 557.230000 534.640000 511.950000 495.960000 459.090000 459.090000 434.690000 436.920000 431.970000 390.870000 372.060000 360.690000 360.690000 350.370000 354.300000 368.840000 388.630000 413.520000 413.520000 432.920000 426.700000 396.440000 378.510000 398.050000 444.810000 444.810000 486.440000 483.990000 494.350000 513.470000 493.080000 493.080000 494.550000 531.160000 562.080000 550.510000 541.700000 541.700000 517.110000 488.840000 418.760000 363.670000 306.410000 333.910000 306.550000 370.710000 371.780000 374.360000 336.460000 320.720000 320.720000 313.280000
542.130000 556.060000 551.800000 547.480000 547.480000 532.400000 507.020000 489.310000 469.670000 465.400000 465.400000 463.630000 434.090000 408.740000 376.100000 350.010000 350.010000 355.880000 381.740000 399.390000 416.450000 429.270000 447.120000 447.120000 427.860000 392.290000 410.060000 417.410000 444.170000 444.170000 485.960000 521.660000 556.010000 547.600000 525.910000 529.950000 529.950000 555.900000 578.250000 568.570000 529.620000 487.530000 487.530000 444.510000 409.080000 351.710000 303.540000 332.020000 332.020000 389.160000 416.670000 393.050000 364.110000 354.620000 344.570000 344.570000
509.310000 527.830000 525.460000 518.710000 518.710000 520.500000 505.070000 494.980000 481.160000 475.150000 475.150000 455.560000 434.810000 417.680000 388.540000 363.110000 368.020000 368.020000 389.160000 416.040000 436.560000 447.780000 453.830000 453.830000 430.580000 407.290000 411.060000 438.570000 451.370000 471.860000 471.860000 505.810000 541.520000 569.990000 584.500000 563.600000 563.600000 575.630000 566.830000 535.420000 493.240000 449.510000 449.510000 412.830000 377.750000 343.910000 311.310000 345.030000 383.670000 383.670000 432.220000 458.280000 401.880000 391.870000 382.620000 382.620000
441.270000 455.500000 501.300000 489.010000 489.010000 496.150000 476.350000 475.160000 471.100000 474.370000 459.240000 459.240000 440.530000 413.670000 384.010000 371.070000 374.780000 374.780000 393.150000 418.070000 444.550000 465.240000 467.490000 459.660000 459.660000 440.450000 415.030000 433.010000 449.700000 474.410000 474.410000 507.000000 546.470000 584.970000 602.510000 592.290000 563.380000 570.960000 544.980000 514.950000 479.310000 444.370000 409.920000 409.920000 374.430000 344.340000 325.330000 352.330000 421.690000 421.690000 459.020000 485.600000 473.510000 467.370000 419.790000 397.220000
440.100000 438.930000 431.300000 426.980000 422.400000 452.590000 448.810000 447.600000 461.650000 473.080000 450.440000 450.440000 432.510000 403.770000 377.740000 374.940000 395.490000 393.370000 393.370000 413.230000 434.720000 458.690000 481.690000 483.590000 483.590000 468.180000 445.850000 467.010000 469.200000 484.070000 506.940000 506.940000 548.720000 585.360000 601.220000 593.610000 559.230000 559.230000 519.840000 489.680000 467.620000 444.530000 409.600000 409.600000 372.460000 330.930000 332.720000 378.440000 428.870000 468.050000 468.050000 493.920000 505.490000 505.210000 474.260000 450.300000
473.250000 473.410000 451.160000 433.370000 421.550000 421.550000 412.810000 419.680000 438.530000 450.860000 433.850000 407.390000 407.390000 379.110000 375.010000 388.000000 420.140000 418.620000 418.620000 411.760000 431.840000 457.520000 484.890000 507.960000 490.220000 490.220000 473.910000 498.320000 498.110000 518.970000 520.200000 520.200000 545.900000 584.220000 602.040000 595.590000 563.080000 526.300000 526.300000 481.600000 441.970000 407.500000 381.620000 349.930000 349.930000 337.770000 355.470000 381.780000 414.660000 448.260000 448.260000 487.370000 535.370000 524.480000 478.590000 455.070000
499.750000 500.570000 477.740000 463.750000 462.750000 448.090000 448.090000 413.690000 399.950000 414.420000 407.120000 388.630000 388.630000 374.220000 391.880000 433.390000 443.570000 430.710000 422.020000 422.020000 443.230000 472.940000 494.330000 516.440000 533.950000 533.950000 500.460000 529.220000 531.980000 553.030000 558.100000 567.890000 567.890000 595.640000 607.830000 583.790000 551.100000 518.860000 518.860000 487.770000 470.530000 451.010000 418.030000 379.230000 358.880000 357.000000 378.570000 398.270000 436.080000 482.150000 520.190000 520.190000 548.110000 525.350000 490.230000 472.460000
540.860000 530.590000 506.530000 497.840000 485.930000 464.320000 464.320000 440.540000 421.610000 398.000000 376.190000 372.570000 380.580000 380.580000 414.200000 443.150000 455.180000 446.140000 431.910000 431.910000 455.720000 481.030000 511.600000 533.320000 549.650000 551.700000 551.700000 567.890000 571.330000 582.680000 592.500000 600.450000 600.450000 620.650000 624.560000 597.260000 570.910000 543.670000 543.670000 517.170000 488.750000 466.640000 438.300000 418.830000 389.170000 389.170000 399.550000 430.670000 469.450000 517.090000 552.130000 552.130000 555.560000 526.840000 507.900000 494.890000
538.140000 530.880000 508.380000 487.540000 476.380000 461.410000 436.840000 436.840000 417.730000 392.780000 381.200000 406.380000 441.790000 416.500000 428.770000 450.940000 468.470000 464.290000 452.420000 465.670000 465.670000 501.970000 527.270000 547.330000 562.010000 574.720000 574.720000 576.920000 610.920000 628.860000 648.520000 642.900000 648.630000 648.630000 642.880000 620.260000 591.450000 567.770000 531.680000 531.680000 503.990000 469.880000 455.910000 444.460000 426.640000 426.640000 416.050000 454.830000 468.370000 509.880000 547.630000 566.130000 566.130000 545.920000 524.760000 509.280000
504.730000 504.730000 489.480000 466.250000 451.110000 442.330000 416.100000 416.100000 399.560000 394.590000 411.360000 451.650000 469.520000 489.750000 489.750000 471.160000 496.020000 486.700000 480.160000 472.820000 472.820000 496.910000 535.880000 558.100000 571.300000 591.550000 598.910000 598.910000 613.780000 634.380000 646.640000 644.140000 640.150000 651.200000 639.910000 615.320000 597.570000 573.370000 539.700000 539.700000 511.140000 486.360000 470.820000 456.950000 451.230000 434.990000 434.990000 455.760000 491.530000 528.410000 552.360000 585.230000 585.230000 570.520000 550.520000 533.330000
474.430000 474.430000 462.530000 436.510000 417.530000 408.120000 400.410000 398.750000 398.750000 407.380000 441.320000 485.850000 509.530000 510.660000 510.660000 507.710000 501.520000 497.630000 500.180000 499.930000 500.980000 500.980000 532.730000 565.570000 588.110000 602.590000 617.140000 617.140000 629.620000 635.650000 627.730000 610.650000 610.670000 601.110000 601.110000 588.660000 573.490000 562.400000 544.350000 516.710000 516.710000 499.770000 480.280000 453.280000 452.480000 451.910000 451.910000 485.850000 507.990000 520.880000 542.030000 577.560000 591.490000 591.490000 581.600000 559.300000
414.160000 405.250000 423.190000 400.350000 396.470000 398.320000 399.700000 406.370000 406.370000 444.900000 490.520000 517.850000 530.660000 525.140000 517.160000 517.160000 514.300000 522.550000 547.900000 561.260000 524.160000 524.160000 537.860000 573.350000 598.100000 619.350000 629.810000 641.200000 641.200000 642.460000 613.930000 577.590000 563.910000 574.260000 574.260000 544.940000 503.600000 520.860000 504.770000 485.050000 485.050000 472.430000 458.700000 464.590000 480.640000 483.390000 515.280000 515.280000 534.460000 542.970000 559.780000 580.640000 609.820000 609.820000 610.950000 596.290000
415.540000 415.000000 415.000000 427.370000 400.870000 415.760000 413.980000 407.610000 445.490000 445.490000 476.430000 496.920000 510.800000 522.810000 518.510000 518.510000 532.800000 544.250000 563.170000 578.290000 561.100000 575.990000 558.230000 576.080000 601.610000 621.080000 631.450000 636.830000 636.830000 638.090000 625.090000 584.590000 540.850000 526.280000 526.280000 516.290000 499.580000 495.750000 505.830000 480.820000 482.590000 482.590000 480.310000 489.810000 511.800000 520.900000 540.190000 540.190000 555.020000 569.280000 587.130000 613.510000 642.050000 643.240000 643.240000 642.580000
440.190000 452.950000 460.050000 460.050000 425.620000 463.260000 476.790000 420.260000 422.920000 422.920000 443.440000 454.400000 470.150000 494.990000 490.650000 531.670000 531.670000 565.800000 570.280000 590.750000 582.580000 595.200000 595.200000 599.330000 600.670000 614.980000 618.630000 619.990000 619.020000 619.020000 610.590000 577.520000 543.560000 507.860000 502.140000 502.140000 525.430000 533.300000 555.330000 563.250000 571.310000 524.440000 533.480000 529.140000 536.440000 541.780000 564.930000 577.240000 577.240000 585.320000 613.730000 650.390000 649.780000 613.950000 613.950000 584.780000
480.240000 483.810000 472.210000 472.210000 429.220000 473.730000 495.810000 490.800000 501.900000 446.240000 446.240000 451.250000 453.090000 459.050000 496.620000 533.090000 533.090000 571.140000 592.050000 617.040000 607.360000 607.300000 603.740000 603.740000 608.860000 618.510000 604.390000 591.240000 588.960000 588.960000 585.400000 557.670000 518.840000 501.530000 521.570000 521.570000 554.980000 568.830000 590.150000 600.510000 600.050000 583.460000 583.460000 556.580000 574.340000 554.740000 580.970000 605.930000 605.930000 611.110000 640.830000 681.010000 680.960000 639.240000 582.500000 582.500000
504.570000 517.820000 487.520000 451.630000 451.630000 457.770000 503.430000 515.580000 525.150000 542.240000 542.240000 510.240000 489.010000 472.670000 507.210000 538.600000 568.770000 568.770000 612.960000 625.490000 619.340000 616.710000 616.150000 616.150000 617.740000 633.200000 632.510000 617.400000 582.060000 560.930000 560.930000 536.090000 508.020000 509.470000 541.910000 568.910000 568.910000 593.480000 608.260000 619.700000 628.100000 606.130000 606.130000 601.720000 628.020000 604.940000 594.180000 625.450000 640.520000 640.520000 651.210000 692.430000 678.900000 625.060000 574.220000 574.220000
530.760000 542.970000 516.800000 474.680000 474.680000 454.310000 500.010000 519.950000 532.560000 550.420000 565.450000 565.450000 547.600000 498.350000 509.970000 534.270000 559.700000 559.700000 593.600000 614.190000 619.700000 625.550000 628.720000 624.680000 624.680000 633.920000 621.820000 604.020000 592.000000 575.370000 571.540000 548.670000 522.300000 513.640000 552.060000 583.370000 583.370000 608.310000 623.260000 643.030000 649.690000 617.500000 623.660000 623.660000 646.540000 631.650000 629.110000 648.780000 655.820000 655.820000 659.720000 657.550000 618.840000 588.180000 572.540000 543.150000
550.550000 544.220000 518.790000 476.180000 462.010000 462.010000 504.440000 538.670000 554.780000 562.780000 583.940000 583.940000 580.730000 570.530000 566.160000 533.010000 567.070000 590.020000 590.020000 607.010000 621.120000 629.760000 635.390000 636.070000 636.070000 638.150000 621.290000 604.190000 582.110000 558.140000 558.140000 543.530000 522.080000 520.520000 554.490000 590.960000 621.600000 621.600000 637.620000 650.480000 642.290000 619.350000 641.290000 641.290000 650.160000 644.790000 643.830000 658.620000 673.130000 659.220000 651.540000 622.820000 592.940000 574.450000 546.020000 512.350000
573.780000 574.810000 536.620000 477.520000 491.200000 491.200000 527.280000 546.980000 571.030000 599.440000 610.780000 605.600000 605.600000 589.310000 591.470000 570.330000 570.790000 586.590000 586.590000 605.760000 615.670000 625.480000 639.040000 662.050000 651.810000 651.810000 612.110000 594.560000 569.510000 545.460000 549.050000 549.050000 551.960000 561.500000 571.800000 599.350000 636.730000 636.730000 648.280000 646.580000 632.250000 628.010000 647.970000 655.160000 655.160000 657.610000 657.860000 670.320000 677.110000 660.860000 660.860000 620.320000 585.340000 558.300000 535.750000 504.630000
601.280000 584.100000 556.710000 499.330000 502.950000 534.780000 534.780000 565.190000 601.570000 632.830000 639.910000 621.540000 621.540000 614.690000 612.390000 593.000000 606.180000 614.760000 619.390000 601.460000 618.490000 634.710000 646.910000 652.630000 635.930000 635.930000 605.640000 579.810000 556.220000 549.330000 570.140000 570.140000 582.350000 593.570000 597.580000 596.160000 611.040000 636.000000 636.000000 633.580000 627.800000 629.230000 649.330000 659.350000 659.350000 666.570000 674.320000 682.470000 682.130000 664.890000 643.860000 643.860000 623.520000 602.300000 550.920000 518.510000
617.780000 603.080000 573.210000 540.000000 510.650000 538.150000 538.150000 564.070000 622.430000 646.030000 658.040000 646.240000 639.790000 639.790000 637.210000 622.180000 621.290000 629.870000 625.830000 625.830000 644.480000 670.700000 650.780000 632.750000 623.520000 599.660000 599.660000 580.000000 556.150000 550.640000 572.100000 597.170000 597.170000 609.610000 612.970000 602.810000 622.430000 627.950000 627.950000 624.680000 625.600000 635.580000 647.320000 658.510000 667.230000 667.230000 678.900000 692.960000 686.080000 671.030000 654.070000 654.070000 629.040000 590.660000 552.300000 523.420000
