data/case_study_itwater/merger_s3m_by_domain/geo/Molise.txt
ncols	605
nrows	351
xllcorner	13.939416
yllcorner	41.362386
cellsize	0.002023
NODATA_value	-9999.000000
[rows 175 to 199 of 351, columns 336 to 391 of 605]
894.180000 865.720000 843.610000 820.370000 812.680000 805.020000 773.640000 744.020000 690.560000 690.560000 651.030000 670.260000 650.780000 618.280000 576.550000 576.550000 537.560000 492.840000 439.330000 416.400000 392.060000 359.830000 359.830000 315.530000 299.600000 312.380000 316.520000 266.610000 266.610000 249.580000 248.150000 248.390000 249.460000 249.280000 249.280000 251.880000 278.280000 269.930000 262.260000 250.460000 277.590000 277.590000 297.450000 291.940000 299.200000 290.900000 292.640000 292.640000 286.210000 283.680000 324.580000 304.670000 293.210000 293.210000 291.430000 266.030000
888.220000 862.580000 836.570000 836.570000 806.260000 796.260000 767.500000 721.600000 694.050000 694.050000 704.030000 729.260000 691.990000 644.700000 591.670000 537.610000 537.610000 482.540000 457.880000 445.800000 426.110000 411.430000 411.430000 339.370000 312.980000 283.180000 268.310000 251.680000 251.680000 269.580000 271.760000 268.070000 266.580000 260.840000 276.450000 276.450000 317.900000 323.510000 320.410000 314.540000 322.030000 294.750000 326.120000 319.320000 328.180000 307.590000 331.350000 331.350000 327.390000 313.200000 353.120000 345.550000 333.080000 312.240000 312.240000 264.810000
887.040000 862.260000 832.070000 811.120000 811.120000 789.290000 772.380000 737.810000 730.940000 741.930000 741.930000 736.840000 689.650000 643.750000 591.580000 550.520000 550.520000 508.650000 484.340000 480.300000 472.400000 456.760000 456.760000 444.730000 416.430000 363.030000 277.520000 260.760000 310.190000 310.190000 299.220000 291.460000 309.860000 314.350000 293.420000 293.420000 322.140000 360.450000 362.160000 363.480000 363.780000 363.780000 376.020000 345.840000 354.790000 326.790000 351.550000 371.870000 371.870000 345.780000 381.760000 371.280000 343.300000 300.510000 300.510000 273.540000
888.100000 869.170000 845.400000 819.860000 819.860000 794.750000 777.260000 773.930000 775.300000 772.180000 758.620000 723.920000 685.510000 649.880000 625.080000 583.910000 553.300000 553.300000 520.170000 521.140000 513.200000 497.130000 469.550000 469.550000 434.800000 366.020000 280.820000 272.340000 318.730000 318.730000 320.020000 322.420000 336.780000 351.780000 334.210000 327.440000 327.440000 374.020000 403.170000 418.970000 410.110000 415.170000 415.170000 401.170000 410.400000 360.920000 376.630000 398.850000 398.850000 382.380000 409.250000 397.560000 364.440000 312.850000 279.780000 279.780000
883.610000 854.890000 843.030000 818.340000 818.340000 801.630000 790.260000 782.140000 779.160000 758.730000 729.110000 729.110000 702.700000 679.460000 674.350000 644.630000 625.530000 625.530000 581.260000 558.190000 511.510000 481.260000 451.680000 451.680000 405.580000 340.020000 276.970000 289.820000 364.820000 408.680000 362.590000 372.300000 380.450000 392.850000 386.990000 352.120000 352.120000 399.980000 439.600000 464.500000 457.870000 451.040000 451.040000 434.090000 431.410000 437.500000 407.070000 432.340000 419.900000 419.900000 431.830000 431.680000 386.410000 318.520000 298.540000 298.540000
887.420000 840.570000 828.550000 809.690000 791.720000 791.720000 784.230000 768.870000 757.690000 735.070000 702.720000 702.720000 669.110000 661.240000 701.030000 686.950000 625.240000 575.390000 575.390000 538.780000 489.040000 445.780000 403.180000 381.110000 381.110000 345.580000 281.860000 290.420000 382.160000 461.820000 461.820000 459.530000 429.670000 431.210000 420.390000 388.700000 392.110000 392.110000 444.630000 498.670000 507.410000 491.080000 463.270000 463.270000 465.730000 463.360000 443.290000 464.230000 499.430000 465.070000 460.740000 450.470000 415.840000 338.750000 314.970000 340.060000
890.840000 841.240000 807.260000 790.060000 773.570000 773.570000 757.920000 737.750000 717.430000 700.470000 684.570000 650.290000 650.290000 631.530000 651.540000 673.960000 637.300000 581.860000 581.860000 531.110000 485.370000 443.560000 392.230000 344.710000 344.710000 306.220000 278.920000 293.130000 387.740000 468.680000 492.740000 492.740000 512.620000 493.450000 439.240000 447.620000 437.890000 437.890000 440.640000 488.400000 534.770000 524.050000 498.830000 498.830000 506.700000 490.600000 461.230000 467.510000 496.270000 474.120000 474.120000 435.830000 410.300000 359.710000 336.030000 367.710000
883.850000 835.570000 799.190000 775.540000 755.820000 732.350000 732.350000 707.140000 682.260000 665.730000 654.900000 632.840000 632.840000 601.320000 613.570000 611.010000 581.770000 535.580000 478.820000 520.990000 466.770000 418.810000 385.890000 336.840000 295.440000 295.440000 274.150000 310.820000 399.120000 472.370000 538.960000 538.960000 546.570000 531.710000 506.590000 500.680000 483.630000 483.630000 469.430000 497.300000 548.420000 550.600000 535.830000 535.420000 535.420000 506.930000 492.400000 497.190000 512.300000 484.750000 484.750000 444.960000 403.930000 392.650000 401.240000 399.750000
818.770000 798.190000 783.360000 769.460000 764.820000 734.520000 734.520000 709.880000 688.110000 660.460000 626.610000 601.030000 570.830000 570.830000 563.330000 551.040000 530.880000 476.010000 408.870000 408.870000 357.320000 369.610000 329.750000 293.990000 275.560000 275.560000 297.760000 348.620000 409.700000 503.180000 569.810000 585.960000 585.960000 564.260000 534.960000 530.470000 544.600000 548.950000 509.960000 508.120000 555.010000 574.310000 564.090000 554.460000 554.460000 528.930000 538.530000 525.830000 527.600000 490.280000 449.160000 449.160000 424.670000 454.140000 480.340000 479.600000
770.250000 755.640000 745.730000 727.840000 732.270000 745.730000 740.630000 740.630000 721.740000 669.820000 625.190000 592.110000 561.770000 561.770000 527.230000 493.120000 462.890000 444.490000 396.440000 396.440000 344.790000 289.970000 277.440000 273.740000 296.900000 353.470000 353.470000 383.820000 424.230000 489.480000 560.430000 598.540000 598.540000 588.560000 566.950000 554.610000 561.910000 569.490000 569.490000 574.230000 587.250000 611.870000 609.460000 584.760000 564.150000 564.150000 559.350000 553.500000 529.070000 493.300000 459.830000 459.830000 458.880000 495.410000 517.070000 511.370000
733.460000 733.460000 709.410000 702.960000 715.760000 744.800000 786.580000 793.390000 764.250000 705.610000 656.780000 615.690000 574.070000 553.570000 553.570000 529.600000 458.250000 402.400000 369.260000 327.110000 327.110000 285.500000 285.290000 318.570000 346.170000 364.320000 364.320000 404.590000 441.900000 474.640000 515.150000 548.570000 579.210000 579.210000 575.450000 574.410000 579.820000 593.840000 596.530000 596.530000 610.990000 620.240000 629.380000 617.390000 606.310000 606.310000 593.950000 570.650000 537.250000 502.360000 492.980000 510.240000 510.240000 521.750000 544.830000 520.020000
746.730000 746.730000 699.270000 671.510000 684.720000 724.470000 749.490000 739.710000 739.710000 727.720000 678.080000 626.010000 567.610000 532.220000 532.220000 509.600000 470.170000 419.510000 383.570000 332.380000 332.380000 295.050000 295.060000 341.690000 360.770000 387.900000 424.130000 424.130000 457.640000 480.010000 495.250000 509.040000 533.660000 533.660000 555.020000 572.850000 594.770000 609.530000 614.200000 614.200000 632.020000 643.720000 645.510000 664.590000 668.300000 621.220000 621.220000 591.370000 557.500000 522.990000 532.410000 567.550000 567.550000 556.440000 570.530000 554.620000
709.720000 691.700000 691.700000 654.240000 648.640000 698.280000 696.560000 697.580000 697.580000 688.550000 683.180000 668.800000 596.870000 529.430000 482.160000 482.160000 448.650000 412.900000 379.790000 346.570000 302.170000 302.170000 281.380000 334.170000 374.660000 391.600000 418.780000 418.780000 441.760000 462.590000 486.970000 493.420000 513.120000 536.800000 536.800000 574.210000 608.570000 629.420000 634.350000 652.920000 652.920000 655.520000 665.840000 678.730000 682.420000 662.850000 662.850000 598.410000 565.230000 549.780000 565.750000 601.740000 589.340000 589.340000 599.270000 592.490000
659.670000 653.970000 653.970000 634.520000 605.630000 634.580000 644.240000 635.030000 642.840000 642.840000 622.750000 627.760000 630.800000 577.390000 499.690000 499.690000 458.560000 438.220000 400.770000 355.060000 307.940000 307.940000 288.230000 341.280000 372.150000 378.930000 405.620000 427.320000 427.320000 443.480000 456.210000 464.250000 504.170000 540.370000 540.370000 573.910000 613.000000 633.830000 638.540000 652.900000 652.900000 667.880000 678.980000 691.520000 698.130000 693.910000 680.670000 680.670000 643.630000 574.730000 592.710000 639.590000 641.240000 641.240000 651.820000 644.080000
617.490000 609.570000 603.460000 603.460000 571.890000 578.340000 598.700000 592.480000 594.010000 594.010000 579.550000 570.660000 594.830000 571.580000 520.400000 520.400000 458.250000 428.320000 387.040000 343.440000 305.840000 286.120000 286.120000 334.710000 366.650000 369.110000 389.180000 400.810000 400.810000 416.540000 430.510000 449.850000 481.490000 504.600000 527.030000 557.140000 592.660000 622.120000 628.000000 641.280000 664.620000 664.620000 685.190000 704.470000 718.840000 718.350000 701.070000 701.070000 670.030000 654.290000 645.770000 665.940000 695.730000 695.730000 707.100000 697.470000
614.820000 582.780000 563.120000 563.120000 549.050000 546.130000 558.490000 569.500000 554.140000 541.470000 541.470000 528.770000 535.400000 528.070000 494.320000 460.110000 460.110000 410.410000 368.280000 330.590000 305.470000 280.130000 280.130000 308.110000 329.820000 344.850000 359.490000 366.620000 389.770000 389.770000 411.900000 437.310000 457.030000 486.790000 503.980000 503.980000 575.420000 588.320000 597.580000 622.250000 656.270000 656.270000 695.460000 714.100000 730.280000 735.350000 720.580000 709.240000 709.240000 685.490000 682.660000 706.690000 738.200000 745.430000 745.430000 713.970000
651.580000 614.290000 564.520000 530.320000 530.320000 519.510000 529.520000 548.090000 548.870000 529.280000 529.280000 509.870000 497.380000 488.420000 481.730000 441.270000 441.270000 407.710000 381.850000 353.370000 325.710000 283.580000 289.230000 289.230000 304.700000 326.220000 338.170000 364.360000 388.300000 388.300000 405.380000 421.080000 441.740000 461.150000 485.540000 485.540000 511.630000 547.240000 580.150000 622.390000 655.960000 696.850000 696.850000 728.760000 744.400000 753.080000 745.410000 736.750000 736.750000 722.060000 709.100000 736.310000 746.120000 708.060000 708.060000 667.690000
648.550000 613.430000 573.200000 532.650000 532.650000 499.610000 507.600000 518.930000 543.100000 544.880000 508.890000 508.890000 471.870000 455.040000 443.040000 423.970000 411.390000 411.390000 387.940000 360.390000 325.470000 299.530000 303.210000 292.090000 311.720000 340.940000 363.710000 389.180000 407.400000 426.420000 426.420000 437.410000 459.920000 495.240000 520.460000 538.360000 538.360000 567.890000 587.460000 613.260000 662.580000 698.630000 698.630000 734.740000 754.280000 763.860000 767.320000 764.470000 747.470000 747.470000 740.420000 749.780000 746.010000 716.850000 657.880000 657.880000
635.740000 597.840000 569.610000 534.210000 488.750000 488.750000 462.290000 489.990000 512.360000 527.770000 503.710000 503.710000 460.670000 425.670000 404.570000 388.650000 392.650000 392.650000 393.250000 358.800000 312.020000 299.650000 307.720000 341.110000 341.110000 364.520000 386.120000 405.860000 417.920000 434.750000 434.750000 451.340000 471.190000 489.450000 523.220000 539.280000 539.280000 543.070000 568.360000 598.110000 634.020000 660.250000 689.690000 718.200000 740.620000 751.610000 775.690000 777.780000 767.700000 767.700000 762.860000 755.040000 726.820000 692.840000 686.410000 686.410000
634.900000 591.860000 554.140000 518.070000 479.110000 479.110000 438.490000 440.480000 438.450000 483.500000 492.700000 492.700000 476.070000 433.350000 394.050000 366.650000 361.940000 379.370000 379.370000 332.300000 300.910000 299.760000 301.620000 320.380000 320.380000 346.460000 374.760000 404.710000 418.060000 444.140000 444.140000 446.830000 460.970000 475.300000 495.260000 521.430000 545.580000 545.580000 574.030000 596.160000 616.080000 643.010000 673.070000 673.070000 697.280000 733.040000 766.620000 785.380000 783.270000 774.870000 774.870000 761.210000 739.440000 718.840000 741.630000 716.000000
621.080000 602.990000 564.130000 526.270000 486.200000 449.940000 449.940000 415.670000 409.860000 409.540000 415.710000 420.240000 459.050000 443.630000 414.990000 374.240000 334.760000 333.120000 333.120000 307.360000 296.920000 298.690000 312.920000 338.300000 353.890000 353.890000 364.360000 391.090000 413.470000 444.160000 434.190000 434.190000 453.100000 483.420000 497.090000 513.110000 538.830000 538.830000 566.070000 588.280000 614.760000 638.250000 674.420000 711.350000 711.350000 729.780000 753.100000 792.760000 796.460000 785.120000 785.120000 770.170000 754.430000 753.540000 767.700000 731.800000
589.670000 593.320000 575.120000 531.550000 491.730000 460.060000 460.060000 429.600000 391.340000 380.710000 384.620000 381.870000 381.870000 378.160000 383.690000 336.030000 306.340000 301.240000 300.270000 300.270000 298.260000 299.310000 324.350000 354.030000 386.820000 386.820000 397.500000 422.620000 444.100000 472.510000 505.860000 505.860000 490.320000 528.100000 533.240000 544.460000 554.250000 567.480000 567.480000 584.320000 614.930000 646.830000 681.910000 710.220000 710.220000 740.070000 765.720000 785.920000 800.470000 793.040000 793.040000 787.500000 783.650000 781.050000 758.980000 731.640000
553.520000 550.780000 562.380000 544.130000 506.270000 476.020000 444.770000 444.770000 405.670000 367.190000 364.330000 352.100000 348.250000 348.250000 331.150000 301.110000 301.530000 301.730000 301.110000 301.110000 306.620000 311.180000 312.480000 340.820000 375.530000 411.520000 411.520000 439.040000 475.400000 509.430000 564.230000 596.570000 596.570000 600.980000 567.390000 573.870000 588.970000 597.640000 597.640000 610.190000 623.900000 647.410000 686.770000 718.960000 739.400000 739.400000 757.470000 781.940000 804.390000 822.790000 832.420000 817.520000 812.130000 795.930000 780.790000 768.000000
520.740000 520.740000 525.300000 526.870000 501.380000 474.890000 446.100000 446.100000 410.830000 372.510000 348.390000 329.990000 320.620000 320.620000 310.790000 298.080000 306.460000 330.720000 315.750000 327.330000 327.330000 342.390000 333.360000 327.290000 352.570000 390.890000 390.890000 433.800000 478.480000 528.220000 591.970000 608.130000 608.130000 587.860000 593.940000 606.600000 615.910000 633.950000 644.370000 644.370000 653.980000 658.090000 675.910000 711.980000 728.430000 728.430000 754.930000 779.930000 810.730000 843.140000 842.640000 842.640000 832.380000 821.330000 804.930000 784.400000
445.340000 445.340000 487.700000 489.230000 481.380000 465.030000 437.940000 437.940000 404.970000 374.100000 351.910000 335.730000 318.970000 303.840000 303.840000 299.880000 309.290000 336.800000 358.050000 368.490000 368.490000 367.470000 362.080000 340.260000 343.900000 376.590000 376.590000 424.900000 480.090000 524.870000 561.950000 575.800000 552.790000 552.790000 574.690000 602.880000 602.760000 615.530000 662.590000 662.590000 686.380000 691.430000 702.060000 715.970000 741.290000 766.050000 766.050000 783.030000 810.190000 836.290000 839.370000 835.100000 835.100000 830.150000 806.740000 778.140000
