data/case_study_itwater/merger_s3m_by_domain/geo/Valle_Aosta.txt
ncols        564
nrows        259
xllcorner    6.800407000000
yllcorner    45.464939000000
cellsize     0.002023000000
NODATA_value  -9999
[rows 160 to 179 of 259, columns 495 to 539 of 564]
2332.090087890625 2332.090087890625 2249.760009765625 2209.510009765625 2147.139892578125 2132.260009765625 2132.260009765625 2184.699951171875 2273.330078125 2315.580078125 2235.909912109375 2235.909912109375 2209.510009765625 2202.929931640625 2166.77001953125 2166.77001953125 2041.0999755859375 1923.31005859375 1803.760009765625 1679.9300537109375 1679.9300537109375 1599.22998046875 1526.050048828125 1359.5899658203125 1233.6099853515625 1233.6099853515625 1049.4000244140625 877.77001953125 879.719970703125 879.719970703125 970.96002197265625 1107.3699951171875 1249.0899658203125 1392.22998046875 1392.22998046875 1539.3499755859375 1658.7099609375 1759.2099609375 1846.5999755859375 1846.5999755859375 1944.2099609375 2035.760009765625 2087.85009765625 2055.1201171875 2055.1201171875
2275.340087890625 2275.340087890625 2297.179931640625 2315.949951171875 2326.77001953125 2310.360107421875 2310.360107421875 2273.25 2249.580078125 2275.179931640625 2215.14990234375 2215.14990234375 2186.760009765625 2166.489990234375 2139.330078125 2139.330078125 2006.989990234375 1867.6300048828125 1724.5999755859375 1592.02001953125 1592.02001953125 1470.010009765625 1421.4200439453125 1309.8399658203125 1119.18994140625 1119.18994140625 982.47998046875 856.30999755859375 861.59002685546875 861.59002685546875 955.8800048828125 1094.9200439453125 1266.030029296875 1399.0899658203125 1399.0899658203125 1525.6099853515625 1631.18994140625 1726.4200439453125 1794.5799560546875 1794.5799560546875 1831.6800537109375 1870.4000244140625 1895.989990234375 1914.3900146484375 1914.3900146484375
2213.219970703125 2213.219970703125 2217.919921875 2246.340087890625 2338.659912109375 2339.3701171875 2339.3701171875 2236.64990234375 2178.929931640625 2172.719970703125 2172.719970703125 2111.25 2054.919921875 2030.3199462890625 2033.6500244140625 2033.6500244140625 1976.4200439453125 1831.9000244140625 1678.8499755859375 1540.25 1540.25 1413.8900146484375 1316.7900390625 1248.47998046875 1136.1099853515625 1136.1099853515625 994.07000732421875 851.6099853515625 847.760009765625 847.760009765625 931.21002197265625 1051.469970703125 1216.300048828125 1332.56005859375 1332.56005859375 1454.8699951171875 1590.18994140625 1691.06005859375 1716.0699462890625 1716.0699462890625 1695.5899658203125 1700.1500244140625 1718.2099609375 1718.2099609375 1635.6800537109375
2146.14990234375 2146.14990234375 2116.60009765625 2125.35009765625 2212.300048828125 2311.9599609375 2311.9599609375 2249.179931640625 2156.22998046875 2080.840087890625 2080.840087890625 2050.8798828125 1953.4300537109375 1916.260009765625 1927.1500244140625 1927.1500244140625 1922.260009765625 1847.3499755859375 1688.300048828125 1556.9200439453125 1556.9200439453125 1460.4200439453125 1392.75 1239.3499755859375 1239.3499755859375 1091.3499755859375 963.66998291015625 850.55999755859375 843.3900146484375 843.3900146484375 921.32000732421875 1055.3499755859375 1147.6500244140625 1237.2900390625 1237.2900390625 1378.81005859375 1482.219970703125 1491.510009765625 1493.3399658203125 1493.3399658203125 1468.510009765625 1461.22998046875 1488.0699462890625 1488.0699462890625 1514.9300537109375
2053.330078125 2053.330078125 2050.639892578125 2099.219970703125 2203.97998046875 2313.81005859375 2313.81005859375 2293.739990234375 2154.31005859375 2017.949951171875 2017.949951171875 1947.949951171875 1896.77001953125 1839.300048828125 1830.02001953125 1830.02001953125 1841.3599853515625 1829.8800048828125 1726.8199462890625 1571.219970703125 1571.219970703125 1435.52001953125 1353.760009765625 1250.4300537109375 1250.4300537109375 1105.9000244140625 1014.17999267578125 902.32000732421875 823.8699951171875 823.8699951171875 861.1300048828125 965.3800048828125 1092.9100341796875 1184.7900390625 1184.7900390625 1249.739990234375 1314.239990234375 1316.9100341796875 1346.4000244140625 1346.4000244140625 1368.719970703125 1372.6300048828125 1396.4100341796875 1396.4100341796875 1413.9599609375
1934.6500244140625 1934.6500244140625 1999.22998046875 2119.580078125 2244.81005859375 2244.81005859375 2355.820068359375 2321.320068359375 2161.469970703125 2047.739990234375 2047.739990234375 1936.06005859375 1822.75 1709.4000244140625 1619.3599853515625 1619.3599853515625 1622.6700439453125 1651.7900390625 1670.9000244140625 1573.5799560546875 1573.5799560546875 1430.7900390625 1333.0400390625 1240.5699462890625 1240.5699462890625 1096.0699462890625 993.54998779296875 897.4000244140625 808.69000244140625 808.69000244140625 855.8800048828125 926.8599853515625 1015.1099853515625 1080.699951171875 1080.699951171875 1142.0799560546875 1186 1230.739990234375 1230.739990234375 1283.4100341796875 1339.0999755859375 1386.510009765625 1403.52001953125 1403.52001953125 1423.6800537109375
1917.1800537109375 1917.1800537109375 2049.929931640625 2187.68994140625 2311.610107421875 2311.610107421875 2391.1298828125 2349.780029296875 2213.75 2110.1201171875 2110.1201171875 1999.6700439453125 1889.3199462890625 1726.68994140625 1584.1400146484375 1584.1400146484375 1489.9000244140625 1518.4599609375 1580.989990234375 1576.4599609375 1576.4599609375 1410.5799560546875 1299.739990234375 1186.81005859375 1186.81005859375 1106.31005859375 1029.0699462890625 878.6300048828125 802.77001953125 802.77001953125 844.1400146484375 951.96002197265625 1023.6500244140625 1092.260009765625 1092.260009765625 1155.4000244140625 1209.5 1272.1700439453125 1272.1700439453125 1329.56005859375 1412.260009765625 1476.6300048828125 1529.3499755859375 1529.3499755859375 1577.8399658203125
1803.8800048828125 1803.8800048828125 1957.1600341796875 2123.169921875 2232.2900390625 2232.2900390625 2290.610107421875 2297.639892578125 2168.239990234375 2041.9200439453125 2041.9200439453125 1977.8900146484375 1928.3699951171875 1771.7900390625 1613.7900390625 1613.7900390625 1437.010009765625 1385.7900390625 1473.81005859375 1473.81005859375 1524.06005859375 1444.550048828125 1315.5899658203125 1212.02001953125 1212.02001953125 1104.3800048828125 996.82000732421875 857.45001220703125 796.29998779296875 796.29998779296875 849.95001220703125 968.9000244140625 1087.260009765625 1176.6600341796875 1176.6600341796875 1236.6300048828125 1306.1300048828125 1353.27001953125 1353.27001953125 1379.1300048828125 1426.530029296875 1513.5999755859375 1634.4200439453125 1634.4200439453125 1724.3900146484375
1684.1500244140625 1684.1500244140625 1852.030029296875 1925.239990234375 2017.5899658203125 2017.5899658203125 2098.080078125 2218.610107421875 2155.909912109375 2021.3299560546875 2021.3299560546875 1891.219970703125 1835.8599853515625 1787.219970703125 1623.989990234375 1623.989990234375 1462.6199951171875 1325.239990234375 1379.0999755859375 1379.0999755859375 1423.25 1410.97998046875 1347.25 1219.72998046875 1219.72998046875 1078.0899658203125 898.1400146484375 830.6199951171875 788.82000732421875 788.82000732421875 838.40997314453125 931.75 1071.0999755859375 1179.949951171875 1179.949951171875 1250.1500244140625 1310.1600341796875 1395.5799560546875 1395.5799560546875 1458.97998046875 1497.530029296875 1582.06005859375 1684.0400390625 1684.0400390625 1758.56005859375
1490.27001953125 1623.3599853515625 1704.449951171875 1778.4599609375 1892.8499755859375 1892.8499755859375 2020.9000244140625 2132.6298828125 2114.52001953125 1992.1500244140625 1992.1500244140625 1884.4200439453125 1741.68994140625 1637.2900390625 1532.8399658203125 1532.8399658203125 1427.699951171875 1310.3299560546875 1243.5699462890625 1243.5699462890625 1288.75 1322.8900146484375 1288.18994140625 1209.52001953125 1209.52001953125 1057.0899658203125 880.0999755859375 782.84002685546875 805.28997802734375 805.28997802734375 915.77001953125 1010.71002197265625 1084.5400390625 1084.5400390625 1175.56005859375 1234.449951171875 1326.31005859375 1407.6400146484375 1407.6400146484375 1494.7099609375 1562.1199951171875 1613.2099609375 1676.1600341796875 1676.1600341796875 1749.199951171875
1446.6700439453125 1507.5999755859375 1591.9000244140625 1781.7099609375 1934.6400146484375 1934.6400146484375 1986.0699462890625 1983.4599609375 1988.949951171875 1893.4200439453125 1893.4200439453125 1804.4200439453125 1740.68994140625 1617.3199462890625 1525.4300537109375 1525.4300537109375 1439.5400390625 1295.0699462890625 1112.8199462890625 1112.8199462890625 1138.9200439453125 1199.1800537109375 1186.239990234375 1079.6800537109375 1079.6800537109375 957.5999755859375 803.52001953125 760.97998046875 819.84002685546875 819.84002685546875 907.42999267578125 1028.2900390625 1130.469970703125 1130.469970703125 1219.27001953125 1288.030029296875 1345.550048828125 1431.2099609375 1431.2099609375 1519.0899658203125 1586.43994140625 1640.510009765625 1681.68994140625 1681.68994140625 1735.43994140625
1403.5 1446.530029296875 1591.3299560546875 1787.5799560546875 1824.3199462890625 1824.3199462890625 1837.6600341796875 1803.5899658203125 1868.0400390625 1758.219970703125 1758.219970703125 1625.739990234375 1650.5999755859375 1669.75 1669.75 1613.4100341796875 1490.3199462890625 1280.27001953125 1081.949951171875 1081.949951171875 1014.94000244140625 1092.1099853515625 1035.199951171875 911.6300048828125 911.6300048828125 815.5999755859375 744.34002685546875 793.96002197265625 886.6199951171875 886.6199951171875 941.72998046875 991.40997314453125 1107.6300048828125 1168.9000244140625 1238.8199462890625 1303.5400390625 1388.8499755859375 1451.0999755859375 1451.0999755859375 1511.18994140625 1592.739990234375 1689.7900390625 1769.75 1769.75 1828.6700439453125
1350.3399658203125 1438.3599853515625 1592.280029296875 1629.050048828125 1632.5899658203125 1632.5899658203125 1654.760009765625 1649.5799560546875 1743.949951171875 1614.8599853515625 1614.8599853515625 1512.68994140625 1498.6600341796875 1485.3499755859375 1485.3499755859375 1488.969970703125 1390.010009765625 1205.06005859375 1033.1600341796875 1033.1600341796875 892.6300048828125 865.6199951171875 788.1400146484375 714.83001708984375 714.83001708984375 763.44000244140625 838.08001708984375 925.96002197265625 999.59002685546875 999.59002685546875 1061.3800048828125 1151.72998046875 1229.81005859375 1229.81005859375 1300.8499755859375 1365.1199951171875 1437.3599853515625 1487.199951171875 1487.199951171875 1567.56005859375 1668.4599609375 1739.8900146484375 1791.02001953125 1791.02001953125 1848.8900146484375
1326.989990234375 1383.5699462890625 1467.1700439453125 1435.6400146484375 1442.8800048828125 1442.8800048828125 1417.239990234375 1462.97998046875 1503.050048828125 1448.02001953125 1448.02001953125 1256.8199462890625 1168.9200439453125 1193.97998046875 1193.97998046875 1181.9599609375 1169.97998046875 1111.18994140625 1023.65997314453125 1023.65997314453125 933.97998046875 787.67999267578125 707.6300048828125 743.28997802734375 743.28997802734375 844.030029296875 941.05999755859375 1039.25 1039.25 1125.760009765625 1137.68994140625 1122.530029296875 1189.68994140625 1189.68994140625 1288.72998046875 1372.5899658203125 1429.47998046875 1518.3900146484375 1518.3900146484375 1600.489990234375 1682.02001953125 1727.75 1763.699951171875 1763.699951171875 1785.9599609375
1126.3399658203125 1131.050048828125 1129.6600341796875 1094.780029296875 1071.2900390625 1071.2900390625 1143.5 1243.72998046875 1289.97998046875 1289.97998046875 1281.5899658203125 1156.719970703125 1048.550048828125 1073.6600341796875 1073.6600341796875 1046.0699462890625 1029.550048828125 996.489990234375 910.40997314453125 910.40997314453125 832.4000244140625 716.94000244140625 696.3900146484375 786.84002685546875 786.84002685546875 897.8499755859375 1039.1800537109375 1144.550048828125 1144.550048828125 1213.9000244140625 1246.3699951171875 1202.72998046875 1176.1700439453125 1176.1700439453125 1245.2099609375 1351.5699462890625 1421.6800537109375 1506.9000244140625 1506.9000244140625 1610.3199462890625 1683.050048828125 1702.5400390625 1709.68994140625 1709.68994140625 1728.6700439453125
1058.1300048828125 1011.1099853515625 985.58001708984375 960.79998779296875 958.6199951171875 958.6199951171875 1037.27001953125 1093.52001953125 1154.77001953125 1154.77001953125 1166.6800537109375 1083.8900146484375 977.739990234375 953.71002197265625 953.71002197265625 931.469970703125 916.19000244140625 890.260009765625 809.65997314453125 809.65997314453125 721.1300048828125 686.04998779296875 734.78997802734375 834.77001953125 834.77001953125 943.010009765625 1091.030029296875 1241.6199951171875 1241.6199951171875 1307.22998046875 1347.300048828125 1311.8800048828125 1287.4300537109375 1287.4300537109375 1292.1300048828125 1323.7900390625 1422.280029296875 1505.02001953125 1505.02001953125 1609.9100341796875 1662.260009765625 1657.489990234375 1657.489990234375 1678.199951171875 1719.7099609375
1133.31005859375 1081.010009765625 1013.19000244140625 962.3599853515625 889.8499755859375 889.8499755859375 900.65997314453125 975.6500244140625 1070.449951171875 1070.449951171875 1148.6600341796875 1125.6600341796875 994.010009765625 878.760009765625 878.760009765625 823.94000244140625 770.3900146484375 730.90997314453125 686.469970703125 686.469970703125 686.6199951171875 713.3800048828125 777.19000244140625 876.3499755859375 876.3499755859375 1002.739990234375 1143.43994140625 1273.27001953125 1273.27001953125 1365.06005859375 1417.3599853515625 1422.760009765625 1404.5400390625 1404.5400390625 1403.969970703125 1375.780029296875 1393.97998046875 1466 1466 1556.8699951171875 1592.489990234375 1614.469970703125 1614.469970703125 1643.760009765625 1763.2099609375
1264.530029296875 1199.1800537109375 1119.8599853515625 1039.1800537109375 910.32000732421875 910.32000732421875 820.0999755859375 844.29998779296875 986.510009765625 986.510009765625 1079.050048828125 1068.3499755859375 952.77001953125 895.3699951171875 895.3699951171875 788.44000244140625 684.25 652.27001953125 650.8599853515625 650.8599853515625 689.54998779296875 779.33001708984375 854.3599853515625 854.3599853515625 949.3900146484375 1044.6600341796875 1173.5899658203125 1314.489990234375 1314.489990234375 1386.4300537109375 1454.489990234375 1497.0999755859375 1512.3599853515625 1512.3599853515625 1502.8800048828125 1468.6199951171875 1410.9200439453125 1417.02001953125 1417.02001953125 1468.43994140625 1520.4300537109375 1579.93994140625 1579.93994140625 1634.4000244140625 1734.5400390625
1408.97998046875 1279.530029296875 1137 1018.55999755859375 1018.55999755859375 908.53997802734375 772.1199951171875 792.6400146484375 929.16998291015625 929.16998291015625 1005.71002197265625 901.77001953125 808.1300048828125 799.96002197265625 799.96002197265625 732.17999267578125 652.59002685546875 654.219970703125 674.69000244140625 674.69000244140625 720.510009765625 843.739990234375 938.510009765625 938.510009765625 1008.67999267578125 1074.260009765625 1206.97998046875 1308.6700439453125 1308.6700439453125 1391.4100341796875 1458 1507.8399658203125 1558.1600341796875 1558.1600341796875 1588.760009765625 1562.9200439453125 1488.68994140625 1460.6099853515625 1460.6099853515625 1457.280029296875 1494.06005859375 1563.739990234375 1563.739990234375 1656.300048828125 1754.6300048828125
1391.18994140625 1276.5999755859375 1129.9100341796875 975.280029296875 975.280029296875 830.6500244140625 700.760009765625 800.15997314453125 799.58001708984375 799.58001708984375 773.57000732421875 723.41998291015625 657.989990234375 628.3699951171875 628.3699951171875 630.3599853515625 677.780029296875 751.6500244140625 807.6099853515625 807.6099853515625 811.6199951171875 844.57000732421875 899.3599853515625 899.3599853515625 996.57000732421875 1084.4200439453125 1146.4300537109375 1231.02001953125 1231.02001953125 1339.489990234375 1430.47998046875 1517.300048828125 1579.5400390625 1579.5400390625 1654.800048828125 1710.1099853515625 1761.4100341796875 1761.4100341796875 1699.3599853515625 1642.6300048828125 1620.3900146484375 1620.719970703125 1620.719970703125 1678.699951171875 1794.6400146484375
