data/case_study_itwater/merger_s3m_by_domain/geo/Valle_Aosta.txt
ncols        564
nrows        259
xllcorner    6.800407000000
yllcorner    45.464939000000
cellsize     0.002023000000
NODATA_value  -9999
[rows 100 to 119 of 259, columns 45 to 89 of 564]
1777.0799560546875 1746.0799560546875 1746.0799560546875 1710.52001953125 1678.93994140625 1717.050048828125 1797.1600341796875 1797.1600341796875 1849.280029296875 1932.489990234375 1998.2099609375 2058.35009765625 2058.35009765625 2070.360107421875 2117.52001953125 2130.89990234375 2130.89990234375 2105.0400390625 2053.320068359375 2012.1400146484375 1954.8299560546875 1940.81005859375 1811.699951171875 1678.9300537109375 1617.3699951171875 1600.510009765625 1600.510009765625 1566.780029296875 1531.2900390625 1496.6400146484375 1496.6400146484375 1483.760009765625 1474.699951171875 1396.72998046875 1274.4100341796875 1274.4100341796875 1184.0799560546875 1149.3800048828125 1189.6199951171875 1224.06005859375 1224.06005859375 1259.8800048828125 1290.8800048828125 1357.52001953125 1357.52001953125
1785.0999755859375 1755.1199951171875 1755.1199951171875 1733.8199462890625 1765.760009765625 1833.3299560546875 1961.4200439453125 1961.4200439453125 2012.300048828125 2051.14990234375 2094.530029296875 2094.530029296875 2144.10009765625 2158.830078125 2263.840087890625 2258.909912109375 2258.909912109375 2199.75 2111.5 1991.2900390625 1893.1400146484375 1893.1400146484375 1781.1800537109375 1733.2900390625 1728.6199951171875 1728.6199951171875 1730.7099609375 1703.02001953125 1645.9000244140625 1597.5699462890625 1597.5699462890625 1616.6500244140625 1586.5699462890625 1481.6800537109375 1364.239990234375 1364.239990234375 1200.56005859375 1133.4200439453125 1178.7900390625 1178.7900390625 1209.8299560546875 1245.7900390625 1298.530029296875 1383.0899658203125 1383.0899658203125
1794.3299560546875 1814.06005859375 1814.06005859375 1861.43994140625 1866.8299560546875 1978.1300048828125 2065.8798828125 2065.8798828125 2202.010009765625 2199.2900390625 2199.8798828125 2199.8798828125 2242.469970703125 2276.72998046875 2338.5 2338.070068359375 2338.070068359375 2231.27001953125 2106.840087890625 1994.989990234375 1904.6700439453125 1904.6700439453125 1857.8399658203125 1843.1099853515625 1849.8599853515625 1849.8599853515625 1848.530029296875 1815.260009765625 1758.7900390625 1725.8499755859375 1725.8499755859375 1681.219970703125 1624.68994140625 1540.1400146484375 1427.739990234375 1427.739990234375 1227.4000244140625 1125.18994140625 1166.52001953125 1166.52001953125 1196.4300537109375 1243.6700439453125 1272.4300537109375 1336.0400390625 1336.0400390625
1830.3299560546875 1918.6300048828125 1961.22998046875 2074.89990234375 2122.320068359375 2179.330078125 2179.330078125 2252.5400390625 2285.5400390625 2263.72998046875 2259.93994140625 2259.93994140625 2266.35009765625 2306.429931640625 2379.43994140625 2414.110107421875 2414.110107421875 2323.219970703125 2207.93994140625 2076.820068359375 2076.820068359375 2018.0400390625 1982.1500244140625 1992.050048828125 2022.1400146484375 2022.1400146484375 2007.4200439453125 1954.4200439453125 1832.31005859375 1737.8599853515625 1737.8599853515625 1654.739990234375 1594.4000244140625 1549.5400390625 1549.5400390625 1423.9100341796875 1265.2900390625 1133.4100341796875 1128.4100341796875 1128.4100341796875 1170.3699951171875 1225.1700439453125 1252.8900146484375 1267.1600341796875 1267.1600341796875
2085 2059.81005859375 2059.81005859375 2106.75 2190.219970703125 2221.2099609375 2221.2099609375 2305.659912109375 2358.0400390625 2346.860107421875 2348.179931640625 2348.179931640625 2347.659912109375 2368.570068359375 2401.97998046875 2481.139892578125 2481.139892578125 2385.2900390625 2266.2099609375 2202.340087890625 2202.340087890625 2162.47998046875 2146.4599609375 2118.679931640625 2092.18994140625 2092.18994140625 2028.6300048828125 1936.489990234375 1804.47998046875 1719.5 1719.5 1644.3599853515625 1571.0899658203125 1503.06005859375 1503.06005859375 1419.050048828125 1282.5400390625 1180.27001953125 1127.280029296875 1127.280029296875 1108.449951171875 1179.22998046875 1211.3299560546875 1229.5899658203125 1229.5899658203125
2212.219970703125 2212.219970703125 2162.070068359375 2218.169921875 2259.18994140625 2305.429931640625 2305.429931640625 2341.219970703125 2430.300048828125 2509.669921875 2502.010009765625 2502.010009765625 2462.7900390625 2442.159912109375 2450.860107421875 2556.300048828125 2556.300048828125 2544.52001953125 2459.6201171875 2393.469970703125 2393.469970703125 2329.389892578125 2240.18994140625 2136.030029296875 2085.449951171875 2085.449951171875 2018.3800048828125 1937.699951171875 1863.8599853515625 1780.6400146484375 1780.6400146484375 1689.1700439453125 1599.3599853515625 1485.2099609375 1485.2099609375 1376.449951171875 1290.97998046875 1216.31005859375 1174.9300537109375 1174.9300537109375 1111.4100341796875 1080.93994140625 1153.06005859375 1167.8199462890625 1167.8199462890625
2283.909912109375 2283.909912109375 2257.659912109375 2295.159912109375 2332.719970703125 2347.699951171875 2347.699951171875 2414.820068359375 2526.919921875 2614.260009765625 2544.89990234375 2544.89990234375 2530.39990234375 2532.969970703125 2540.75 2540.75 2666.6298828125 2665.6201171875 2515.22998046875 2397.8701171875 2397.8701171875 2296.550048828125 2203.780029296875 2137.010009765625 2101.580078125 2101.580078125 2061.31005859375 2023.8900146484375 1917.18994140625 1917.18994140625 1801.5799560546875 1695.760009765625 1571.3199462890625 1474.5799560546875 1474.5799560546875 1569.6199951171875 1454.8900146484375 1338.93994140625 1235.0400390625 1235.0400390625 1130.52001953125 1072.280029296875 1100.949951171875 1100.949951171875 1121.780029296875
2337.429931640625 2337.429931640625 2306.2099609375 2340.110107421875 2375.56005859375 2421.159912109375 2421.159912109375 2510.110107421875 2604.030029296875 2708.510009765625 2681.429931640625 2681.429931640625 2680.010009765625 2700.7900390625 2691.35009765625 2691.35009765625 2634.409912109375 2538.85009765625 2429.60009765625 2331.919921875 2331.919921875 2265.1298828125 2221.7099609375 2160.550048828125 2126.800048828125 2126.800048828125 2096.570068359375 2073.18994140625 2128.1298828125 2128.1298828125 2002.5400390625 1954.25 1836.27001953125 1822.6700439453125 1822.6700439453125 1758.5799560546875 1613.0799560546875 1451.3299560546875 1318.719970703125 1318.719970703125 1188.739990234375 1100.6099853515625 1058.3900146484375 1058.3900146484375 1071.1600341796875
2451.3798828125 2451.3798828125 2388.2900390625 2376.1298828125 2379.719970703125 2427.449951171875 2427.449951171875 2510.429931640625 2620.760009765625 2675.489990234375 2675.489990234375 2667.72998046875 2656.1201171875 2659.6298828125 2614.719970703125 2614.719970703125 2492.47998046875 2419.2099609375 2351.860107421875 2313.300048828125 2313.300048828125 2474.39990234375 2432.080078125 2365.64990234375 2365.64990234375 2300.699951171875 2249.260009765625 2303.010009765625 2304.610107421875 2304.610107421875 2235.719970703125 2275.75 2116.090087890625 2043.47998046875 2043.47998046875 1918.9300537109375 1752.3900146484375 1593.3399658203125 1443.7099609375 1443.7099609375 1285.260009765625 1175.8399658203125 1094.27001953125 1094.27001953125 1042.5799560546875
2531.159912109375 2531.159912109375 2499.8798828125 2460.10009765625 2440.179931640625 2466.8701171875 2466.8701171875 2544.969970703125 2638.22998046875 2588.97998046875 2588.97998046875 2562.090087890625 2536.64990234375 2536.050048828125 2546.919921875 2483.8798828125 2518.320068359375 2515.090087890625 2555 2659.409912109375 2659.409912109375 2638.77001953125 2631.10009765625 2625.860107421875 2625.860107421875 2561.219970703125 2480.969970703125 2570.60009765625 2572.719970703125 2572.719970703125 2478.050048828125 2376.7099609375 2232.7900390625 2094.360107421875 2094.360107421875 1947.06005859375 1810.5400390625 1641.75 1641.75 1519.27001953125 1416.2900390625 1264.3399658203125 1143.3499755859375 1143.3499755859375 1065.969970703125
2615.090087890625 2615.090087890625 2668.610107421875 2572.030029296875 2541.800048828125 2541.800048828125 2556.889892578125 2653.510009765625 2700.050048828125 2614.260009765625 2614.260009765625 2508.919921875 2415.3798828125 2403.550048828125 2428.320068359375 2428.320068359375 2448.25 2531.139892578125 2648.530029296875 2723.429931640625 2723.429931640625 2577.699951171875 2524.10009765625 2549.429931640625 2549.429931640625 2642.1298828125 2690.110107421875 2696.25 2620.449951171875 2620.449951171875 2486.2900390625 2380.3701171875 2289.030029296875 2155.110107421875 2155.110107421875 2031.3599853515625 1930.739990234375 1829.6800537109375 1829.6800537109375 1723.800048828125 1534.489990234375 1357.6199951171875 1219.5 1219.5 1109.989990234375
2734.419921875 2734.419921875 2860.679931640625 2768.25 2710.360107421875 2710.360107421875 2743.7099609375 2785.050048828125 2764.1201171875 2675.300048828125 2675.300048828125 2551.97998046875 2438 2374.909912109375 2394.919921875 2394.919921875 2415.4599609375 2468.840087890625 2587.169921875 2587.169921875 2680.68994140625 2583.669921875 2485.590087890625 2441.760009765625 2441.760009765625 2462.659912109375 2505 2548.840087890625 2536.110107421875 2536.110107421875 2482.389892578125 2399.989990234375 2323.239990234375 2323.239990234375 2235.93994140625 2142.580078125 2050.8701171875 1970.27001953125 1970.27001953125 1779.3399658203125 1571.989990234375 1426.1500244140625 1262.989990234375 1262.989990234375 1134.8399658203125
2793.199951171875 2812.159912109375 2801.64990234375 2720.409912109375 2639.050048828125 2639.050048828125 2635.52001953125 2698.77001953125 2769.669921875 2691.669921875 2691.669921875 2584.530029296875 2477.7900390625 2385.030029296875 2334.739990234375 2334.739990234375 2362.780029296875 2429.550048828125 2542.360107421875 2542.360107421875 2681.199951171875 2647.989990234375 2551.320068359375 2453.320068359375 2453.320068359375 2378.5400390625 2340.010009765625 2339.320068359375 2366.949951171875 2366.949951171875 2362.56005859375 2307.25 2244.3798828125 2244.3798828125 2202.989990234375 2148.239990234375 2087.31005859375 1949.0799560546875 1949.0799560546875 1783.449951171875 1685.56005859375 1557.949951171875 1296.97998046875 1296.97998046875 1153.1600341796875
2694.02001953125 2729.14990234375 2811.199951171875 2653.6298828125 2586.6298828125 2586.6298828125 2573.929931640625 2595.72998046875 2632.43994140625 2619.590087890625 2619.590087890625 2527.06005859375 2462.10009765625 2375.590087890625 2375.590087890625 2285.679931640625 2314.909912109375 2410.820068359375 2517.2099609375 2517.2099609375 2670.52001953125 2740.840087890625 2614.989990234375 2500.830078125 2500.830078125 2398.050048828125 2307.85009765625 2255.5400390625 2255.5400390625 2246.3798828125 2225.659912109375 2195.9599609375 2127.77001953125 2127.77001953125 2058.179931640625 2005.8299560546875 1985.81005859375 1933.9300537109375 1933.9300537109375 1890.3299560546875 1823.2900390625 1665.3299560546875 1393.1800537109375 1393.1800537109375 1275.219970703125
2676.070068359375 2761.7900390625 2843.159912109375 2696.659912109375 2593.219970703125 2593.219970703125 2568.030029296875 2521.10009765625 2530.110107421875 2524.75 2524.75 2452.97998046875 2410.68994140625 2334.89990234375 2334.89990234375 2272.43994140625 2257.7099609375 2349.110107421875 2462.739990234375 2462.739990234375 2589.81005859375 2705.340087890625 2791.280029296875 2594.300048828125 2594.300048828125 2437.550048828125 2335.929931640625 2241.97998046875 2241.97998046875 2161.35009765625 2118.830078125 2079.030029296875 2031.4300537109375 2031.4300537109375 1956.22998046875 1824.469970703125 1758.1400146484375 1686.8299560546875 1686.8299560546875 1631.0400390625 1593.3599853515625 1488.6400146484375 1488.6400146484375 1343.02001953125 1262.5799560546875
2711.179931640625 2840.330078125 2982.239990234375 2885.14990234375 2692.43994140625 2692.43994140625 2623.1298828125 2559.070068359375 2513.8701171875 2513.8701171875 2461.199951171875 2427.7900390625 2401.31005859375 2379.989990234375 2379.989990234375 2303.780029296875 2225.60009765625 2243.25 2356.800048828125 2356.800048828125 2457.719970703125 2558.22998046875 2708.35009765625 2713.06005859375 2713.06005859375 2475.72998046875 2360.739990234375 2250.820068359375 2250.820068359375 2184.9599609375 2083.179931640625 1964.5899658203125 1852.199951171875 1852.199951171875 1768.1199951171875 1711.0899658203125 1652.1500244140625 1571.1400146484375 1571.1400146484375 1509.81005859375 1472.4200439453125 1386.6300048828125 1386.6300048828125 1283.7900390625 1277.31005859375
2751.110107421875 2897.860107421875 3136.739990234375 3085.429931640625 2854.429931640625 2854.429931640625 2731.2900390625 2636.77001953125 2592.080078125 2592.080078125 2554.949951171875 2517.2900390625 2474.9599609375 2431.050048828125 2431.050048828125 2342.429931640625 2230.340087890625 2195.489990234375 2235.89990234375 2235.89990234375 2319.860107421875 2428.97998046875 2456.22998046875 2456.22998046875 2601.139892578125 2533.7099609375 2457.530029296875 2350.280029296875 2350.280029296875 2201.010009765625 2021.0400390625 1908.760009765625 1779.27001953125 1779.27001953125 1687.050048828125 1603.969970703125 1546.5 1546.5 1477.969970703125 1403.1500244140625 1363.06005859375 1289.4000244140625 1289.4000244140625 1278.9000244140625 1325.5799560546875
2758.429931640625 2999.35009765625 3144.010009765625 3144.429931640625 3144.429931640625 3019.39990234375 2863.18994140625 2706.280029296875 2671.8701171875 2671.8701171875 2668.739990234375 2609.7099609375 2567.7900390625 2544.8701171875 2544.8701171875 2467.699951171875 2254.590087890625 2164.070068359375 2114.31005859375 2114.31005859375 2128.489990234375 2199.56005859375 2314.18994140625 2314.18994140625 2481.5400390625 2503.10009765625 2460.699951171875 2370.320068359375 2370.320068359375 2197.5400390625 2000.8299560546875 1866.8199462890625 1725.9599609375 1725.9599609375 1612.4200439453125 1539.3199462890625 1447.1300048828125 1447.1300048828125 1382.1099853515625 1315.8299560546875 1281.9100341796875 1291.239990234375 1291.239990234375 1347.699951171875 1440.9300537109375
2692.199951171875 2841.719970703125 2967.85009765625 3069.43994140625 3069.43994140625 2934.56005859375 2786.7900390625 2670.010009765625 2590.679931640625 2552.2099609375 2565.8798828125 2681.52001953125 2835.860107421875 2739.659912109375 2739.659912109375 2557.219970703125 2365.489990234375 2221.72998046875 2221.72998046875 2134.7099609375 2087.8798828125 2123.179931640625 2199.43994140625 2199.43994140625 2305.800048828125 2389.639892578125 2407.72998046875 2337.7099609375 2337.7099609375 2153.330078125 1983.8900146484375 1818.239990234375 1818.239990234375 1660.3699951171875 1548.1300048828125 1470.280029296875 1404.010009765625 1404.010009765625 1343.1600341796875 1297.6199951171875 1323.0699462890625 1395.9100341796875 1395.9100341796875 1496.300048828125 1615.3299560546875
2615.199951171875 2749.080078125 2823.510009765625 2969.030029296875 2969.030029296875 2928.449951171875 2723.179931640625 2592.1298828125 2527.8701171875 2527.8701171875 2539.8701171875 2607.159912109375 2762.820068359375 2849.639892578125 2849.639892578125 2734.590087890625 2517.6298828125 2328.27001953125 2328.27001953125 2209.949951171875 2114.43994140625 2073.43994140625 2137.389892578125 2137.389892578125 2202.18994140625 2227.199951171875 2264.469970703125 2216.8701171875 2216.8701171875 2072.02001953125 1945.989990234375 1791.27001953125 1791.27001953125 1617.18994140625 1507.1099853515625 1419.6800537109375 1357.8299560546875 1357.8299560546875 1310.3699951171875 1304.5899658203125 1428.52001953125 1551.68994140625 1551.68994140625 1668.6300048828125 1731.969970703125
