data/case_study_itwater/merger_s3m_by_domain/geo/Valle_Aosta.txt
ncols        564
nrows        259
xllcorner    6.800407000000
yllcorner    45.464939000000
cellsize     0.002023000000
NODATA_value  -9999
[rows 120 to 139 of 259, columns 135 to 179 of 564]
1022.6099853515625 1049.260009765625 1071.760009765625 1071.760009765625 1100.3199462890625 1222.3599853515625 1430.43994140625 1485.030029296875 1485.030029296875 1458.3299560546875 1440.010009765625 1466.8499755859375 1639.0400390625 1681.43994140625 1816.199951171875 1900.8399658203125 2012.9599609375 2012.9599609375 2114.5400390625 2172.239990234375 2095.090087890625 1960.9599609375 1960.9599609375 1833.8199462890625 1759.8199462890625 1821.4000244140625 1943.8800048828125 1943.8800048828125 2054.739990234375 2184.3798828125 2310.030029296875 2310.030029296875 2428.090087890625 2535.320068359375 2592.159912109375 2554.25 2554.25 2454.39990234375 2365.27001953125 2314.47998046875 2307.389892578125 2307.389892578125 2299.3798828125 2283.280029296875 2273
1009.5 1027.0400390625 1047.3299560546875 1047.3299560546875 1071.4599609375 1188.550048828125 1203.6500244140625 1239.18994140625 1239.18994140625 1268.1099853515625 1346.18994140625 1516.3299560546875 1516.3299560546875 1686.469970703125 1809.760009765625 1926.489990234375 2042.550048828125 2042.550048828125 2165.60009765625 2188.75 2114.35009765625 1970.0400390625 1970.0400390625 1828.0999755859375 1752.6700439453125 1815.0999755859375 1925.300048828125 1925.300048828125 2046.7900390625 2182.260009765625 2285.469970703125 2285.469970703125 2392.639892578125 2534.469970703125 2554.590087890625 2500.889892578125 2500.889892578125 2446.110107421875 2353.3798828125 2281.9599609375 2267.080078125 2267.080078125 2249.159912109375 2223.889892578125 2209.5400390625
959.19000244140625 976.5 987.010009765625 987.010009765625 997.239990234375 1031.22998046875 1089.4200439453125 1158.3499755859375 1158.3499755859375 1250.6800537109375 1354.2900390625 1479.2900390625 1479.2900390625 1618.0699462890625 1755.1600341796875 1895.6600341796875 2022.239990234375 2022.239990234375 2174.949951171875 2220.2900390625 2126.110107421875 1985.47998046875 1985.47998046875 1839.47998046875 1754.75 1797.550048828125 1797.550048828125 1899.0899658203125 2003.8800048828125 2132.25 2234.52001953125 2234.52001953125 2365.780029296875 2486.3701171875 2447.669921875 2374.64990234375 2374.64990234375 2338.830078125 2309.199951171875 2265.3798828125 2265.3798828125 2229.52001953125 2209.89990234375 2185.9599609375 2170.389892578125
936.90997314453125 947.44000244140625 958.530029296875 958.530029296875 953.20001220703125 964.41998291015625 1019.3900146484375 1019.3900146484375 1126.9300537109375 1230.5999755859375 1360.3599853515625 1496.2099609375 1496.2099609375 1619.8199462890625 1747.7099609375 1865.5899658203125 1991.1600341796875 1991.1600341796875 2158.8798828125 2230.550048828125 2155.89990234375 2035.8900146484375 2035.8900146484375 1864.3900146484375 1767.7099609375 1776.2900390625 1776.2900390625 1866.3399658203125 1970.199951171875 2096.81005859375 2216.31005859375 2216.31005859375 2369.330078125 2420.889892578125 2386.72998046875 2303.449951171875 2303.449951171875 2237.1201171875 2220.47998046875 2216.989990234375 2216.989990234375 2182.030029296875 2169.22998046875 2146.1201171875 2127.570068359375
912.41998291015625 921.739990234375 931.96002197265625 931.96002197265625 932.16998291015625 932.58001708984375 970.6500244140625 970.6500244140625 1075.4000244140625 1224.0999755859375 1386.02001953125 1523.949951171875 1523.949951171875 1597.1300048828125 1708 1823.4100341796875 1947.4000244140625 1947.4000244140625 2111.260009765625 2227.030029296875 2161.830078125 2161.830078125 2000.5999755859375 1869.199951171875 1767.0699462890625 1765.449951171875 1765.449951171875 1862.8599853515625 1976.3800048828125 2119.02001953125 2253.989990234375 2253.989990234375 2336.949951171875 2339.4599609375 2343.550048828125 2320.580078125 2320.580078125 2239.7099609375 2179.31005859375 2156.8701171875 2106.3798828125 2078.47998046875 2071.219970703125 2047.5799560546875 2033.8299560546875
881.70001220703125 896.6199951171875 906.280029296875 906.280029296875 909.04998779296875 908.84002685546875 935.8499755859375 935.8499755859375 1035.8599853515625 1178.300048828125 1343.5899658203125 1451.4200439453125 1451.4200439453125 1533.3699951171875 1648.8599853515625 1777.260009765625 1914.2900390625 1914.2900390625 2009.27001953125 2104.68994140625 2099.56005859375 2099.56005859375 1965.72998046875 1869.9200439453125 1748.0999755859375 1758.9000244140625 1758.9000244140625 1865.489990234375 1989.1500244140625 2150.820068359375 2216.219970703125 2216.219970703125 2252.419921875 2227.820068359375 2123.219970703125 2123.219970703125 2147.550048828125 2128.320068359375 2132.43994140625 2061.909912109375 2061.909912109375 2002.760009765625 1987.06005859375 1994.6099853515625 1981.27001953125
865.27001953125 875.15997314453125 875.15997314453125 886.92999267578125 889.83001708984375 890.90997314453125 895.030029296875 895.030029296875 980.030029296875 1079.449951171875 1218.0899658203125 1322.3399658203125 1322.3399658203125 1417.800048828125 1587.9100341796875 1740.469970703125 1740.469970703125 1844.5899658203125 1886.75 1935.949951171875 2027.8900146484375 2027.8900146484375 1946.6800537109375 1821.8299560546875 1706.3299560546875 1737.719970703125 1737.719970703125 1835.5400390625 1956.469970703125 2038.699951171875 2077.47998046875 2077.47998046875 2087.550048828125 2026.8199462890625 2016.3299560546875 2016.3299560546875 2038.4000244140625 2023.510009765625 2064.570068359375 2047.3399658203125 2047.3399658203125 1949.199951171875 1899.6600341796875 1906.739990234375 1932.6099853515625
905.260009765625 854.15997314453125 854.15997314453125 856.15997314453125 854.34002685546875 856.83001708984375 859.95001220703125 859.95001220703125 890.1400146484375 1002.78997802734375 1110.81005859375 1197.8699951171875 1197.8699951171875 1273.9599609375 1458.550048828125 1639.199951171875 1639.199951171875 1716.8499755859375 1760.27001953125 1829.1199951171875 1882.4000244140625 1882.4000244140625 1929.3800048828125 1796.4000244140625 1662.6199951171875 1714.9599609375 1714.9599609375 1830.2900390625 1939.18994140625 1977.050048828125 1977.050048828125 2000.010009765625 2002.969970703125 1948.27001953125 1910.1300048828125 1910.1300048828125 1922.3199462890625 1925.199951171875 1982.9100341796875 2008.449951171875 2008.449951171875 1947.6099853515625 1862.530029296875 1825.550048828125 1826.800048828125
987.16998291015625 895.6099853515625 895.6099853515625 853.54998779296875 828.739990234375 820.02001953125 821.45001220703125 821.45001220703125 841.8499755859375 940.65997314453125 1037.969970703125 1086.739990234375 1086.739990234375 1162.280029296875 1182.4200439453125 1365.06005859375 1365.06005859375 1487.8599853515625 1565.3599853515625 1669.1099853515625 1833.1300048828125 1833.1300048828125 1877.5699462890625 1777.780029296875 1641.6700439453125 1724.6700439453125 1724.6700439453125 1861.9599609375 1939.449951171875 1917.8599853515625 1917.8599853515625 1917.4100341796875 1906.5699462890625 1850.1700439453125 1807.739990234375 1807.739990234375 1812.5 1859.739990234375 1885.449951171875 1897.2900390625 1897.2900390625 1899.8900146484375 1859.030029296875 1811.68994140625 1811.68994140625
1066.300048828125 956.75 956.75 898.719970703125 854.47998046875 825.6300048828125 823.29998779296875 828.46002197265625 821.22998046875 806.08001708984375 824.8599853515625 824.8599853515625 846.32000732421875 908.010009765625 1035.8399658203125 1235.0699462890625 1235.0699462890625 1423.4300537109375 1485.3900146484375 1572.3599853515625 1707.8499755859375 1707.8499755859375 1789.47998046875 1759.5 1631.1500244140625 1681.9200439453125 1681.9200439453125 1844.3900146484375 1948.77001953125 1924.1300048828125 1924.1300048828125 1865.1099853515625 1806.3900146484375 1760.800048828125 1726.1199951171875 1726.1199951171875 1736.3499755859375 1774.4100341796875 1797.3499755859375 1813.800048828125 1813.800048828125 1799.5899658203125 1789.010009765625 1770.050048828125 1770.050048828125
1197.449951171875 1121.72998046875 1121.72998046875 1073.469970703125 1029.050048828125 961.75 866.0999755859375 866.0999755859375 826.1099853515625 812.91998291015625 807.239990234375 807.239990234375 814.03997802734375 864.90997314453125 925.69000244140625 1052.8499755859375 1052.8499755859375 1320.4200439453125 1395.510009765625 1470.7099609375 1570.1400146484375 1570.1400146484375 1682.02001953125 1711.4000244140625 1604.8699951171875 1604.8699951171875 1614.3800048828125 1765.989990234375 1901.25 1896.8900146484375 1896.8900146484375 1823.0799560546875 1757.56005859375 1711.6199951171875 1663.699951171875 1663.699951171875 1689.3800048828125 1685.7900390625 1702.969970703125 1702.969970703125 1719.3499755859375 1691.68994140625 1681.760009765625 1653.5400390625 1653.5400390625
1305.68994140625 1284.969970703125 1284.969970703125 1235.3699951171875 1131.3599853515625 1053.469970703125 1053.469970703125 926.41998291015625 845.6300048828125 825.69000244140625 813.489990234375 813.489990234375 802.34002685546875 818.6099853515625 856.719970703125 932.20001220703125 932.20001220703125 1148.2900390625 1265.1099853515625 1348.8299560546875 1458.0899658203125 1458.0899658203125 1536.300048828125 1562.81005859375 1540.22998046875 1540.22998046875 1574.719970703125 1729.1099853515625 1794.18994140625 1783.800048828125 1783.800048828125 1735.199951171875 1709.1500244140625 1673.06005859375 1620.4300537109375 1620.4300537109375 1628.6500244140625 1601.4200439453125 1628.739990234375 1628.739990234375 1624.2099609375 1588.3399658203125 1571.9000244140625 1545.18994140625 1545.18994140625
1424.8699951171875 1432.239990234375 1432.239990234375 1363.3599853515625 1259.280029296875 1159.2900390625 1159.2900390625 1048.2900390625 956.3699951171875 863.3599853515625 834.1099853515625 834.1099853515625 803.97998046875 792.8699951171875 810.3800048828125 886.03997802734375 886.03997802734375 955.969970703125 1107.5799560546875 1171.06005859375 1171.06005859375 1278.8199462890625 1358.3699951171875 1407.1500244140625 1419.9200439453125 1419.9200439453125 1533.9000244140625 1682.3499755859375 1690.7900390625 1666.260009765625 1666.260009765625 1646.9100341796875 1643 1605.300048828125 1568.7099609375 1568.7099609375 1556.989990234375 1510.1199951171875 1544.489990234375 1544.489990234375 1533.719970703125 1429.47998046875 1419.1500244140625 1369.4599609375 1369.4599609375
1544.1099853515625 1522.3599853515625 1522.3599853515625 1451.6700439453125 1399.760009765625 1289.4300537109375 1289.4300537109375 1166.5400390625 1078.050048828125 961.94000244140625 898.6400146484375 898.6400146484375 863.1099853515625 814.02001953125 791.59002685546875 798.96002197265625 798.96002197265625 844.989990234375 946.44000244140625 1015.91998291015625 1015.91998291015625 1102.5699462890625 1162.8599853515625 1247.68994140625 1347.3699951171875 1347.3699951171875 1447.6700439453125 1545.449951171875 1574.6099853515625 1542.81005859375 1542.81005859375 1494.1300048828125 1506.4300537109375 1482.800048828125 1377.6099853515625 1371.260009765625 1358.4000244140625 1340.2099609375 1318.949951171875 1318.949951171875 1323.6300048828125 1320.47998046875 1311.3299560546875 1281.239990234375 1281.239990234375
1628.8299560546875 1628.8299560546875 1581.3299560546875 1540.9300537109375 1487.550048828125 1396.9100341796875 1396.9100341796875 1267.9300537109375 1167.1199951171875 1101.0999755859375 1057.949951171875 1057.949951171875 997.239990234375 923.21002197265625 852.989990234375 852.989990234375 802.27001953125 787.94000244140625 820.3699951171875 906.55999755859375 906.55999755859375 963.05999755859375 1014.1199951171875 1143.9300537109375 1295.3800048828125 1295.3800048828125 1369.4200439453125 1394.800048828125 1297.239990234375 1280.72998046875 1280.72998046875 1262.7099609375 1251.52001953125 1237.510009765625 1237.510009765625 1223.56005859375 1213.8599853515625 1258.4100341796875 1251.1800537109375 1251.1800537109375 1237.1199951171875 1219.3599853515625 1214.6099853515625 1238.0799560546875 1238.0799560546875
1695.6700439453125 1695.6700439453125 1664.81005859375 1621.5999755859375 1571.989990234375 1485.8900146484375 1485.8900146484375 1365.72998046875 1285.72998046875 1230.6800537109375 1218.9100341796875 1218.9100341796875 1179.3800048828125 1092.56005859375 1021.47998046875 1021.47998046875 936.4000244140625 843.79998779296875 794.95001220703125 822.44000244140625 822.44000244140625 793.45001220703125 868.030029296875 965.80999755859375 1051.75 1051.75 1154.550048828125 1196.3599853515625 1207.0400390625 1207.0400390625 1210.260009765625 1190.719970703125 1136.5400390625 1119.6400146484375 1119.6400146484375 1100.280029296875 1098.2099609375 1147.8800048828125 1172.2099609375 1172.2099609375 1143.1600341796875 1150.699951171875 1168.75 1200.4000244140625 1200.4000244140625
1764.489990234375 1764.489990234375 1734.1500244140625 1689.030029296875 1639.1800537109375 1550.239990234375 1550.239990234375 1459.9599609375 1374.780029296875 1346.0799560546875 1332.47998046875 1332.47998046875 1263.1400146484375 1196.6700439453125 1215.1300048828125 1215.1300048828125 1131.0899658203125 1051.3800048828125 972.19000244140625 870.22998046875 870.22998046875 804.8900146484375 802.07000732421875 874.530029296875 962.55999755859375 962.55999755859375 1057.3800048828125 1081.18994140625 1072.5899658203125 1072.5899658203125 1071.6400146484375 1061.77001953125 999.80999755859375 967.79998779296875 967.79998779296875 950.67999267578125 978.3599853515625 1021.739990234375 1068.1500244140625 1068.1500244140625 1106.5400390625 1148.4599609375 1167.1099853515625 1167.1099853515625 1199.010009765625
1845.3900146484375 1845.3900146484375 1835.6199951171875 1780.4100341796875 1722.719970703125 1646.75 1646.75 1575.9599609375 1585.52001953125 1560.27001953125 1560.27001953125 1523.760009765625 1465.199951171875 1410.18994140625 1341.9300537109375 1341.9300537109375 1225.02001953125 1167.7900390625 1126.8199462890625 1003.15997314453125 1003.15997314453125 920.010009765625 853.95001220703125 796.19000244140625 862.94000244140625 862.94000244140625 953.55999755859375 984.05999755859375 958.5999755859375 958.5999755859375 969.07000732421875 950.219970703125 887.34002685546875 875.239990234375 875.239990234375 855.6099853515625 883.16998291015625 934.52001953125 1002.469970703125 1002.469970703125 1066.280029296875 1143.22998046875 1175.4599609375 1175.4599609375 1213.1099853515625
1934.1300048828125 2036.6700439453125 2043.6199951171875 1969.6300048828125 1880.550048828125 1823.72998046875 1823.72998046875 1754.3900146484375 1685.550048828125 1637.8699951171875 1637.8699951171875 1595.9599609375 1555.93994140625 1512.550048828125 1421.550048828125 1421.550048828125 1315.31005859375 1285.31005859375 1211.6700439453125 1111.8399658203125 1111.8399658203125 1004.46002197265625 962.1500244140625 854.5999755859375 854.5999755859375 773.27001953125 811.57000732421875 828.21002197265625 804.20001220703125 804.20001220703125 806.97998046875 813.75 792.02001953125 812.54998779296875 812.54998779296875 796.9000244140625 846.90997314453125 942.69000244140625 1047.3199462890625 1047.3199462890625 1102.3599853515625 1114.239990234375 1049.780029296875 1049.780029296875 983.65997314453125
2129.8701171875 2129.8701171875 2118.840087890625 2022.300048828125 1937.5 1937.5 1869.5400390625 1823.1199951171875 1777.72998046875 1722.050048828125 1722.050048828125 1675.4300537109375 1638.3499755859375 1585.52001953125 1489.97998046875 1489.97998046875 1420.8499755859375 1347.5899658203125 1252.2099609375 1140.47998046875 1140.47998046875 1041.8399658203125 979.82000732421875 867.6199951171875 867.6199951171875 794.70001220703125 765.25 760.69000244140625 758.280029296875 758.280029296875 754.97998046875 773.71002197265625 771.3499755859375 765.260009765625 765.260009765625 749.6400146484375 815.91998291015625 909.70001220703125 909.70001220703125 964.6400146484375 935.510009765625 938.16998291015625 875.91998291015625 875.91998291015625 805.96002197265625
