data/case_study_itwater/merger_s3m_by_domain/geo/Valle_Aosta.txt
ncols        564
nrows        259
xllcorner    6.800407000000
yllcorner    45.464939000000
cellsize     0.002023000000
NODATA_value  -9999
[rows 140 to 159 of 259, columns 495 to 539 of 564]
2439.889892578125 2512.090087890625 2560.159912109375 2560.159912109375 2505.2099609375 2439.030029296875 2361.489990234375 2361.489990234375 2284.85009765625 2209.639892578125 2147.419921875 2094.85009765625 2094.85009765625 2056.300048828125 2021.9200439453125 2050.300048828125 1989.219970703125 1989.219970703125 2038.5999755859375 1997.4599609375 1901.93994140625 1864.43994140625 1864.43994140625 1911.9100341796875 1940.02001953125 1847.7900390625 1847.7900390625 1696.469970703125 1612.9300537109375 1496.3499755859375 1309.969970703125 1309.969970703125 1139.449951171875 1122.8199462890625 1068.8900146484375 1021.260009765625 1021.260009765625 993.16998291015625 1020.6400146484375 1078.56005859375 1078.56005859375 1167.739990234375 1270.300048828125 1392.5799560546875 1519.5699462890625
2539.8798828125 2587.7900390625 2534.25 2534.25 2467.9599609375 2413.409912109375 2346.6201171875 2346.6201171875 2276.3701171875 2206.389892578125 2101.43994140625 2012.1099853515625 2012.1099853515625 1881.8499755859375 1807.5699462890625 1841.6800537109375 1871.02001953125 1871.02001953125 1919.719970703125 1920.3399658203125 1837.469970703125 1837.469970703125 1757.6099853515625 1829.9599609375 1790.550048828125 1680.5999755859375 1680.5999755859375 1580.0899658203125 1522.3399658203125 1406.739990234375 1207.5999755859375 1207.5999755859375 1066.219970703125 1036.510009765625 1015.34002685546875 991.8699951171875 991.8699951171875 1026.1800537109375 1065.510009765625 1130.219970703125 1130.219970703125 1270.530029296875 1389.81005859375 1477.3599853515625 1577.5999755859375
2757.010009765625 2655.7900390625 2589.080078125 2589.080078125 2485.840087890625 2411.75 2342.77001953125 2342.77001953125 2256.719970703125 2165.110107421875 2035.97998046875 1953.0999755859375 1953.0999755859375 1822.9100341796875 1745.3599853515625 1736.3599853515625 1734.5899658203125 1734.5899658203125 1751.2099609375 1754.3399658203125 1696.31005859375 1696.31005859375 1631.81005859375 1729.8299560546875 1708.030029296875 1552.93994140625 1552.93994140625 1435.1300048828125 1385.030029296875 1293.72998046875 1110.47998046875 1110.47998046875 1010.3800048828125 1003.3599853515625 986.16998291015625 986.16998291015625 1024.300048828125 1113.8800048828125 1160.8599853515625 1209.5999755859375 1209.5999755859375 1338.449951171875 1477.1600341796875 1607.81005859375 1672.5799560546875
2801.27001953125 2651.830078125 2651.830078125 2578.360107421875 2482.06005859375 2417.1201171875 2331.530029296875 2331.530029296875 2245.97998046875 2134.0400390625 2010.8399658203125 1915.52001953125 1915.52001953125 1803.4000244140625 1711.81005859375 1654.949951171875 1610.9599609375 1610.9599609375 1566.75 1549.6199951171875 1527.8800048828125 1527.8800048828125 1519.050048828125 1605.43994140625 1622.52001953125 1457.030029296875 1457.030029296875 1248.6400146484375 1197.3399658203125 1102.25 1002.15997314453125 1002.15997314453125 980.260009765625 995.07000732421875 1046.8900146484375 1046.8900146484375 1171.6199951171875 1295.760009765625 1310.8499755859375 1269.0699462890625 1269.0699462890625 1315.550048828125 1450.47998046875 1602.0699462890625 1727.6400146484375
2866.659912109375 2731.179931640625 2731.179931640625 2652.639892578125 2529.22998046875 2434.860107421875 2349.64990234375 2349.64990234375 2269.219970703125 2168.110107421875 2072.739990234375 1951.43994140625 1951.43994140625 1870.5 1806.6700439453125 1758.489990234375 1670.6300048828125 1670.6300048828125 1544.8499755859375 1443.760009765625 1408.469970703125 1408.469970703125 1389.1199951171875 1371.280029296875 1371.2099609375 1262.1700439453125 1262.1700439453125 1109.260009765625 1043.4000244140625 991.07000732421875 970.15997314453125 970.15997314453125 983.40997314453125 1071.260009765625 1150.47998046875 1150.47998046875 1284.949951171875 1422.4599609375 1446.3900146484375 1407.1600341796875 1407.1600341796875 1371.8399658203125 1454.1400146484375 1587.68994140625 1686.72998046875
2892.669921875 2810.429931640625 2810.429931640625 2705.179931640625 2592.889892578125 2475.169921875 2393.2099609375 2393.2099609375 2311.510009765625 2210.340087890625 2106.7099609375 2023.52001953125 2023.52001953125 1964.030029296875 1932.489990234375 1889.7099609375 1889.7099609375 1780.9100341796875 1652.7900390625 1524.219970703125 1422.6600341796875 1422.6600341796875 1335.52001953125 1235.510009765625 1152.5400390625 1087.97998046875 1087.97998046875 1030.8800048828125 999.83001708984375 975.280029296875 987.6400146484375 987.6400146484375 1093.4300537109375 1204.5699462890625 1255.93994140625 1255.93994140625 1403.1800537109375 1494.489990234375 1555.4599609375 1543.0799560546875 1543.0799560546875 1508.0699462890625 1533.31005859375 1622.22998046875 1714.989990234375
2691.6201171875 2633.800048828125 2633.800048828125 2581.080078125 2563.75 2524.7900390625 2460.550048828125 2460.550048828125 2379.429931640625 2295.949951171875 2204.409912109375 2170.489990234375 2170.489990234375 2139.449951171875 2094.110107421875 2011.1099853515625 2011.1099853515625 1899.280029296875 1779.4200439453125 1653.81005859375 1561.6600341796875 1561.6600341796875 1428.4599609375 1259.2900390625 1069.0799560546875 1017.91998291015625 1017.91998291015625 981.41998291015625 973.46002197265625 1016.1400146484375 1016.1400146484375 1120.1300048828125 1221.0400390625 1312.18994140625 1360.56005859375 1360.56005859375 1489.0400390625 1601.3499755859375 1678.1700439453125 1682.8900146484375 1682.8900146484375 1646.72998046875 1708.3499755859375 1745.8499755859375 1832.4100341796875
2532.080078125 2488.570068359375 2488.570068359375 2433.77001953125 2424.610107421875 2377.3701171875 2384.320068359375 2384.320068359375 2446.93994140625 2388.929931640625 2333.110107421875 2299.52001953125 2299.52001953125 2229.22998046875 2151.669921875 2073.3701171875 2073.3701171875 1985.949951171875 1870.0699462890625 1748.739990234375 1585.1800537109375 1585.1800537109375 1429.3599853515625 1208.3900146484375 1033.1800537109375 979.010009765625 979.010009765625 966.280029296875 989.82000732421875 1102.81005859375 1163.56005859375 1282.77001953125 1376.550048828125 1481.5899658203125 1589.030029296875 1589.030029296875 1670.800048828125 1786.06005859375 1897.9200439453125 1925.3699951171875 1925.3699951171875 1893.6700439453125 1842.6600341796875 1843.449951171875 1884.0999755859375
2449 2400.340087890625 2400.340087890625 2334.2900390625 2292.489990234375 2233.81005859375 2270.949951171875 2270.949951171875 2381.18994140625 2351.60009765625 2263.68994140625 2213.5400390625 2213.5400390625 2169.780029296875 2087.820068359375 1952.75 1952.75 1751.2900390625 1737.7099609375 1631.5699462890625 1480.7900390625 1480.7900390625 1292.300048828125 1076.22998046875 970.66998291015625 941.03997802734375 941.03997802734375 960.6300048828125 1062.1300048828125 1198.81005859375 1198.81005859375 1332.489990234375 1446.0699462890625 1535.27001953125 1633.52001953125 1633.52001953125 1761.199951171875 1895.949951171875 2033.699951171875 2073.360107421875 2073.360107421875 1984.0999755859375 1939.5899658203125 1934.0400390625 1934.0400390625
2461.570068359375 2360.340087890625 2360.340087890625 2282.47998046875 2180.550048828125 2077.110107421875 2117.489990234375 2117.489990234375 2194.89990234375 2185.22998046875 2110.080078125 2110.080078125 2009.6300048828125 1929.1400146484375 1844.260009765625 1730.8900146484375 1730.8900146484375 1631.6400146484375 1588.6300048828125 1535.4100341796875 1440.260009765625 1440.260009765625 1241.5999755859375 1051.4000244140625 981.05999755859375 936.65997314453125 936.65997314453125 972.45001220703125 1082.31005859375 1209.8499755859375 1209.8499755859375 1361.8900146484375 1486.1099853515625 1576.5999755859375 1681.8399658203125 1681.8399658203125 1812.9000244140625 1941.0400390625 2080.9599609375 2204.010009765625 2204.010009765625 2141.39990234375 2035.18994140625 2030.1800537109375 2030.1800537109375
2361.4599609375 2384.77001953125 2384.77001953125 2277.989990234375 2138.139892578125 2031.300048828125 2021.739990234375 2021.739990234375 2097.659912109375 2101.280029296875 2044.5999755859375 2044.5999755859375 1931.5999755859375 1810.43994140625 1747.68994140625 1660.6400146484375 1660.6400146484375 1555.3399658203125 1464.6700439453125 1401.3499755859375 1326.43994140625 1326.43994140625 1177.3800048828125 1055.2099609375 1008.02001953125 1008.02001953125 952.4000244140625 966.44000244140625 1082.3800048828125 1227.8199462890625 1227.8199462890625 1385.280029296875 1528.6700439453125 1604.260009765625 1714.47998046875 1714.47998046875 1868.6300048828125 2001.8800048828125 2117.02001953125 2221.639892578125 2221.639892578125 2267.830078125 2225.780029296875 2161.5400390625 2161.5400390625
2218.090087890625 2219.93994140625 2219.93994140625 2170.719970703125 2084.820068359375 1977.5999755859375 1946.52001953125 1946.52001953125 1981.56005859375 1998.6400146484375 1982.300048828125 1982.300048828125 1884.7900390625 1772.5999755859375 1674.510009765625 1585.4300537109375 1585.4300537109375 1486.02001953125 1383.3199462890625 1272.68994140625 1198.3299560546875 1198.3299560546875 1121.530029296875 1064.27001953125 1020.6199951171875 1020.6199951171875 952.989990234375 940.32000732421875 1047.8900146484375 1227.02001953125 1227.02001953125 1359.27001953125 1496.6400146484375 1593.47998046875 1685.5799560546875 1685.5799560546875 1809.3800048828125 1960.75 2072.840087890625 2118.929931640625 2118.929931640625 2150.3798828125 2214.909912109375 2230.25 2230.25
2078.699951171875 2071.43994140625 2071.43994140625 2039.75 2005.449951171875 1961.8399658203125 1961.8399658203125 1895.010009765625 1887.800048828125 1892.5699462890625 1896.8699951171875 1896.8699951171875 1850.5400390625 1764.7099609375 1667.22998046875 1584.25 1584.25 1477.1099853515625 1379.1500244140625 1315.1400146484375 1248.8699951171875 1248.8699951171875 1149.6800537109375 1086.75 1027.8199462890625 1027.8199462890625 956.8499755859375 939.3599853515625 1020.3800048828125 1143.5699462890625 1143.5699462890625 1251.3299560546875 1370.6500244140625 1488.4100341796875 1626.5699462890625 1626.5699462890625 1756.8900146484375 1882.2900390625 1976.969970703125 1976.969970703125 1973.93994140625 2027.530029296875 2064.080078125 2087.719970703125 2087.719970703125
1971.4200439453125 1979.97998046875 1979.97998046875 1936.56005859375 1916.02001953125 1898.4100341796875 1898.4100341796875 1865.3399658203125 1814.8599853515625 1816.1300048828125 1814.5999755859375 1814.5999755859375 1785.18994140625 1724.030029296875 1650.4100341796875 1595.77001953125 1595.77001953125 1521.760009765625 1430.02001953125 1338.1600341796875 1273.260009765625 1273.260009765625 1236.3800048828125 1133.2099609375 1018.20001220703125 1018.20001220703125 955.0999755859375 937.71002197265625 1003.70001220703125 1131.0799560546875 1131.0799560546875 1270.97998046875 1386.0899658203125 1491.2900390625 1600.1199951171875 1600.1199951171875 1672.8599853515625 1735.8800048828125 1791.3800048828125 1791.3800048828125 1820.780029296875 1879.8800048828125 1914.43994140625 1948.27001953125 1948.27001953125
1942.9100341796875 1912.8699951171875 1912.8699951171875 1880.3199462890625 1848.8800048828125 1818.260009765625 1818.260009765625 1815.5799560546875 1769.4300537109375 1756.8599853515625 1751.8699951171875 1751.8699951171875 1715.489990234375 1683.030029296875 1614.489990234375 1521.8499755859375 1521.8499755859375 1448.3499755859375 1380.300048828125 1376.4000244140625 1376.4000244140625 1371.6099853515625 1342.75 1238.9200439453125 1056.5799560546875 1056.5799560546875 958.55999755859375 926.44000244140625 964.70001220703125 1089.52001953125 1089.52001953125 1209.239990234375 1344.989990234375 1441.3900146484375 1509 1509 1551.27001953125 1601.030029296875 1658.800048828125 1658.800048828125 1722.989990234375 1766.239990234375 1793.8499755859375 1849.260009765625 1849.260009765625
1896.1099853515625 1878.02001953125 1878.02001953125 1856.3900146484375 1818.1099853515625 1775.1099853515625 1775.1099853515625 1741.0699462890625 1705.97998046875 1671.969970703125 1643.260009765625 1643.260009765625 1603.949951171875 1577.1400146484375 1518.1800537109375 1449.27001953125 1449.27001953125 1426.550048828125 1451.9100341796875 1494.3399658203125 1494.3399658203125 1499.530029296875 1406.530029296875 1244.6600341796875 1089.3800048828125 1089.3800048828125 982.3900146484375 929.6300048828125 939.8800048828125 1025.8399658203125 1025.8399658203125 1098.75 1212.9599609375 1320.9000244140625 1399.949951171875 1399.949951171875 1510.6400146484375 1649.1300048828125 1754.8900146484375 1754.8900146484375 1816.1400146484375 1864.5799560546875 1899.0400390625 1934.739990234375 1934.739990234375
1891.1300048828125 1891.1300048828125 1927.97998046875 1943.4300537109375 1907.3499755859375 1853.4599609375 1853.4599609375 1797.449951171875 1740.9000244140625 1682.8800048828125 1624.510009765625 1624.510009765625 1563.739990234375 1535.969970703125 1511.8399658203125 1503.010009765625 1503.010009765625 1535.719970703125 1754.739990234375 1767.1400146484375 1767.1400146484375 1689.56005859375 1554.4200439453125 1410.75 1240.5799560546875 1240.5799560546875 1084.030029296875 952.0999755859375 927.30999755859375 1019.53997802734375 1019.53997802734375 1138.75 1249.5400390625 1335.56005859375 1335.56005859375 1419.5799560546875 1518.6199951171875 1623.8299560546875 1738.18994140625 1738.18994140625 1858.4599609375 1977.1300048828125 2044.1800537109375 2037.4100341796875 2037.4100341796875
1947.3499755859375 1947.3499755859375 2002.800048828125 2046.1700439453125 2015.0799560546875 1936.4300537109375 1999.8699951171875 1962.260009765625 2028.8199462890625 1931.6500244140625 1878.489990234375 1878.489990234375 1810.949951171875 1707.52001953125 1750.0699462890625 1798.06005859375 1798.06005859375 1835.56005859375 1906.8499755859375 1881.760009765625 1881.760009765625 1765.72998046875 1634.3900146484375 1440.77001953125 1281.5400390625 1281.5400390625 1120.6700439453125 976.97998046875 936.20001220703125 1014.719970703125 1014.719970703125 1125.550048828125 1208.8900146484375 1293.02001953125 1293.02001953125 1404.1500244140625 1515.4300537109375 1620.1800537109375 1747.8299560546875 1747.8299560546875 1855.5 1976.5899658203125 2112.469970703125 2200.110107421875 2200.110107421875
2132.840087890625 2132.840087890625 2222.18994140625 2197.669921875 2098.10009765625 2040.6700439453125 2040.6700439453125 2058.85009765625 2145.489990234375 2086 1979.75 1979.75 1858.9300537109375 1822.6600341796875 1845.489990234375 1845.489990234375 1901.4000244140625 2007.1500244140625 1988.239990234375 1897.6700439453125 1897.6700439453125 1769.5400390625 1644.6600341796875 1477.3800048828125 1343.43994140625 1343.43994140625 1142.5899658203125 970.1300048828125 933.739990234375 1023.78997802734375 1023.78997802734375 1118.72998046875 1221.0699462890625 1315.1700439453125 1315.1700439453125 1436.9100341796875 1543.4599609375 1658.260009765625 1780.219970703125 1780.219970703125 1890.9000244140625 2014.75 2139.320068359375 2241.97998046875 2241.97998046875
2293.8798828125 2293.8798828125 2246.639892578125 2160.02001953125 2104.8798828125 2078.72998046875 2078.72998046875 2099.340087890625 2222.239990234375 2224.77001953125 2092.02001953125 2092.02001953125 2023.9000244140625 2010.5699462890625 2025.969970703125 2025.969970703125 2068.6201171875 1995.4100341796875 1909.31005859375 1786.219970703125 1786.219970703125 1688.8299560546875 1579.0799560546875 1492.800048828125 1374.8199462890625 1374.8199462890625 1171.8499755859375 944.239990234375 919.969970703125 1032.1800537109375 1032.1800537109375 1141.9599609375 1241.260009765625 1335.27001953125 1335.27001953125 1463.1700439453125 1597.1600341796875 1721.3199462890625 1846.47998046875 1846.47998046875 1956.0899658203125 2052.679931640625 2156.090087890625 2168.010009765625 2168.010009765625
