data/case_study_iwrn/geo/gridded/shebele.lat.txt
ncols        763
nrows        553
xllcorner    38.675613235556
yllcorner    4.620037453540
cellsize     0.008993216100
NODATA_value  -9999.00
[rows 152 to 189 of 553, columns 0 to 83 of 763]
8.22 8.22 8.22 8.22 8.22 8.22 8.22 8.22 8.22 8.22 8.22 8.22 8.22 8.22 8.22 8.22 8.22 8.22 8.22 8.22 8.22 8.22 8.22 8.22 8.22 8.22 8.22 8.22 8.22 8.22 8.22 8.22 8.22 8.22 8.22 8.22 8.22 8.22 8.22 8.22 8.22 8.22 8.22 8.22 8.22 8.22 8.22 8.22 8.22 8.22 8.22 8.22 8.22 8.22 8.22 8.22 8.22 8.22 8.22 8.22 8.22 8.22 8.22 8.22 8.22 8.22 8.22 8.22 8.22 8.22 8.22 8.22 8.22 8.22 8.22 8.22 8.22 8.22 8.22 8.22 8.22 8.22 8.22 8.22
8.21 8.21 8.21 8.21 8.21 8.21 8.21 8.21 8.21 8.21 8.21 8.21 8.21 8.21 8.21 8.21 8.21 8.21 8.21 8.21 8.21 8.21 8.21 8.21 8.21 8.21 8.21 8.21 8.21 8.21 8.21 8.21 8.21 8.21 8.21 8.21 8.21 8.21 8.21 8.21 8.21 8.21 8.21 8.21 8.21 8.21 8.21 8.21 8.21 8.21 8.21 8.21 8.21 8.21 8.21 8.21 8.21 8.21 8.21 8.21 8.21 8.21 8.21 8.21 8.21 8.21 8.21 8.21 8.21 8.21 8.21 8.21 8.21 8.21 8.21 8.21 8.21 8.21 8.21 8.21 8.21 8.21 8.21 8.21
8.20 8.20 8.20 8.20 8.20 8.20 8.20 8.20 8.20 8.20 8.20 8.20 8.20 8.20 8.20 8.20 8.20 8.20 8.20 8.20 8.20 8.20 8.20 8.20 8.20 8.20 8.20 8.20 8.20 8.20 8.20 8.20 8.20 8.20 8.20 8.20 8.20 8.20 8.20 8.20 8.20 8.20 8.20 8.20 8.20 8.20 8.20 8.20 8.20 8.20 8.20 8.20 8.20 8.20 8.20 8.20 8.20 8.20 8.20 8.20 8.20 8.20 8.20 8.20 8.20 8.20 8.20 8.20 8.20 8.20 8.20 8.20 8.20 8.20 8.20 8.20 8.20 8.20 8.20 8.20 8.20 8.20 8.20 8.20
8.19 8.19 8.19 8.19 8.19 8.19 8.19 8.19 8.19 8.19 8.19 8.19 8.19 8.19 8.19 8.19 8.19 8.19 8.19 8.19 8.19 8.19 8.19 8.19 8.19 8.19 8.19 8.19 8.19 8.19 8.19 8.19 8.19 8.19 8.19 8.19 8.19 8.19 8.19 8.19 8.19 8.19 8.19 8.19 8.19 8.19 8.19 8.19 8.19 8.19 8.19 8.19 8.19 8.19 8.19 8.19 8.19 8.19 8.19 8.19 8.19 8.19 8.19 8.19 8.19 8.19 8.19 8.19 8.19 8.19 8.19 8.19 8.19 8.19 8.19 8.19 8.19 8.19 8.19 8.19 8.19 8.19 8.19 8.19
8.19 8.19 8.19 8.19 8.19 8.19 8.19 8.19 8.19 8.19 8.19 8.19 8.19 8.19 8.19 8.19 8.19 8.19 8.19 8.19 8.19 8.19 8.19 8.19 8.19 8.19 8.19 8.19 8.19 8.19 8.19 8.19 8.19 8.19 8.19 8.19 8.19 8.19 8.19 8.19 8.19 8.19 8.19 8.19 8.19 8.19 8.19 8.19 8.19 8.19 8.19 8.19 8.19 8.19 8.19 8.19 8.19 8.19 8.19 8.19 8.19 8.19 8.19 8.19 8.19 8.19 8.19 8.19 8.19 8.19 8.19 8.19 8.19 8.19 8.19 8.19 8.19 8.19 8.19 8.19 8.19 8.19 8.19 8.19
8.18 8.18 8.18 8.18 8.18 8.18 8.18 8.18 8.18 8.18 8.18 8.18 8.18 8.18 8.18 8.18 8.18 8.18 8.18 8.18 8.18 8.18 8.18 8.18 8.18 8.18 8.18 8.18 8.18 8.18 8.18 8.18 8.18 8.18 8.18 8.18 8.18 8.18 8.18 8.18 8.18 8.18 8.18 8.18 8.18 8.18 8.18 8.18 8.18 8.18 8.18 8.18 8.18 8.18 8.18 8.18 8.18 8.18 8.18 8.18 8.18 8.18 8.18 8.18 8.18 8.18 8.18 8.18 8.18 8.18 8.18 8.18 8.18 8.18 8.18 8.18 8.18 8.18 8.18 8.18 8.18 8.18 8.18 8.18
8.17 8.17 8.17 8.17 8.17 8.17 8.17 8.17 8.17 8.17 8.17 8.17 8.17 8.17 8.17 8.17 8.17 8.17 8.17 8.17 8.17 8.17 8.17 8.17 8.17 8.17 8.17 8.17 8.17 8.17 8.17 8.17 8.17 8.17 8.17 8.17 8.17 8.17 8.17 8.17 8.17 8.17 8.17 8.17 8.17 8.17 8.17 8.17 8.17 8.17 8.17 8.17 8.17 8.17 8.17 8.17 8.17 8.17 8.17 8.17 8.17 8.17 8.17 8.17 8.17 8.17 8.17 8.17 8.17 8.17 8.17 8.17 8.17 8.17 8.17 8.17 8.17 8.17 8.17 8.17 8.17 8.17 8.17 8.17
8.16 8.16 8.16 8.16 8.16 8.16 8.16 8.16 8.16 8.16 8.16 8.16 8.16 8.16 8.16 8.16 8.16 8.16 8.16 8.16 8.16 8.16 8.16 8.16 8.16 8.16 8.16 8.16 8.16 8.16 8.16 8.16 8.16 8.16 8.16 8.16 8.16 8.16 8.16 8.16 8.16 8.16 8.16 8.16 8.16 8.16 8.16 8.16 8.16 8.16 8.16 8.16 8.16 8.16 8.16 8.16 8.16 8.16 8.16 8.16 8.16 8.16 8.16 8.16 8.16 8.16 8.16 8.16 8.16 8.16 8.16 8.16 8.16 8.16 8.16 8.16 8.16 8.16 8.16 8.16 8.16 8.16 8.16 8.16
8.15 8.15 8.15 8.15 8.15 8.15 8.15 8.15 8.15 8.15 8.15 8.15 8.15 8.15 8.15 8.15 8.15 8.15 8.15 8.15 8.15 8.15 8.15 8.15 8.15 8.15 8.15 8.15 8.15 8.15 8.15 8.15 8.15 8.15 8.15 8.15 8.15 8.15 8.15 8.15 8.15 8.15 8.15 8.15 8.15 8.15 8.15 8.15 8.15 8.15 8.15 8.15 8.15 8.15 8.15 8.15 8.15 8.15 8.15 8.15 8.15 8.15 8.15 8.15 8.15 8.15 8.15 8.15 8.15 8.15 8.15 8.15 8.15 8.15 8.15 8.15 8.15 8.15 8.15 8.15 8.15 8.15 8.15 8.15
8.14 8.14 8.14 8.14 8.14 8.14 8.14 8.14 8.14 8.14 8.14 8.14 8.14 8.14 8.14 8.14 8.14 8.14 8.14 8.14 8.14 8.14 8.14 8.14 8.14 8.14 8.14 8.14 8.14 8.14 8.14 8.14 8.14 8.14 8.14 8.14 8.14 8.14 8.14 8.14 8.14 8.14 8.14 8.14 8.14 8.14 8.14 8.14 8.14 8.14 8.14 8.14 8.14 8.14 8.14 8.14 8.14 8.14 8.14 8.14 8.14 8.14 8.14 8.14 8.14 8.14 8.14 8.14 8.14 8.14 8.14 8.14 8.14 8.14 8.14 8.14 8.14 8.14 8.14 8.14 8.14 8.14 8.14 8.14
8.13 8.13 8.13 8.13 8.13 8.13 8.13 8.13 8.13 8.13 8.13 8.13 8.13 8.13 8.13 8.13 8.13 8.13 8.13 8.13 8.13 8.13 8.13 8.13 8.13 8.13 8.13 8.13 8.13 8.13 8.13 8.13 8.13 8.13 8.13 8.13 8.13 8.13 8.13 8.13 8.13 8.13 8.13 8.13 8.13 8.13 8.13 8.13 8.13 8.13 8.13 8.13 8.13 8.13 8.13 8.13 8.13 8.13 8.13 8.13 8.13 8.13 8.13 8.13 8.13 8.13 8.13 8.13 8.13 8.13 8.13 8.13 8.13 8.13 8.13 8.13 8.13 8.13 8.13 8.13 8.13 8.13 8.13 8.13
8.12 8.12 8.12 8.12 8.12 8.12 8.12 8.12 8.12 8.12 8.12 8.12 8.12 8.12 8.12 8.12 8.12 8.12 8.12 8.12 8.12 8.12 8.12 8.12 8.12 8.12 8.12 8.12 8.12 8.12 8.12 8.12 8.12 8.12 8.12 8.12 8.12 8.12 8.12 8.12 8.12 8.12 8.12 8.12 8.12 8.12 8.12 8.12 8.12 8.12 8.12 8.12 8.12 8.12 8.12 8.12 8.12 8.12 8.12 8.12 8.12 8.12 8.12 8.12 8.12 8.12 8.12 8.12 8.12 8.12 8.12 8.12 8.12 8.12 8.12 8.12 8.12 8.12 8.12 8.12 8.12 8.12 8.12 8.12
8.11 8.11 8.11 8.11 8.11 8.11 8.11 8.11 8.11 8.11 8.11 8.11 8.11 8.11 8.11 8.11 8.11 8.11 8.11 8.11 8.11 8.11 8.11 8.11 8.11 8.11 8.11 8.11 8.11 8.11 8.11 8.11 8.11 8.11 8.11 8.11 8.11 8.11 8.11 8.11 8.11 8.11 8.11 8.11 8.11 8.11 8.11 8.11 8.11 8.11 8.11 8.11 8.11 8.11 8.11 8.11 8.11 8.11 8.11 8.11 8.11 8.11 8.11 8.11 8.11 8.11 8.11 8.11 8.11 8.11 8.11 8.11 8.11 8.11 8.11 8.11 8.11 8.11 8.11 8.11 8.11 8.11 8.11 8.11
8.10 8.10 8.10 8.10 8.10 8.10 8.10 8.10 8.10 8.10 8.10 8.10 8.10 8.10 8.10 8.10 8.10 8.10 8.10 8.10 8.10 8.10 8.10 8.10 8.10 8.10 8.10 8.10 8.10 8.10 8.10 8.10 8.10 8.10 8.10 8.10 8.10 8.10 8.10 8.10 8.10 8.10 8.10 8.10 8.10 8.10 8.10 8.10 8.10 8.10 8.10 8.10 8.10 8.10 8.10 8.10 8.10 8.10 8.10 8.10 8.10 8.10 8.10 8.10 8.10 8.10 8.10 8.10 8.10 8.10 8.10 8.10 8.10 8.10 8.10 8.10 8.10 8.10 8.10 8.10 8.10 8.10 8.10 8.10
8.10 8.10 8.10 8.10 8.10 8.10 8.10 8.10 8.10 8.10 8.10 8.10 8.10 8.10 8.10 8.10 8.10 8.10 8.10 8.10 8.10 8.10 8.10 8.10 8.10 8.10 8.10 8.10 8.10 8.10 8.10 8.10 8.10 8.10 8.10 8.10 8.10 8.10 8.10 8.10 8.10 8.10 8.10 8.10 8.10 8.10 8.10 8.10 8.10 8.10 8.10 8.10 8.10 8.10 8.10 8.10 8.10 8.10 8.10 8.10 8.10 8.10 8.10 8.10 8.10 8.10 8.10 8.10 8.10 8.10 8.10 8.10 8.10 8.10 8.10 8.10 8.10 8.10 8.10 8.10 8.10 8.10 8.10 8.10
8.09 8.09 8.09 8.09 8.09 8.09 8.09 8.09 8.09 8.09 8.09 8.09 8.09 8.09 8.09 8.09 8.09 8.09 8.09 8.09 8.09 8.09 8.09 8.09 8.09 8.09 8.09 8.09 8.09 8.09 8.09 8.09 8.09 8.09 8.09 8.09 8.09 8.09 8.09 8.09 8.09 8.09 8.09 8.09 8.09 8.09 8.09 8.09 8.09 8.09 8.09 8.09 8.09 8.09 8.09 8.09 8.09 8.09 8.09 8.09 8.09 8.09 8.09 8.09 8.09 8.09 8.09 8.09 8.09 8.09 8.09 8.09 8.09 8.09 8.09 8.09 8.09 8.09 8.09 8.09 8.09 8.09 8.09 8.09
8.08 8.08 8.08 8.08 8.08 8.08 8.08 8.08 8.08 8.08 8.08 8.08 8.08 8.08 8.08 8.08 8.08 8.08 8.08 8.08 8.08 8.08 8.08 8.08 8.08 8.08 8.08 8.08 8.08 8.08 8.08 8.08 8.08 8.08 8.08 8.08 8.08 8.08 8.08 8.08 8.08 8.08 8.08 8.08 8.08 8.08 8.08 8.08 8.08 8.08 8.08 8.08 8.08 8.08 8.08 8.08 8.08 8.08 8.08 8.08 8.08 8.08 8.08 8.08 8.08 8.08 8.08 8.08 8.08 8.08 8.08 8.08 8.08 8.08 8.08 8.08 8.08 8.08 8.08 8.08 8.08 8.08 8.08 8.08
8.07 8.07 8.07 8.07 8.07 8.07 8.07 8.07 8.07 8.07 8.07 8.07 8.07 8.07 8.07 8.07 8.07 8.07 8.07 8.07 8.07 8.07 8.07 8.07 8.07 8.07 8.07 8.07 8.07 8.07 8.07 8.07 8.07 8.07 8.07 8.07 8.07 8.07 8.07 8.07 8.07 8.07 8.07 8.07 8.07 8.07 8.07 8.07 8.07 8.07 8.07 8.07 8.07 8.07 8.07 8.07 8.07 8.07 8.07 8.07 8.07 8.07 8.07 8.07 8.07 8.07 8.07 8.07 8.07 8.07 8.07 8.07 8.07 8.07 8.07 8.07 8.07 8.07 8.07 8.07 8.07 8.07 8.07 8.07
8.06 8.06 8.06 8.06 8.06 8.06 8.06 8.06 8.06 8.06 8.06 8.06 8.06 8.06 8.06 8.06 8.06 8.06 8.06 8.06 8.06 8.06 8.06 8.06 8.06 8.06 8.06 8.06 8.06 8.06 8.06 8.06 8.06 8.06 8.06 8.06 8.06 8.06 8.06 8.06 8.06 8.06 8.06 8.06 8.06 8.06 8.06 8.06 8.06 8.06 8.06 8.06 8.06 8.06 8.06 8.06 8.06 8.06 8.06 8.06 8.06 8.06 8.06 8.06 8.06 8.06 8.06 8.06 8.06 8.06 8.06 8.06 8.06 8.06 8.06 8.06 8.06 8.06 8.06 8.06 8.06 8.06 8.06 8.06
8.05 8.05 8.05 8.05 8.05 8.05 8.05 8.05 8.05 8.05 8.05 8.05 8.05 8.05 8.05 8.05 8.05 8.05 8.05 8.05 8.05 8.05 8.05 8.05 8.05 8.05 8.05 8.05 8.05 8.05 8.05 8.05 8.05 8.05 8.05 8.05 8.05 8.05 8.05 8.05 8.05 8.05 8.05 8.05 8.05 8.05 8.05 8.05 8.05 8.05 8.05 8.05 8.05 8.05 8.05 8.05 8.05 8.05 8.05 8.05 8.05 8.05 8.05 8.05 8.05 8.05 8.05 8.05 8.05 8.05 8.05 8.05 8.05 8.05 8.05 8.05 8.05 8.05 8.05 8.05 8.05 8.05 8.05 8.05
8.04 8.04 8.04 8.04 8.04 8.04 8.04 8.04 8.04 8.04 8.04 8.04 8.04 8.04 8.04 8.04 8.04 8.04 8.04 8.04 8.04 8.04 8.04 8.04 8.04 8.04 8.04 8.04 8.04 8.04 8.04 8.04 8.04 8.04 8.04 8.04 8.04 8.04 8.04 8.04 8.04 8.04 8.04 8.04 8.04 8.04 8.04 8.04 8.04 8.04 8.04 8.04 8.04 8.04 8.04 8.04 8.04 8.04 8.04 8.04 8.04 8.04 8.04 8.04 8.04 8.04 8.04 8.04 8.04 8.04 8.04 8.04 8.04 8.04 8.04 8.04 8.04 8.04 8.04 8.04 8.04 8.04 8.04 8.04
8.03 8.03 8.03 8.03 8.03 8.03 8.03 8.03 8.03 8.03 8.03 8.03 8.03 8.03 8.03 8.03 8.03 8.03 8.03 8.03 8.03 8.03 8.03 8.03 8.03 8.03 8.03 8.03 8.03 8.03 8.03 8.03 8.03 8.03 8.03 8.03 8.03 8.03 8.03 8.03 8.03 8.03 8.03 8.03 8.03 8.03 8.03 8.03 8.03 8.03 8.03 8.03 8.03 8.03 8.03 8.03 8.03 8.03 8.03 8.03 8.03 8.03 8.03 8.03 8.03 8.03 8.03 8.03 8.03 8.03 8.03 8.03 8.03 8.03 8.03 8.03 8.03 8.03 8.03 8.03 8.03 8.03 8.03 8.03
8.02 8.02 8.02 8.02 8.02 8.02 8.02 8.02 8.02 8.02 8.02 8.02 8.02 8.02 8.02 8.02 8.02 8.02 8.02 8.02 8.02 8.02 8.02 8.02 8.02 8.02 8.02 8.02 8.02 8.02 8.02 8.02 8.02 8.02 8.02 8.02 8.02 8.02 8.02 8.02 8.02 8.02 8.02 8.02 8.02 8.02 8.02 8.02 8.02 8.02 8.02 8.02 8.02 8.02 8.02 8.02 8.02 8.02 8.02 8.02 8.02 8.02 8.02 8.02 8.02 8.02 8.02 8.02 8.02 8.02 8.02 8.02 8.02 8.02 8.02 8.02 8.02 8.02 8.02 8.02 8.02 8.02 8.02 8.02
8.01 8.01 8.01 8.01 8.01 8.01 8.01 8.01 8.01 8.01 8.01 8.01 8.01 8.01 8.01 8.01 8.01 8.01 8.01 8.01 8.01 8.01 8.01 8.01 8.01 8.01 8.01 8.01 8.01 8.01 8.01 8.01 8.01 8.01 8.01 8.01 8.01 8.01 8.01 8.01 8.01 8.01 8.01 8.01 8.01 8.01 8.01 8.01 8.01 8.01 8.01 8.01 8.01 8.01 8.01 8.01 8.01 8.01 8.01 8.01 8.01 8.01 8.01 8.01 8.01 8.01 8.01 8.01 8.01 8.01 8.01 8.01 8.01 8.01 8.01 8.01 8.01 8.01 8.01 8.01 8.01 8.01 8.01 8.01
8.01 8.01 8.01 8.01 8.01 8.01 8.01 8.01 8.01 8.01 8.01 8.01 8.01 8.01 8.01 8.01 8.01 8.01 8.01 8.01 8.01 8.01 8.01 8.01 8.01 8.01 8.01 8.01 8.01 8.01 8.01 8.01 8.01 8.01 8.01 8.01 8.01 8.01 8.01 8.01 8.01 8.01 8.01 8.01 8.01 8.01 8.01 8.01 8.01 8.01 8.01 8.01 8.01 8.01 8.01 8.01 8.01 8.01 8.01 8.01 8.01 8.01 8.01 8.01 8.01 8.01 8.01 8.01 8.01 8.01 8.01 8.01 8.01 8.01 8.01 8.01 8.01 8.01 8.01 8.01 8.01 8.01 8.01 8.01
8.00 8.00 8.00 8.00 8.00 8.00 8.00 8.00 8.00 8.00 8.00 8.00 8.00 8.00 8.00 8.00 8.00 8.00 8.00 8.00 8.00 8.00 8.00 8.00 8.00 8.00 8.00 8.00 8.00 8.00 8.00 8.00 8.00 8.00 8.00 8.00 8.00 8.00 8.00 8.00 8.00 8.00 8.00 8.00 8.00 8.00 8.00 8.00 8.00 8.00 8.00 8.00 8.00 8.00 8.00 8.00 8.00 8.00 8.00 8.00 8.00 8.00 8.00 8.00 8.00 8.00 8.00 8.00 8.00 8.00 8.00 8.00 8.00 8.00 8.00 8.00 8.00 8.00 8.00 8.00 8.00 8.00 8.00 8.00
7.99 7.99 7.99 7.99 7.99 7.99 7.99 7.99 7.99 7.99 7.99 7.99 7.99 7.99 7.99 7.99 7.99 7.99 7.99 7.99 7.99 7.99 7.99 7.99 7.99 7.99 7.99 7.99 7.99 7.99 7.99 7.99 7.99 7.99 7.99 7.99 7.99 7.99 7.99 7.99 7.99 7.99 7.99 7.99 7.99 7.99 7.99 7.99 7.99 7.99 7.99 7.99 7.99 7.99 7.99 7.99 7.99 7.99 7.99 7.99 7.99 7.99 7.99 7.99 7.99 7.99 7.99 7.99 7.99 7.99 7.99 7.99 7.99 7.99 7.99 7.99 7.99 7.99 7.99 7.99 7.99 7.99 7.99 7.99
7.98 7.98 7.98 7.98 7.98 7.98 7.98 7.98 7.98 7.98 7.98 7.98 7.98 7.98 7.98 7.98 7.98 7.98 7.98 7.98 7.98 7.98 7.98 7.98 7.98 7.98 7.98 7.98 7.98 7.98 7.98 7.98 7.98 7.98 7.98 7.98 7.98 7.98 7.98 7.98 7.98 7.98 7.98 7.98 7.98 7.98 7.98 7.98 7.98 7.98 7.98 7.98 7.98 7.98 7.98 7.98 7.98 7.98 7.98 7.98 7.98 7.98 7.98 7.98 7.98 7.98 7.98 7.98 7.98 7.98 7.98 7.98 7.98 7.98 7.98 7.98 7.98 7.98 7.98 7.98 7.98 7.98 7.98 7.98
7.97 7.97 7.97 7.97 7.97 7.97 7.97 7.97 7.97 7.97 7.97 7.97 7.97 7.97 7.97 7.97 7.97 7.97 7.97 7.97 7.97 7.97 7.97 7.97 7.97 7.97 7.97 7.97 7.97 7.97 7.97 7.97 7.97 7.97 7.97 7.97 7.97 7.97 7.97 7.97 7.97 7.97 7.97 7.97 7.97 7.97 7.97 7.97 7.97 7.97 7.97 7.97 7.97 7.97 7.97 7.97 7.97 7.97 7.97 7.97 7.97 7.97 7.97 7.97 7.97 7.97 7.97 7.97 7.97 7.97 7.97 7.97 7.97 7.97 7.97 7.97 7.97 7.97 7.97 7.97 7.97 7.97 7.97 7.97
7.96 7.96 7.96 7.96 7.96 7.96 7.96 7.96 7.96 7.96 7.96 7.96 7.96 7.96 7.96 7.96 7.96 7.96 7.96 7.96 7.96 7.96 7.96 7.96 7.96 7.96 7.96 7.96 7.96 7.96 7.96 7.96 7.96 7.96 7.96 7.96 7.96 7.96 7.96 7.96 7.96 7.96 7.96 7.96 7.96 7.96 7.96 7.96 7.96 7.96 7.96 7.96 7.96 7.96 7.96 7.96 7.96 7.96 7.96 7.96 7.96 7.96 7.96 7.96 7.96 7.96 7.96 7.96 7.96 7.96 7.96 7.96 7.96 7.96 7.96 7.96 7.96 7.96 7.96 7.96 7.96 7.96 7.96 7.96
7.95 7.95 7.95 7.95 7.95 7.95 7.95 7.95 7.95 7.95 7.95 7.95 7.95 7.95 7.95 7.95 7.95 7.95 7.95 7.95 7.95 7.95 7.95 7.95 7.95 7.95 7.95 7.95 7.95 7.95 7.95 7.95 7.95 7.95 7.95 7.95 7.95 7.95 7.95 7.95 7.95 7.95 7.95 7.95 7.95 7.95 7.95 7.95 7.95 7.95 7.95 7.95 7.95 7.95 7.95 7.95 7.95 7.95 7.95 7.95 7.95 7.95 7.95 7.95 7.95 7.95 7.95 7.95 7.95 7.95 7.95 7.95 7.95 7.95 7.95 7.95 7.95 7.95 7.95 7.95 7.95 7.95 7.95 7.95
7.94 7.94 7.94 7.94 7.94 7.94 7.94 7.94 7.94 7.94 7.94 7.94 7.94 7.94 7.94 7.94 7.94 7.94 7.94 7.94 7.94 7.94 7.94 7.94 7.94 7.94 7.94 7.94 7.94 7.94 7.94 7.94 7.94 7.94 7.94 7.94 7.94 7.94 7.94 7.94 7.94 7.94 7.94 7.94 7.94 7.94 7.94 7.94 7.94 7.94 7.94 7.94 7.94 7.94 7.94 7.94 7.94 7.94 7.94 7.94 7.94 7.94 7.94 7.94 7.94 7.94 7.94 7.94 7.94 7.94 7.94 7.94 7.94 7.94 7.94 7.94 7.94 7.94 7.94 7.94 7.94 7.94 7.94 7.94
7.93 7.93 7.93 7.93 7.93 7.93 7.93 7.93 7.93 7.93 7.93 7.93 7.93 7.93 7.93 7.93 7.93 7.93 7.93 7.93 7.93 7.93 7.93 7.93 7.93 7.93 7.93 7.93 7.93 7.93 7.93 7.93 7.93 7.93 7.93 7.93 7.93 7.93 7.93 7.93 7.93 7.93 7.93 7.93 7.93 7.93 7.93 7.93 7.93 7.93 7.93 7.93 7.93 7.93 7.93 7.93 7.93 7.93 7.93 7.93 7.93 7.93 7.93 7.93 7.93 7.93 7.93 7.93 7.93 7.93 7.93 7.93 7.93 7.93 7.93 7.93 7.93 7.93 7.93 7.93 7.93 7.93 7.93 7.93
7.93 7.93 7.93 7.93 7.93 7.93 7.93 7.93 7.93 7.93 7.93 7.93 7.93 7.93 7.93 7.93 7.93 7.93 7.93 7.93 7.93 7.93 7.93 7.93 7.93 7.93 7.93 7.93 7.93 7.93 7.93 7.93 7.93 7.93 7.93 7.93 7.93 7.93 7.93 7.93 7.93 7.93 7.93 7.93 7.93 7.93 7.93 7.93 7.93 7.93 7.93 7.93 7.93 7.93 7.93 7.93 7.93 7.93 7.93 7.93 7.93 7.93 7.93 7.93 7.93 7.93 7.93 7.93 7.93 7.93 7.93 7.93 7.93 7.93 7.93 7.93 7.93 7.93 7.93 7.93 7.93 7.93 7.93 7.93
7.92 7.92 7.92 7.92 7.92 7.92 7.92 7.92 7.92 7.92 7.92 7.92 7.92 7.92 7.92 7.92 7.92 7.92 7.92 7.92 7.92 7.92 7.92 7.92 7.92 7.92 7.92 7.92 7.92 7.92 7.92 7.92 7.92 7.92 7.92 7.92 7.92 7.92 7.92 7.92 7.92 7.92 7.92 7.92 7.92 7.92 7.92 7.92 7.92 7.92 7.92 7.92 7.92 7.92 7.92 7.92 7.92 7.92 7.92 7.92 7.92 7.92 7.92 7.92 7.92 7.92 7.92 7.92 7.92 7.92 7.92 7.92 7.92 7.92 7.92 7.92 7.92 7.92 7.92 7.92 7.92 7.92 7.92 7.92
7.91 7.91 7.91 7.91 7.91 7.91 7.91 7.91 7.91 7.91 7.91 7.91 7.91 7.91 7.91 7.91 7.91 7.91 7.91 7.91 7.91 7.91 7.91 7.91 7.91 7.91 7.91 7.91 7.91 7.91 7.91 7.91 7.91 7.91 7.91 7.91 7.91 7.91 7.91 7.91 7.91 7.91 7.91 7.91 7.91 7.91 7.91 7.91 7.91 7.91 7.91 7.91 7.91 7.91 7.91 7.91 7.91 7.91 7.91 7.91 7.91 7.91 7.91 7.91 7.91 7.91 7.91 7.91 7.91 7.91 7.91 7.91 7.91 7.91 7.91 7.91 7.91 7.91 7.91 7.91 7.91 7.91 7.91 7.91
7.90 7.90 7.90 7.90 7.90 7.90 7.90 7.90 7.90 7.90 7.90 7.90 7.90 7.90 7.90 7.90 7.90 7.90 7.90 7.90 7.90 7.90 7.90 7.90 7.90 7.90 7.90 7.90 7.90 7.90 7.90 7.90 7.90 7.90 7.90 7.90 7.90 7.90 7.90 7.90 7.90 7.90 7.90 7.90 7.90 7.90 7.90 7.90 7.90 7.90 7.90 7.90 7.90 7.90 7.90 7.90 7.90 7.90 7.90 7.90 7.90 7.90 7.90 7.90 7.90 7.90 7.90 7.90 7.90 7.90 7.90 7.90 7.90 7.90 7.90 7.90 7.90 7.90 7.90 7.90 7.90 7.90 7.90 7.90
7.89 7.89 7.89 7.89 7.89 7.89 7.89 7.89 7.89 7.89 7.89 7.89 7.89 7.89 7.89 7.89 7.89 7.89 7.89 7.89 7.89 7.89 7.89 7.89 7.89 7.89 7.89 7.89 7.89 7.89 7.89 7.89 7.89 7.89 7.89 7.89 7.89 7.89 7.89 7.89 7.89 7.89 7.89 7.89 7.89 7.89 7.89 7.89 7.89 7.89 7.89 7.89 7.89 7.89 7.89 7.89 7.89 7.89 7.89 7.89 7.89 7.89 7.89 7.89 7.89 7.89 7.89 7.89 7.89 7.89 7.89 7.89 7.89 7.89 7.89 7.89 7.89 7.89 7.89 7.89 7.89 7.89 7.89 7.89
