data/case_study_iwrn/geo/gridded/shebele.lon.txt
ncols        763
nrows        553
xllcorner    38.675613235556
yllcorner    4.620037453540
cellsize     0.008993216100
NODATA_value  -9999.00
[rows 34 to 67 of 553, columns 0 to 76 of 763]
38.68 38.69 38.70 38.71 38.72 38.73 38.73 38.74 38.75 38.76 38.77 38.78 38.79 38.80 38.81 38.82 38.82 38.83 38.84 38.85 38.86 38.87 38.88 38.89 38.90 38.90 38.91 38.92 38.93 38.94 38.95 38.96 38.97 38.98 38.99 38.99 39.00 39.01 39.02 39.03 39.04 39.05 39.06 39.07 39.08 39.08 39.09 39.10 39.11 39.12 39.13 39.14 39.15 39.16 39.17 39.17 39.18 39.19 39.20 39.21 39.22 39.23 39.24 39.25 39.26 39.26 39.27 39.28 39.29 39.30 39.31 39.32 39.33 39.34 39.35 39.35 39.36
38.68 38.69 38.70 38.71 38.72 38.73 38.73 38.74 38.75 38.76 38.77 38.78 38.79 38.80 38.81 38.82 38.82 38.83 38.84 38.85 38.86 38.87 38.88 38.89 38.90 38.90 38.91 38.92 38.93 38.94 38.95 38.96 38.97 38.98 38.99 38.99 39.00 39.01 39.02 39.03 39.04 39.05 39.06 39.07 39.08 39.08 39.09 39.10 39.11 39.12 39.13 39.14 39.15 39.16 39.17 39.17 39.18 39.19 39.20 39.21 39.22 39.23 39.24 39.25 39.26 39.26 39.27 39.28 39.29 39.30 39.31 39.32 39.33 39.34 39.35 39.35 39.36
38.68 38.69 38.70 38.71 38.72 38.73 38.73 38.74 38.75 38.76 38.77 38.78 38.79 38.80 38.81 38.82 38.82 38.83 38.84 38.85 38.86 38.87 38.88 38.89 38.90 38.90 38.91 38.92 38.93 38.94 38.95 38.96 38.97 38.98 38.99 38.99 39.00 39.01 39.02 39.03 39.04 39.05 39.06 39.07 39.08 39.08 39.09 39.10 39.11 39.12 39.13 39.14 39.15 39.16 39.17 39.17 39.18 39.19 39.20 39.21 39.22 39.23 39.24 39.25 39.26 39.26 39.27 39.28 39.29 39.30 39.31 39.32 39.33 39.34 39.35 39.35 39.36
38.68 38.69 38.70 38.71 38.72 38.73 38.73 38.74 38.75 38.76 38.77 38.78 38.79 38.80 38.81 38.82 38.82 38.83 38.84 38.85 38.86 38.87 38.88 38.89 38.90 38.90 38.91 38.92 38.93 38.94 38.95 38.96 38.97 38.98 38.99 38.99 39.00 39.01 39.02 39.03 39.04 39.05 39.06 39.07 39.08 39.08 39.09 39.10 39.11 39.12 39.13 39.14 39.15 39.16 39.17 39.17 39.18 39.19 39.20 39.21 39.22 39.23 39.24 39.25 39.26 39.26 39.27 39.28 39.29 39.30 39.31 39.32 39.33 39.34 39.35 39.35 39.36
38.68 38.69 38.70 38.71 38.72 38.73 38.73 38.74 38.75 38.76 38.77 38.78 38.79 38.80 38.81 38.82 38.82 38.83 38.84 38.85 38.86 38.87 38.88 38.89 38.90 38.90 38.91 38.92 38.93 38.94 38.95 38.96 38.97 38.98 38.99 38.99 39.00 39.01 39.02 39.03 39.04 39.05 39.06 39.07 39.08 39.08 39.09 39.10 39.11 39.12 39.13 39.14 39.15 39.16 39.17 39.17 39.18 39.19 39.20 39.21 39.22 39.23 39.24 39.25 39.26 39.26 39.27 39.28 39.29 39.30 39.31 39.32 39.33 39.34 39.35 39.35 39.36
38.68 38.69 38.70 38.71 38.72 38.73 38.73 38.74 38.75 38.76 38.77 38.78 38.79 38.80 38.81 38.82 38.82 38.83 38.84 38.85 38.86 38.87 38.88 38.89 38.90 38.90 38.91 38.92 38.93 38.94 38.95 38.96 38.97 38.98 38.99 38.99 39.00 39.01 39.02 39.03 39.04 39.05 39.06 39.07 39.08 39.08 39.09 39.10 39.11 39.12 39.13 39.14 39.15 39.16 39.17 39.17 39.18 39.19 39.20 39.21 39.22 39.23 39.24 39.25 39.26 39.26 39.27 39.28 39.29 39.30 39.31 39.32 39.33 39.34 39.35 39.35 39.36
38.68 38.69 38.70 38.71 38.72 38.73 38.73 38.74 38.75 38.76 38.77 38.78 38.79 38.80 38.81 38.82 38.82 38.83 38.84 38.85 38.86 38.87 38.88 38.89 38.90 38.90 38.91 38.92 38.93 38.94 38.95 38.96 38.97 38.98 38.99 38.99 39.00 39.01 39.02 39.03 39.04 39.05 39.06 39.07 39.08 39.08 39.09 39.10 39.11 39.12 39.13 39.14 39.15 39.16 39.17 39.17 39.18 39.19 39.20 39.21 39.22 39.23 39.24 39.25 39.26 39.26 39.27 39.28 39.29 39.30 39.31 39.32 39.33 39.34 39.35 39.35 39.36
38.68 38.69 38.70 38.71 38.72 38.73 38.73 38.74 38.75 38.76 38.77 38.78 38.79 38.80 38.81 38.82 38.82 38.83 38.84 38.85 38.86 38.87 38.88 38.89 38.90 38.90 38.91 38.92 38.93 38.94 38.95 38.96 38.97 38.98 38.99 38.99 39.00 39.01 39.02 39.03 39.04 39.05 39.06 39.07 39.08 39.08 39.09 39.10 39.11 39.12 39.13 39.14 39.15 39.16 39.17 39.17 39.18 39.19 39.20 39.21 39.22 39.23 39.24 39.25 39.26 39.26 39.27 39.28 39.29 39.30 39.31 39.32 39.33 39.34 39.35 39.35 39.36
38.68 38.69 38.70 38.71 38.72 38.73 38.73 38.74 38.75 38.76 38.77 38.78 38.79 38.80 38.81 38.82 38.82 38.83 38.84 38.85 38.86 38.87 38.88 38.89 38.90 38.90 38.91 38.92 38.93 38.94 38.95 38.96 38.97 38.98 38.99 38.99 39.00 39.01 39.02 39.03 39.04 39.05 39.06 39.07 39.08 39.08 39.09 39.10 39.11 39.12 39.13 39.14 39.15 39.16 39.17 39.17 39.18 39.19 39.20 39.21 39.22 39.23 39.24 39.25 39.26 39.26 39.27 39.28 39.29 39.30 39.31 39.32 39.33 39.34 39.35 39.35 39.36
38.68 38.69 38.70 38.71 38.72 38.73 38.73 38.74 38.75 38.76 38.77 38.78 38.79 38.80 38.81 38.82 38.82 38.83 38.84 38.85 38.86 38.87 38.88 38.89 38.90 38.90 38.91 38.92 38.93 38.94 38.95 38.96 38.97 38.98 38.99 38.99 39.00 39.01 39.02 39.03 39.04 39.05 39.06 39.07 39.08 39.08 39.09 39.10 39.11 39.12 39.13 39.14 39.15 39.16 39.17 39.17 39.18 39.19 39.20 39.21 39.22 39.23 39.24 39.25 39.26 39.26 39.27 39.28 39.29 39.30 39.31 39.32 39.33 39.34 39.35 39.35 39.36
38.68 38.69 38.70 38.71 38.72 38.73 38.73 38.74 38.75 38.76 38.77 38.78 38.79 38.80 38.81 38.82 38.82 38.83 38.84 38.85 38.86 38.87 38.88 38.89 38.90 38.90 38.91 38.92 38.93 38.94 38.95 38.96 38.97 38.98 38.99 38.99 39.00 39.01 39.02 39.03 39.04 39.05 39.06 39.07 39.08 39.08 39.09 39.10 39.11 39.12 39.13 39.14 39.15 39.16 39.17 39.17 39.18 39.19 39.20 39.21 39.22 39.23 39.24 39.25 39.26 39.26 39.27 39.28 39.29 39.30 39.31 39.32 39.33 39.34 39.35 39.35 39.36
38.68 38.69 38.70 38.71 38.72 38.73 38.73 38.74 38.75 38.76 38.77 38.78 38.79 38.80 38.81 38.82 38.82 38.83 38.84 38.85 38.86 38.87 38.88 38.89 38.90 38.90 38.91 38.92 38.93 38.94 38.95 38.96 38.97 38.98 38.99 38.99 39.00 39.01 39.02 39.03 39.04 39.05 39.06 39.07 39.08 39.08 39.09 39.10 39.11 39.12 39.13 39.14 39.15 39.16 39.17 39.17 39.18 39.19 39.20 39.21 39.22 39.23 39.24 39.25 39.26 39.26 39.27 39.28 39.29 39.30 39.31 39.32 39.33 39.34 39.35 39.35 39.36
38.68 38.69 38.70 38.71 38.72 38.73 38.73 38.74 38.75 38.76 38.77 38.78 38.79 38.80 38.81 38.82 38.82 38.83 38.84 38.85 38.86 38.87 38.88 38.89 38.90 38.90 38.91 38.92 38.93 38.94 38.95 38.96 38.97 38.98 38.99 38.99 39.00 39.01 39.02 39.03 39.04 39.05 39.06 39.07 39.08 39.08 39.09 39.10 39.11 39.12 39.13 39.14 39.15 39.16 39.17 39.17 39.18 39.19 39.20 39.21 39.22 39.23 39.24 39.25 39.26 39.26 39.27 39.28 39.29 39.30 39.31 39.32 39.33 39.34 39.35 39.35 39.36
38.68 38.69 38.70 38.71 38.72 38.73 38.73 38.74 38.75 38.76 38.77 38.78 38.79 38.80 38.81 38.82 38.82 38.83 38.84 38.85 38.86 38.87 38.88 38.89 38.90 38.90 38.91 38.92 38.93 38.94 38.95 38.96 38.97 38.98 38.99 38.99 39.00 39.01 39.02 39.03 39.04 39.05 39.06 39.07 39.08 39.08 39.09 39.10 39.11 39.12 39.13 39.14 39.15 39.16 39.17 39.17 39.18 39.19 39.20 39.21 39.22 39.23 39.24 39.25 39.26 39.26 39.27 39.28 39.29 39.30 39.31 39.32 39.33 39.34 39.35 39.35 39.36
38.68 38.69 38.70 38.71 38.72 38.73 38.73 38.74 38.75 38.76 38.77 38.78 38.79 38.80 38.81 38.82 38.82 38.83 38.84 38.85 38.86 38.87 38.88 38.89 38.90 38.90 38.91 38.92 38.93 38.94 38.95 38.96 38.97 38.98 38.99 38.99 39.00 39.01 39.02 39.03 39.04 39.05 39.06 39.07 39.08 39.08 39.09 39.10 39.11 39.12 39.13 39.14 39.15 39.16 39.17 39.17 39.18 39.19 39.20 39.21 39.22 39.23 39.24 39.25 39.26 39.26 39.27 39.28 39.29 39.30 39.31 39.32 39.33 39.34 39.35 39.35 39.36
38.68 38.69 38.70 38.71 38.72 38.73 38.73 38.74 38.75 38.76 38.77 38.78 38.79 38.80 38.81 38.82 38.82 38.83 38.84 38.85 38.86 38.87 38.88 38.89 38.90 38.90 38.91 38.92 38.93 38.94 38.95 38.96 38.97 38.98 38.99 38.99 39.00 39.01 39.02 39.03 39.04 39.05 39.06 39.07 39.08 39.08 39.09 39.10 39.11 39.12 39.13 39.14 39.15 39.16 39.17 39.17 39.18 39.19 39.20 39.21 39.22 39.23 39.24 39.25 39.26 39.26 39.27 39.28 39.29 39.30 39.31 39.32 39.33 39.34 39.35 39.35 39.36
38.68 38.69 38.70 38.71 38.72 38.73 38.73 38.74 38.75 38.76 38.77 38.78 38.79 38.80 38.81 38.82 38.82 38.83 38.84 38.85 38.86 38.87 38.88 38.89 38.90 38.90 38.91 38.92 38.93 38.94 38.95 38.96 38.97 38.98 38.99 38.99 39.00 39.01 39.02 39.03 39.04 39.05 39.06 39.07 39.08 39.08 39.09 39.10 39.11 39.12 39.13 39.14 39.15 39.16 39.17 39.17 39.18 39.19 39.20 39.21 39.22 39.23 39.24 39.25 39.26 39.26 39.27 39.28 39.29 39.30 39.31 39.32 39.33 39.34 39.35 39.35 39.36
38.68 38.69 38.70 38.71 38.72 38.73 38.73 38.74 38.75 38.76 38.77 38.78 38.79 38.80 38.81 38.82 38.82 38.83 38.84 38.85 38.86 38.87 38.88 38.89 38.90 38.90 38.91 38.92 38.93 38.94 38.95 38.96 38.97 38.98 38.99 38.99 39.00 39.01 39.02 39.03 39.04 39.05 39.06 39.07 39.08 39.08 39.09 39.10 39.11 39.12 39.13 39.14 39.15 39.16 39.17 39.17 39.18 39.19 39.20 39.21 39.22 39.23 39.24 39.25 39.26 39.26 39.27 39.28 39.29 39.30 39.31 39.32 39.33 39.34 39.35 39.35 39.36
38.68 38.69 38.70 38.71 38.72 38.73 38.73 38.74 38.75 38.76 38.77 38.78 38.79 38.80 38.81 38.82 38.82 38.83 38.84 38.85 38.86 38.87 38.88 38.89 38.90 38.90 38.91 38.92 38.93 38.94 38.95 38.96 38.97 38.98 38.99 38.99 39.00 39.01 39.02 39.03 39.04 39.05 39.06 39.07 39.08 39.08 39.09 39.10 39.11 39.12 39.13 39.14 39.15 39.16 39.17 39.17 39.18 39.19 39.20 39.21 39.22 39.23 39.24 39.25 39.26 39.26 39.27 39.28 39.29 39.30 39.31 39.32 39.33 39.34 39.35 39.35 39.36
38.68 38.69 38.70 38.71 38.72 38.73 38.73 38.74 38.75 38.76 38.77 38.78 38.79 38.80 38.81 38.82 38.82 38.83 38.84 38.85 38.86 38.87 38.88 38.89 38.90 38.90 38.91 38.92 38.93 38.94 38.95 38.96 38.97 38.98 38.99 38.99 39.00 39.01 39.02 39.03 39.04 39.05 39.06 39.07 39.08 39.08 39.09 39.10 39.11 39.12 39.13 39.14 39.15 39.16 39.17 39.17 39.18 39.19 39.20 39.21 39.22 39.23 39.24 39.25 39.26 39.26 39.27 39.28 39.29 39.30 39.31 39.32 39.33 39.34 39.35 39.35 39.36
38.68 38.69 38.70 38.71 38.72 38.73 38.73 38.74 38.75 38.76 38.77 38.78 38.79 38.80 38.81 38.82 38.82 38.83 38.84 38.85 38.86 38.87 38.88 38.89 38.90 38.90 38.91 38.92 38.93 38.94 38.95 38.96 38.97 38.98 38.99 38.99 39.00 39.01 39.02 39.03 39.04 39.05 39.06 39.07 39.08 39.08 39.09 39.10 39.11 39.12 39.13 39.14 39.15 39.16 39.17 39.17 39.18 39.19 39.20 39.21 39.22 39.23 39.24 39.25 39.26 39.26 39.27 39.28 39.29 39.30 39.31 39.32 39.33 39.34 39.35 39.35 39.36
38.68 38.69 38.70 38.71 38.72 38.73 38.73 38.74 38.75 38.76 38.77 38.78 38.79 38.80 38.81 38.82 38.82 38.83 38.84 38.85 38.86 38.87 38.88 38.89 38.90 38.90 38.91 38.92 38.93 38.94 38.95 38.96 38.97 38.98 38.99 38.99 39.00 39.01 39.02 39.03 39.04 39.05 39.06 39.07 39.08 39.08 39.09 39.10 39.11 39.12 39.13 39.14 39.15 39.16 39.17 39.17 39.18 39.19 39.20 39.21 39.22 39.23 39.24 39.25 39.26 39.26 39.27 39.28 39.29 39.30 39.31 39.32 39.33 39.34 39.35 39.35 39.36
38.68 38.69 38.70 38.71 38.72 38.73 38.73 38.74 38.75 38.76 38.77 38.78 38.79 38.80 38.81 38.82 38.82 38.83 38.84 38.85 38.86 38.87 38.88 38.89 38.90 38.90 38.91 38.92 38.93 38.94 38.95 38.96 38.97 38.98 38.99 38.99 39.00 39.01 39.02 39.03 39.04 39.05 39.06 39.07 39.08 39.08 39.09 39.10 39.11 39.12 39.13 39.14 39.15 39.16 39.17 39.17 39.18 39.19 39.20 39.21 39.22 39.23 39.24 39.25 39.26 39.26 39.27 39.28 39.29 39.30 39.31 39.32 39.33 39.34 39.35 39.35 39.36
38.68 38.69 38.70 38.71 38.72 38.73 38.73 38.74 38.75 38.76 38.77 38.78 38.79 38.80 38.81 38.82 38.82 38.83 38.84 38.85 38.86 38.87 38.88 38.89 38.90 38.90 38.91 38.92 38.93 38.94 38.95 38.96 38.97 38.98 38.99 38.99 39.00 39.01 39.02 39.03 39.04 39.05 39.06 39.07 39.08 39.08 39.09 39.10 39.11 39.12 39.13 39.14 39.15 39.16 39.17 39.17 39.18 39.19 39.20 39.21 39.22 39.23 39.24 39.25 39.26 39.26 39.27 39.28 39.29 39.30 39.31 39.32 39.33 39.34 39.35 39.35 39.36
38.68 38.69 38.70 38.71 38.72 38.73 38.73 38.74 38.75 38.76 38.77 38.78 38.79 38.80 38.81 38.82 38.82 38.83 38.84 38.85 38.86 38.87 38.88 38.89 38.90 38.90 38.91 38.92 38.93 38.94 38.95 38.96 38.97 38.98 38.99 38.99 39.00 39.01 39.02 39.03 39.04 39.05 39.06 39.07 39.08 39.08 39.09 39.10 39.11 39.12 39.13 39.14 39.15 39.16 39.17 39.17 39.18 39.19 39.20 39.21 39.22 39.23 39.24 39.25 39.26 39.26 39.27 39.28 39.29 39.30 39.31 39.32 39.33 39.34 39.35 39.35 39.36
38.68 38.69 38.70 38.71 38.72 38.73 38.73 38.74 38.75 38.76 38.77 38.78 38.79 38.80 38.81 38.82 38.82 38.83 38.84 38.85 38.86 38.87 38.88 38.89 38.90 38.90 38.91 38.92 38.93 38.94 38.95 38.96 38.97 38.98 38.99 38.99 39.00 39.01 39.02 39.03 39.04 39.05 39.06 39.07 39.08 39.08 39.09 39.10 39.11 39.12 39.13 39.14 39.15 39.16 39.17 39.17 39.18 39.19 39.20 39.21 39.22 39.23 39.24 39.25 39.26 39.26 39.27 39.28 39.29 39.30 39.31 39.32 39.33 39.34 39.35 39.35 39.36
38.68 38.69 38.70 38.71 38.72 38.73 38.73 38.74 38.75 38.76 38.77 38.78 38.79 38.80 38.81 38.82 38.82 38.83 38.84 38.85 38.86 38.87 38.88 38.89 38.90 38.90 38.91 38.92 38.93 38.94 38.95 38.96 38.97 38.98 38.99 38.99 39.00 39.01 39.02 39.03 39.04 39.05 39.06 39.07 39.08 39.08 39.09 39.10 39.11 39.12 39.13 39.14 39.15 39.16 39.17 39.17 39.18 39.19 39.20 39.21 39.22 39.23 39.24 39.25 39.26 39.26 39.27 39.28 39.29 39.30 39.31 39.32 39.33 39.34 39.35 39.35 39.36
38.68 38.69 38.70 38.71 38.72 38.73 38.73 38.74 38.75 38.76 38.77 38.78 38.79 38.80 38.81 38.82 38.82 38.83 38.84 38.85 38.86 38.87 38.88 38.89 38.90 38.90 38.91 38.92 38.93 38.94 38.95 38.96 38.97 38.98 38.99 38.99 39.00 39.01 39.02 39.03 39.04 39.05 39.06 39.07 39.08 39.08 39.09 39.10 39.11 39.12 39.13 39.14 39.15 39.16 39.17 39.17 39.18 39.19 39.20 39.21 39.22 39.23 39.24 39.25 39.26 39.26 39.27 39.28 39.29 39.30 39.31 39.32 39.33 39.34 39.35 39.35 39.36
38.68 38.69 38.70 38.71 38.72 38.73 38.73 38.74 38.75 38.76 38.77 38.78 38.79 38.80 38.81 38.82 38.82 38.83 38.84 38.85 38.86 38.87 38.88 38.89 38.90 38.90 38.91 38.92 38.93 38.94 38.95 38.96 38.97 38.98 38.99 38.99 39.00 39.01 39.02 39.03 39.04 39.05 39.06 39.07 39.08 39.08 39.09 39.10 39.11 39.12 39.13 39.14 39.15 39.16 39.17 39.17 39.18 39.19 39.20 39.21 39.22 39.23 39.24 39.25 39.26 39.26 39.27 39.28 39.29 39.30 39.31 39.32 39.33 39.34 39.35 39.35 39.36
38.68 38.69 38.70 38.71 38.72 38.73 38.73 38.74 38.75 38.76 38.77 38.78 38.79 38.80 38.81 38.82 38.82 38.83 38.84 38.85 38.86 38.87 38.88 38.89 38.90 38.90 38.91 38.92 38.93 38.94 38.95 38.96 38.97 38.98 38.99 38.99 39.00 39.01 39.02 39.03 39.04 39.05 39.06 39.07 39.08 39.08 39.09 39.10 39.11 39.12 39.13 39.14 39.15 39.16 39.17 39.17 39.18 39.19 39.20 39.21 39.22 39.23 39.24 39.25 39.26 39.26 39.27 39.28 39.29 39.30 39.31 39.32 39.33 39.34 39.35 39.35 39.36
38.68 38.69 38.70 38.71 38.72 38.73 38.73 38.74 38.75 38.76 38.77 38.78 38.79 38.80 38.81 38.82 38.82 38.83 38.84 38.85 38.86 38.87 38.88 38.89 38.90 38.90 38.91 38.92 38.93 38.94 38.95 38.96 38.97 38.98 38.99 38.99 39.00 39.01 39.02 39.03 39.04 39.05 39.06 39.07 39.08 39.08 39.09 39.10 39.11 39.12 39.13 39.14 39.15 39.16 39.17 39.17 39.18 39.19 39.20 39.21 39.22 39.23 39.24 39.25 39.26 39.26 39.27 39.28 39.29 39.30 39.31 39.32 39.33 39.34 39.35 39.35 39.36
38.68 38.69 38.70 38.71 38.72 38.73 38.73 38.74 38.75 38.76 38.77 38.78 38.79 38.80 38.81 38.82 38.82 38.83 38.84 38.85 38.86 38.87 38.88 38.89 38.90 38.90 38.91 38.92 38.93 38.94 38.95 38.96 38.97 38.98 38.99 38.99 39.00 39.01 39.02 39.03 39.04 39.05 39.06 39.07 39.08 39.08 39.09 39.10 39.11 39.12 39.13 39.14 39.15 39.16 39.17 39.17 39.18 39.19 39.20 39.21 39.22 39.23 39.24 39.25 39.26 39.26 39.27 39.28 39.29 39.30 39.31 39.32 39.33 39.34 39.35 39.35 39.36
38.68 38.69 38.70 38.71 38.72 38.73 38.73 38.74 38.75 38.76 38.77 38.78 38.79 38.80 38.81 38.82 38.82 38.83 38.84 38.85 38.86 38.87 38.88 38.89 38.90 38.90 38.91 38.92 38.93 38.94 38.95 38.96 38.97 38.98 38.99 38.99 39.00 39.01 39.02 39.03 39.04 39.05 39.06 39.07 39.08 39.08 39.09 39.10 39.11 39.12 39.13 39.14 39.15 39.16 39.17 39.17 39.18 39.19 39.20 39.21 39.22 39.23 39.24 39.25 39.26 39.26 39.27 39.28 39.29 39.30 39.31 39.32 39.33 39.34 39.35 39.35 39.36
38.68 38.69 38.70 38.71 38.72 38.73 38.73 38.74 38.75 38.76 38.77 38.78 38.79 38.80 38.81 38.82 38.82 38.83 38.84 38.85 38.86 38.87 38.88 38.89 38.90 38.90 38.91 38.92 38.93 38.94 38.95 38.96 38.97 38.98 38.99 38.99 39.00 39.01 39.02 39.03 39.04 39.05 39.06 39.07 39.08 39.08 39.09 39.10 39.11 39.12 39.13 39.14 39.15 39.16 39.17 39.17 39.18 39.19 39.20 39.21 39.22 39.23 39.24 39.25 39.26 39.26 39.27 39.28 39.29 39.30 39.31 39.32 39.33 39.34 39.35 39.35 39.36
