data/case_study_iwrn/geo/gridded/shebele.lat.txt
ncols        763
nrows        553
xllcorner    38.675613235556
yllcorner    4.620037453540
cellsize     0.008993216100
NODATA_value  -9999.00
[rows 190 to 227 of 553, columns 420 to 503 of 763]
7.88 7.88 7.88 7.88 7.88 7.88 7.88 7.88 7.88 7.88 7.88 7.88 7.88 7.88 7.88 7.88 7.88 7.88 7.88 7.88 7.88 7.88 7.88 7.88 7.88 7.88 7.88 7.88 7.88 7.88 7.88 7.88 7.88 7.88 7.88 7.88 7.88 7.88 7.88 7.88 7.88 7.88 7.88 7.88 7.88 7.88 7.88 7.88 7.88 7.88 7.88 7.88 7.88 7.88 7.88 7.88 7.88 7.88 7.88 7.88 7.88 7.88 7.88 7.88 7.88 7.88 7.88 7.88 7.88 7.88 7.88 7.88 7.88 7.88 7.88 7.88 7.88 7.88 7.88 7.88 7.88 7.88 7.88 7.88
7.87 7.87 7.87 7.87 7.87 7.87 7.87 7.87 7.87 7.87 7.87 7.87 7.87 7.87 7.87 7.87 7.87 7.87 7.87 7.87 7.87 7.87 7.87 7.87 7.87 7.87 7.87 7.87 7.87 7.87 7.87 7.87 7.87 7.87 7.87 7.87 7.87 7.87 7.87 7.87 7.87 7.87 7.87 7.87 7.87 7.87 7.87 7.87 7.87 7.87 7.87 7.87 7.87 7.87 7.87 7.87 7.87 7.87 7.87 7.87 7.87 7.87 7.87 7.87 7.87 7.87 7.87 7.87 7.87 7.87 7.87 7.87 7.87 7.87 7.87 7.87 7.87 7.87 7.87 7.87 7.87 7.87 7.87 7.87
7.86 7.86 7.86 7.86 7.86 7.86 7.86 7.86 7.86 7.86 7.86 7.86 7.86 7.86 7.86 7.86 7.86 7.86 7.86 7.86 7.86 7.86 7.86 7.86 7.86 7.86 7.86 7.86 7.86 7.86 7.86 7.86 7.86 7.86 7.86 7.86 7.86 7.86 7.86 7.86 7.86 7.86 7.86 7.86 7.86 7.86 7.86 7.86 7.86 7.86 7.86 7.86 7.86 7.86 7.86 7.86 7.86 7.86 7.86 7.86 7.86 7.86 7.86 7.86 7.86 7.86 7.86 7.86 7.86 7.86 7.86 7.86 7.86 7.86 7.86 7.86 7.86 7.86 7.86 7.86 7.86 7.86 7.86 7.86
7.85 7.85 7.85 7.85 7.85 7.85 7.85 7.85 7.85 7.85 7.85 7.85 7.85 7.85 7.85 7.85 7.85 7.85 7.85 7.85 7.85 7.85 7.85 7.85 7.85 7.85 7.85 7.85 7.85 7.85 7.85 7.85 7.85 7.85 7.85 7.85 7.85 7.85 7.85 7.85 7.85 7.85 7.85 7.85 7.85 7.85 7.85 7.85 7.85 7.85 7.85 7.85 7.85 7.85 7.85 7.85 7.85 7.85 7.85 7.85 7.85 7.85 7.85 7.85 7.85 7.85 7.85 7.85 7.85 7.85 7.85 7.85 7.85 7.85 7.85 7.85 7.85 7.85 7.85 7.85 7.85 7.85 7.85 7.85
7.84 7.84 7.84 7.84 7.84 7.84 7.84 7.84 7.84 7.84 7.84 7.84 7.84 7.84 7.84 7.84 7.84 7.84 7.84 7.84 7.84 7.84 7.84 7.84 7.84 7.84 7.84 7.84 7.84 7.84 7.84 7.84 7.84 7.84 7.84 7.84 7.84 7.84 7.84 7.84 7.84 7.84 7.84 7.84 7.84 7.84 7.84 7.84 7.84 7.84 7.84 7.84 7.84 7.84 7.84 7.84 7.84 7.84 7.84 7.84 7.84 7.84 7.84 7.84 7.84 7.84 7.84 7.84 7.84 7.84 7.84 7.84 7.84 7.84 7.84 7.84 7.84 7.84 7.84 7.84 7.84 7.84 7.84 7.84
7.84 7.84 7.84 7.84 7.84 7.84 7.84 7.84 7.84 7.84 7.84 7.84 7.84 7.84 7.84 7.84 7.84 7.84 7.84 7.84 7.84 7.84 7.84 7.84 7.84 7.84 7.84 7.84 7.84 7.84 7.84 7.84 7.84 7.84 7.84 7.84 7.84 7.84 7.84 7.84 7.84 7.84 7.84 7.84 7.84 7.84 7.84 7.84 7.84 7.84 7.84 7.84 7.84 7.84 7.84 7.84 7.84 7.84 7.84 7.84 7.84 7.84 7.84 7.84 7.84 7.84 7.84 7.84 7.84 7.84 7.84 7.84 7.84 7.84 7.84 7.84 7.84 7.84 7.84 7.84 7.84 7.84 7.84 7.84
7.83 7.83 7.83 7.83 7.83 7.83 7.83 7.83 7.83 7.83 7.83 7.83 7.83 7.83 7.83 7.83 7.83 7.83 7.83 7.83 7.83 7.83 7.83 7.83 7.83 7.83 7.83 7.83 7.83 7.83 7.83 7.83 7.83 7.83 7.83 7.83 7.83 7.83 7.83 7.83 7.83 7.83 7.83 7.83 7.83 7.83 7.83 7.83 7.83 7.83 7.83 7.83 7.83 7.83 7.83 7.83 7.83 7.83 7.83 7.83 7.83 7.83 7.83 7.83 7.83 7.83 7.83 7.83 7.83 7.83 7.83 7.83 7.83 7.83 7.83 7.83 7.83 7.83 7.83 7.83 7.83 7.83 7.83 7.83
7.82 7.82 7.82 7.82 7.82 7.82 7.82 7.82 7.82 7.82 7.82 7.82 7.82 7.82 7.82 7.82 7.82 7.82 7.82 7.82 7.82 7.82 7.82 7.82 7.82 7.82 7.82 7.82 7.82 7.82 7.82 7.82 7.82 7.82 7.82 7.82 7.82 7.82 7.82 7.82 7.82 7.82 7.82 7.82 7.82 7.82 7.82 7.82 7.82 7.82 7.82 7.82 7.82 7.82 7.82 7.82 7.82 7.82 7.82 7.82 7.82 7.82 7.82 7.82 7.82 7.82 7.82 7.82 7.82 7.82 7.82 7.82 7.82 7.82 7.82 7.82 7.82 7.82 7.82 7.82 7.82 7.82 7.82 7.82
7.81 7.81 7.81 7.81 7.81 7.81 7.81 7.81 7.81 7.81 7.81 7.81 7.81 7.81 7.81 7.81 7.81 7.81 7.81 7.81 7.81 7.81 7.81 7.81 7.81 7.81 7.81 7.81 7.81 7.81 7.81 7.81 7.81 7.81 7.81 7.81 7.81 7.81 7.81 7.81 7.81 7.81 7.81 7.81 7.81 7.81 7.81 7.81 7.81 7.81 7.81 7.81 7.81 7.81 7.81 7.81 7.81 7.81 7.81 7.81 7.81 7.81 7.81 7.81 7.81 7.81 7.81 7.81 7.81 7.81 7.81 7.81 7.81 7.81 7.81 7.81 7.81 7.81 7.81 7.81 7.81 7.81 7.81 7.81
7.80 7.80 7.80 7.80 7.80 7.80 7.80 7.80 7.80 7.80 7.80 7.80 7.80 7.80 7.80 7.80 7.80 7.80 7.80 7.80 7.80 7.80 7.80 7.80 7.80 7.80 7.80 7.80 7.80 7.80 7.80 7.80 7.80 7.80 7.80 7.80 7.80 7.80 7.80 7.80 7.80 7.80 7.80 7.80 7.80 7.80 7.80 7.80 7.80 7.80 7.80 7.80 7.80 7.80 7.80 7.80 7.80 7.80 7.80 7.80 7.80 7.80 7.80 7.80 7.80 7.80 7.80 7.80 7.80 7.80 7.80 7.80 7.80 7.80 7.80 7.80 7.80 7.80 7.80 7.80 7.80 7.80 7.80 7.80
7.79 7.79 7.79 7.79 7.79 7.79 7.79 7.79 7.79 7.79 7.79 7.79 7.79 7.79 7.79 7.79 7.79 7.79 7.79 7.79 7.79 7.79 7.79 7.79 7.79 7.79 7.79 7.79 7.79 7.79 7.79 7.79 7.79 7.79 7.79 7.79 7.79 7.79 7.79 7.79 7.79 7.79 7.79 7.79 7.79 7.79 7.79 7.79 7.79 7.79 7.79 7.79 7.79 7.79 7.79 7.79 7.79 7.79 7.79 7.79 7.79 7.79 7.79 7.79 7.79 7.79 7.79 7.79 7.79 7.79 7.79 7.79 7.79 7.79 7.79 7.79 7.79 7.79 7.79 7.79 7.79 7.79 7.79 7.79
7.78 7.78 7.78 7.78 7.78 7.78 7.78 7.78 7.78 7.78 7.78 7.78 7.78 7.78 7.78 7.78 7.78 7.78 7.78 7.78 7.78 7.78 7.78 7.78 7.78 7.78 7.78 7.78 7.78 7.78 7.78 7.78 7.78 7.78 7.78 7.78 7.78 7.78 7.78 7.78 7.78 7.78 7.78 7.78 7.78 7.78 7.78 7.78 7.78 7.78 7.78 7.78 7.78 7.78 7.78 7.78 7.78 7.78 7.78 7.78 7.78 7.78 7.78 7.78 7.78 7.78 7.78 7.78 7.78 7.78 7.78 7.78 7.78 7.78 7.78 7.78 7.78 7.78 7.78 7.78 7.78 7.78 7.78 7.78
7.77 7.77 7.77 7.77 7.77 7.77 7.77 7.77 7.77 7.77 7.77 7.77 7.77 7.77 7.77 7.77 7.77 7.77 7.77 7.77 7.77 7.77 7.77 7.77 7.77 7.77 7.77 7.77 7.77 7.77 7.77 7.77 7.77 7.77 7.77 7.77 7.77 7.77 7.77 7.77 7.77 7.77 7.77 7.77 7.77 7.77 7.77 7.77 7.77 7.77 7.77 7.77 7.77 7.77 7.77 7.77 7.77 7.77 7.77 7.77 7.77 7.77 7.77 7.77 7.77 7.77 7.77 7.77 7.77 7.77 7.77 7.77 7.77 7.77 7.77 7.77 7.77 7.77 7.77 7.77 7.77 7.77 7.77 7.77
7.76 7.76 7.76 7.76 7.76 7.76 7.76 7.76 7.76 7.76 7.76 7.76 7.76 7.76 7.76 7.76 7.76 7.76 7.76 7.76 7.76 7.76 7.76 7.76 7.76 7.76 7.76 7.76 7.76 7.76 7.76 7.76 7.76 7.76 7.76 7.76 7.76 7.76 7.76 7.76 7.76 7.76 7.76 7.76 7.76 7.76 7.76 7.76 7.76 7.76 7.76 7.76 7.76 7.76 7.76 7.76 7.76 7.76 7.76 7.76 7.76 7.76 7.76 7.76 7.76 7.76 7.76 7.76 7.76 7.76 7.76 7.76 7.76 7.76 7.76 7.76 7.76 7.76 7.76 7.76 7.76 7.76 7.76 7.76
7.75 7.75 7.75 7.75 7.75 7.75 7.75 7.75 7.75 7.75 7.75 7.75 7.75 7.75 7.75 7.75 7.75 7.75 7.75 7.75 7.75 7.75 7.75 7.75 7.75 7.75 7.75 7.75 7.75 7.75 7.75 7.75 7.75 7.75 7.75 7.75 7.75 7.75 7.75 7.75 7.75 7.75 7.75 7.75 7.75 7.75 7.75 7.75 7.75 7.75 7.75 7.75 7.75 7.75 7.75 7.75 7.75 7.75 7.75 7.75 7.75 7.75 7.75 7.75 7.75 7.75 7.75 7.75 7.75 7.75 7.75 7.75 7.75 7.75 7.75 7.75 7.75 7.75 7.75 7.75 7.75 7.75 7.75 7.75
7.75 7.75 7.75 7.75 7.75 7.75 7.75 7.75 7.75 7.75 7.75 7.75 7.75 7.75 7.75 7.75 7.75 7.75 7.75 7.75 7.75 7.75 7.75 7.75 7.75 7.75 7.75 7.75 7.75 7.75 7.75 7.75 7.75 7.75 7.75 7.75 7.75 7.75 7.75 7.75 7.75 7.75 7.75 7.75 7.75 7.75 7.75 7.75 7.75 7.75 7.75 7.75 7.75 7.75 7.75 7.75 7.75 7.75 7.75 7.75 7.75 7.75 7.75 7.75 7.75 7.75 7.75 7.75 7.75 7.75 7.75 7.75 7.75 7.75 7.75 7.75 7.75 7.75 7.75 7.75 7.75 7.75 7.75 7.75
7.74 7.74 7.74 7.74 7.74 7.74 7.74 7.74 7.74 7.74 7.74 7.74 7.74 7.74 7.74 7.74 7.74 7.74 7.74 7.74 7.74 7.74 7.74 7.74 7.74 7.74 7.74 7.74 7.74 7.74 7.74 7.74 7.74 7.74 7.74 7.74 7.74 7.74 7.74 7.74 7.74 7.74 7.74 7.74 7.74 7.74 7.74 7.74 7.74 7.74 7.74 7.74 7.74 7.74 7.74 7.74 7.74 7.74 7.74 7.74 7.74 7.74 7.74 7.74 7.74 7.74 7.74 7.74 7.74 7.74 7.74 7.74 7.74 7.74 7.74 7.74 7.74 7.74 7.74 7.74 7.74 7.74 7.74 7.74
7.73 7.73 7.73 7.73 7.73 7.73 7.73 7.73 7.73 7.73 7.73 7.73 7.73 7.73 7.73 7.73 7.73 7.73 7.73 7.73 7.73 7.73 7.73 7.73 7.73 7.73 7.73 7.73 7.73 7.73 7.73 7.73 7.73 7.73 7.73 7.73 7.73 7.73 7.73 7.73 7.73 7.73 7.73 7.73 7.73 7.73 7.73 7.73 7.73 7.73 7.73 7.73 7.73 7.73 7.73 7.73 7.73 7.73 7.73 7.73 7.73 7.73 7.73 7.73 7.73 7.73 7.73 7.73 7.73 7.73 7.73 7.73 7.73 7.73 7.73 7.73 7.73 7.73 7.73 7.73 7.73 7.73 7.73 7.73
7.72 7.72 7.72 7.72 7.72 7.72 7.72 7.72 7.72 7.72 7.72 7.72 7.72 7.72 7.72 7.72 7.72 7.72 7.72 7.72 7.72 7.72 7.72 7.72 7.72 7.72 7.72 7.72 7.72 7.72 7.72 7.72 7.72 7.72 7.72 7.72 7.72 7.72 7.72 7.72 7.72 7.72 7.72 7.72 7.72 7.72 7.72 7.72 7.72 7.72 7.72 7.72 7.72 7.72 7.72 7.72 7.72 7.72 7.72 7.72 7.72 7.72 7.72 7.72 7.72 7.72 7.72 7.72 7.72 7.72 7.72 7.72 7.72 7.72 7.72 7.72 7.72 7.72 7.72 7.72 7.72 7.72 7.72 7.72
7.71 7.71 7.71 7.71 7.71 7.71 7.71 7.71 7.71 7.71 7.71 7.71 7.71 7.71 7.71 7.71 7.71 7.71 7.71 7.71 7.71 7.71 7.71 7.71 7.71 7.71 7.71 7.71 7.71 7.71 7.71 7.71 7.71 7.71 7.71 7.71 7.71 7.71 7.71 7.71 7.71 7.71 7.71 7.71 7.71 7.71 7.71 7.71 7.71 7.71 7.71 7.71 7.71 7.71 7.71 7.71 7.71 7.71 7.71 7.71 7.71 7.71 7.71 7.71 7.71 7.71 7.71 7.71 7.71 7.71 7.71 7.71 7.71 7.71 7.71 7.71 7.71 7.71 7.71 7.71 7.71 7.71 7.71 7.71
7.70 7.70 7.70 7.70 7.70 7.70 7.70 7.70 7.70 7.70 7.70 7.70 7.70 7.70 7.70 7.70 7.70 7.70 7.70 7.70 7.70 7.70 7.70 7.70 7.70 7.70 7.70 7.70 7.70 7.70 7.70 7.70 7.70 7.70 7.70 7.70 7.70 7.70 7.70 7.70 7.70 7.70 7.70 7.70 7.70 7.70 7.70 7.70 7.70 7.70 7.70 7.70 7.70 7.70 7.70 7.70 7.70 7.70 7.70 7.70 7.70 7.70 7.70 7.70 7.70 7.70 7.70 7.70 7.70 7.70 7.70 7.70 7.70 7.70 7.70 7.70 7.70 7.70 7.70 7.70 7.70 7.70 7.70 7.70
7.69 7.69 7.69 7.69 7.69 7.69 7.69 7.69 7.69 7.69 7.69 7.69 7.69 7.69 7.69 7.69 7.69 7.69 7.69 7.69 7.69 7.69 7.69 7.69 7.69 7.69 7.69 7.69 7.69 7.69 7.69 7.69 7.69 7.69 7.69 7.69 7.69 7.69 7.69 7.69 7.69 7.69 7.69 7.69 7.69 7.69 7.69 7.69 7.69 7.69 7.69 7.69 7.69 7.69 7.69 7.69 7.69 7.69 7.69 7.69 7.69 7.69 7.69 7.69 7.69 7.69 7.69 7.69 7.69 7.69 7.69 7.69 7.69 7.69 7.69 7.69 7.69 7.69 7.69 7.69 7.69 7.69 7.69 7.69
7.68 7.68 7.68 7.68 7.68 7.68 7.68 7.68 7.68 7.68 7.68 7.68 7.68 7.68 7.68 7.68 7.68 7.68 7.68 7.68 7.68 7.68 7.68 7.68 7.68 7.68 7.68 7.68 7.68 7.68 7.68 7.68 7.68 7.68 7.68 7.68 7.68 7.68 7.68 7.68 7.68 7.68 7.68 7.68 7.68 7.68 7.68 7.68 7.68 7.68 7.68 7.68 7.68 7.68 7.68 7.68 7.68 7.68 7.68 7.68 7.68 7.68 7.68 7.68 7.68 7.68 7.68 7.68 7.68 7.68 7.68 7.68 7.68 7.68 7.68 7.68 7.68 7.68 7.68 7.68 7.68 7.68 7.68 7.68
7.67 7.67 7.67 7.67 7.67 7.67 7.67 7.67 7.67 7.67 7.67 7.67 7.67 7.67 7.67 7.67 7.67 7.67 7.67 7.67 7.67 7.67 7.67 7.67 7.67 7.67 7.67 7.67 7.67 7.67 7.67 7.67 7.67 7.67 7.67 7.67 7.67 7.67 7.67 7.67 7.67 7.67 7.67 7.67 7.67 7.67 7.67 7.67 7.67 7.67 7.67 7.67 7.67 7.67 7.67 7.67 7.67 7.67 7.67 7.67 7.67 7.67 7.67 7.67 7.67 7.67 7.67 7.67 7.67 7.67 7.67 7.67 7.67 7.67 7.67 7.67 7.67 7.67 7.67 7.67 7.67 7.67 7.67 7.67
7.66 7.66 7.66 7.66 7.66 7.66 7.66 7.66 7.66 7.66 7.66 7.66 7.66 7.66 7.66 7.66 7.66 7.66 7.66 7.66 7.66 7.66 7.66 7.66 7.66 7.66 7.66 7.66 7.66 7.66 7.66 7.66 7.66 7.66 7.66 7.66 7.66 7.66 7.66 7.66 7.66 7.66 7.66 7.66 7.66 7.66 7.66 7.66 7.66 7.66 7.66 7.66 7.66 7.66 7.66 7.66 7.66 7.66 7.66 7.66 7.66 7.66 7.66 7.66 7.66 7.66 7.66 7.66 7.66 7.66 7.66 7.66 7.66 7.66 7.66 7.66 7.66 7.66 7.66 7.66 7.66 7.66 7.66 7.66
7.66 7.66 7.66 7.66 7.66 7.66 7.66 7.66 7.66 7.66 7.66 7.66 7.66 7.66 7.66 7.66 7.66 7.66 7.66 7.66 7.66 7.66 7.66 7.66 7.66 7.66 7.66 7.66 7.66 7.66 7.66 7.66 7.66 7.66 7.66 7.66 7.66 7.66 7.66 7.66 7.66 7.66 7.66 7.66 7.66 7.66 7.66 7.66 7.66 7.66 7.66 7.66 7.66 7.66 7.66 7.66 7.66 7.66 7.66 7.66 7.66 7.66 7.66 7.66 7.66 7.66 7.66 7.66 7.66 7.66 7.66 7.66 7.66 7.66 7.66 7.66 7.66 7.66 7.66 7.66 7.66 7.66 7.66 7.66
7.65 7.65 7.65 7.65 7.65 7.65 7.65 7.65 7.65 7.65 7.65 7.65 7.65 7.65 7.65 7.65 7.65 7.65 7.65 7.65 7.65 7.65 7.65 7.65 7.65 7.65 7.65 7.65 7.65 7.65 7.65 7.65 7.65 7.65 7.65 7.65 7.65 7.65 7.65 7.65 7.65 7.65 7.65 7.65 7.65 7.65 7.65 7.65 7.65 7.65 7.65 7.65 7.65 7.65 7.65 7.65 7.65 7.65 7.65 7.65 7.65 7.65 7.65 7.65 7.65 7.65 7.65 7.65 7.65 7.65 7.65 7.65 7.65 7.65 7.65 7.65 7.65 7.65 7.65 7.65 7.65 7.65 7.65 7.65
7.64 7.64 7.64 7.64 7.64 7.64 7.64 7.64 7.64 7.64 7.64 7.64 7.64 7.64 7.64 7.64 7.64 7.64 7.64 7.64 7.64 7.64 7.64 7.64 7.64 7.64 7.64 7.64 7.64 7.64 7.64 7.64 7.64 7.64 7.64 7.64 7.64 7.64 7.64 7.64 7.64 7.64 7.64 7.64 7.64 7.64 7.64 7.64 7.64 7.64 7.64 7.64 7.64 7.64 7.64 7.64 7.64 7.64 7.64 7.64 7.64 7.64 7.64 7.64 7.64 7.64 7.64 7.64 7.64 7.64 7.64 7.64 7.64 7.64 7.64 7.64 7.64 7.64 7.64 7.64 7.64 7.64 7.64 7.64
7.63 7.63 7.63 7.63 7.63 7.63 7.63 7.63 7.63 7.63 7.63 7.63 7.63 7.63 7.63 7.63 7.63 7.63 7.63 7.63 7.63 7.63 7.63 7.63 7.63 7.63 7.63 7.63 7.63 7.63 7.63 7.63 7.63 7.63 7.63 7.63 7.63 7.63 7.63 7.63 7.63 7.63 7.63 7.63 7.63 7.63 7.63 7.63 7.63 7.63 7.63 7.63 7.63 7.63 7.63 7.63 7.63 7.63 7.63 7.63 7.63 7.63 7.63 7.63 7.63 7.63 7.63 7.63 7.63 7.63 7.63 7.63 7.63 7.63 7.63 7.63 7.63 7.63 7.63 7.63 7.63 7.63 7.63 7.63
7.62 7.62 7.62 7.62 7.62 7.62 7.62 7.62 7.62 7.62 7.62 7.62 7.62 7.62 7.62 7.62 7.62 7.62 7.62 7.62 7.62 7.62 7.62 7.62 7.62 7.62 7.62 7.62 7.62 7.62 7.62 7.62 7.62 7.62 7.62 7.62 7.62 7.62 7.62 7.62 7.62 7.62 7.62 7.62 7.62 7.62 7.62 7.62 7.62 7.62 7.62 7.62 7.62 7.62 7.62 7.62 7.62 7.62 7.62 7.62 7.62 7.62 7.62 7.62 7.62 7.62 7.62 7.62 7.62 7.62 7.62 7.62 7.62 7.62 7.62 7.62 7.62 7.62 7.62 7.62 7.62 7.62 7.62 7.62
7.61 7.61 7.61 7.61 7.61 7.61 7.61 7.61 7.61 7.61 7.61 7.61 7.61 7.61 7.61 7.61 7.61 7.61 7.61 7.61 7.61 7.61 7.61 7.61 7.61 7.61 7.61 7.61 7.61 7.61 7.61 7.61 7.61 7.61 7.61 7.61 7.61 7.61 7.61 7.61 7.61 7.61 7.61 7.61 7.61 7.61 7.61 7.61 7.61 7.61 7.61 7.61 7.61 7.61 7.61 7.61 7.61 7.61 7.61 7.61 7.61 7.61 7.61 7.61 7.61 7.61 7.61 7.61 7.61 7.61 7.61 7.61 7.61 7.61 7.61 7.61 7.61 7.61 7.61 7.61 7.61 7.61 7.61 7.61
7.60 7.60 7.60 7.60 7.60 7.60 7.60 7.60 7.60 7.60 7.60 7.60 7.60 7.60 7.60 7.60 7.60 7.60 7.60 7.60 7.60 7.60 7.60 7.60 7.60 7.60 7.60 7.60 7.60 7.60 7.60 7.60 7.60 7.60 7.60 7.60 7.60 7.60 7.60 7.60 7.60 7.60 7.60 7.60 7.60 7.60 7.60 7.60 7.60 7.60 7.60 7.60 7.60 7.60 7.60 7.60 7.60 7.60 7.60 7.60 7.60 7.60 7.60 7.60 7.60 7.60 7.60 7.60 7.60 7.60 7.60 7.60 7.60 7.60 7.60 7.60 7.60 7.60 7.60 7.60 7.60 7.60 7.60 7.60
7.59 7.59 7.59 7.59 7.59 7.59 7.59 7.59 7.59 7.59 7.59 7.59 7.59 7.59 7.59 7.59 7.59 7.59 7.59 7.59 7.59 7.59 7.59 7.59 7.59 7.59 7.59 7.59 7.59 7.59 7.59 7.59 7.59 7.59 7.59 7.59 7.59 7.59 7.59 7.59 7.59 7.59 7.59 7.59 7.59 7.59 7.59 7.59 7.59 7.59 7.59 7.59 7.59 7.59 7.59 7.59 7.59 7.59 7.59 7.59 7.59 7.59 7.59 7.59 7.59 7.59 7.59 7.59 7.59 7.59 7.59 7.59 7.59 7.59 7.59 7.59 7.59 7.59 7.59 7.59 7.59 7.59 7.59 7.59
7.58 7.58 7.58 7.58 7.58 7.58 7.58 7.58 7.58 7.58 7.58 7.58 7.58 7.58 7.58 7.58 7.58 7.58 7.58 7.58 7.58 7.58 7.58 7.58 7.58 7.58 7.58 7.58 7.58 7.58 7.58 7.58 7.58 7.58 7.58 7.58 7.58 7.58 7.58 7.58 7.58 7.58 7.58 7.58 7.58 7.58 7.58 7.58 7.58 7.58 7.58 7.58 7.58 7.58 7.58 7.58 7.58 7.58 7.58 7.58 7.58 7.58 7.58 7.58 7.58 7.58 7.58 7.58 7.58 7.58 7.58 7.58 7.58 7.58 7.58 7.58 7.58 7.58 7.58 7.58 7.58 7.58 7.58 7.58
7.57 7.57 7.57 7.57 7.57 7.57 7.57 7.57 7.57 7.57 7.57 7.57 7.57 7.57 7.57 7.57 7.57 7.57 7.57 7.57 7.57 7.57 7.57 7.57 7.57 7.57 7.57 7.57 7.57 7.57 7.57 7.57 7.57 7.57 7.57 7.57 7.57 7.57 7.57 7.57 7.57 7.57 7.57 7.57 7.57 7.57 7.57 7.57 7.57 7.57 7.57 7.57 7.57 7.57 7.57 7.57 7.57 7.57 7.57 7.57 7.57 7.57 7.57 7.57 7.57 7.57 7.57 7.57 7.57 7.57 7.57 7.57 7.57 7.57 7.57 7.57 7.57 7.57 7.57 7.57 7.57 7.57 7.57 7.57
7.57 7.57 7.57 7.57 7.57 7.57 7.57 7.57 7.57 7.57 7.57 7.57 7.57 7.57 7.57 7.57 7.57 7.57 7.57 7.57 7.57 7.57 7.57 7.57 7.57 7.57 7.57 7.57 7.57 7.57 7.57 7.57 7.57 7.57 7.57 7.57 7.57 7.57 7.57 7.57 7.57 7.57 7.57 7.57 7.57 7.57 7.57 7.57 7.57 7.57 7.57 7.57 7.57 7.57 7.57 7.57 7.57 7.57 7.57 7.57 7.57 7.57 7.57 7.57 7.57 7.57 7.57 7.57 7.57 7.57 7.57 7.57 7.57 7.57 7.57 7.57 7.57 7.57 7.57 7.57 7.57 7.57 7.57 7.57
7.56 7.56 7.56 7.56 7.56 7.56 7.56 7.56 7.56 7.56 7.56 7.56 7.56 7.56 7.56 7.56 7.56 7.56 7.56 7.56 7.56 7.56 7.56 7.56 7.56 7.56 7.56 7.56 7.56 7.56 7.56 7.56 7.56 7.56 7.56 7.56 7.56 7.56 7.56 7.56 7.56 7.56 7.56 7.56 7.56 7.56 7.56 7.56 7.56 7.56 7.56 7.56 7.56 7.56 7.56 7.56 7.56 7.56 7.56 7.56 7.56 7.56 7.56 7.56 7.56 7.56 7.56 7.56 7.56 7.56 7.56 7.56 7.56 7.56 7.56 7.56 7.56 7.56 7.56 7.56 7.56 7.56 7.56 7.56
7.55 7.55 7.55 7.55 7.55 7.55 7.55 7.55 7.55 7.55 7.55 7.55 7.55 7.55 7.55 7.55 7.55 7.55 7.55 7.55 7.55 7.55 7.55 7.55 7.55 7.55 7.55 7.55 7.55 7.55 7.55 7.55 7.55 7.55 7.55 7.55 7.55 7.55 7.55 7.55 7.55 7.55 7.55 7.55 7.55 7.55 7.55 7.55 7.55 7.55 7.55 7.55 7.55 7.55 7.55 7.55 7.55 7.55 7.55 7.55 7.55 7.55 7.55 7.55 7.55 7.55 7.55 7.55 7.55 7.55 7.55 7.55 7.55 7.55 7.55 7.55 7.55 7.55 7.55 7.55 7.55 7.55 7.55 7.55
