data/case_study_iwrn/geo/gridded/shebele.soil_ksat_infilt.txt
ncols        763
nrows        553
xllcorner    38.675613235556
yllcorner    4.620037453540
cellsize     0.008993216100
NODATA_value  -9999.00
[rows 456 to 493 of 553, columns 504 to 587 of 763]
0.22 0.23 0.22 0.21 0.20 0.21 0.21 0.21 0.21 0.22 0.23 0.23 0.23 0.22 0.22 0.22 0.22 0.23 0.24 0.26 0.26 0.25 0.24 0.23 0.25 0.27 0.26 0.25 0.27 0.26 0.26 0.24 0.25 0.25 0.25 0.25 0.24 0.25 0.27 0.30 0.33 0.30 0.34 0.32 0.31 0.31 0.31 0.33 0.32 0.30 0.32 0.31 0.30 0.32 0.29 0.29 0.28 0.28 0.28 0.28 0.28 0.27 0.29 0.32 0.33 0.30 0.33 0.37 0.46 0.47 0.38 0.30 0.28 0.29 0.32 0.39 0.42 0.36 0.30 0.33 0.39 0.50 0.62 0.69
0.23 0.23 0.21 0.21 0.21 0.21 0.22 0.22 0.22 0.23 0.23 0.24 0.24 0.22 0.21 0.22 0.21 0.21 0.22 0.25 0.26 0.25 0.25 0.25 0.26 0.28 0.27 0.26 0.28 0.26 0.25 0.24 0.23 0.24 0.23 0.23 0.23 0.25 0.27 0.29 0.33 0.33 0.38 0.32 0.32 0.31 0.30 0.31 0.31 0.30 0.29 0.28 0.28 0.29 0.27 0.27 0.27 0.27 0.28 0.28 0.27 0.28 0.29 0.33 0.36 0.30 0.31 0.36 0.47 0.48 0.45 0.36 0.32 0.33 0.37 0.42 0.35 0.31 0.30 0.34 0.44 0.54 0.53 0.53
0.22 0.22 0.21 0.21 0.22 0.22 0.23 0.23 0.23 0.23 0.24 0.24 0.23 0.21 0.21 0.21 0.21 0.22 0.22 0.25 0.26 0.25 0.25 0.26 0.27 0.27 0.27 0.27 0.27 0.25 0.25 0.26 0.24 0.24 0.23 0.22 0.24 0.26 0.26 0.27 0.30 0.33 0.36 0.31 0.30 0.32 0.30 0.29 0.30 0.28 0.26 0.26 0.27 0.29 0.30 0.28 0.28 0.26 0.26 0.28 0.28 0.28 0.32 0.35 0.35 0.33 0.43 0.47 0.46 0.45 0.42 0.40 0.33 0.35 0.43 0.38 0.31 0.29 0.30 0.34 0.39 0.42 0.39 0.39
0.21 0.22 0.22 0.22 0.22 0.24 0.23 0.22 0.22 0.22 0.23 0.23 0.22 0.21 0.20 0.20 0.20 0.21 0.22 0.24 0.26 0.26 0.25 0.26 0.26 0.27 0.26 0.26 0.25 0.23 0.24 0.25 0.24 0.24 0.23 0.23 0.24 0.25 0.25 0.26 0.26 0.31 0.35 0.31 0.29 0.30 0.31 0.29 0.29 0.28 0.28 0.28 0.27 0.28 0.29 0.28 0.29 0.28 0.27 0.27 0.27 0.30 0.34 0.34 0.35 0.43 0.49 0.49 0.42 0.42 0.36 0.36 0.34 0.35 0.37 0.36 0.35 0.32 0.30 0.33 0.38 0.36 0.35 0.35
0.21 0.22 0.23 0.23 0.23 0.24 0.24 0.22 0.22 0.21 0.23 0.24 0.23 0.21 0.20 0.20 0.20 0.20 0.21 0.23 0.25 0.25 0.25 0.25 0.25 0.25 0.25 0.25 0.24 0.23 0.24 0.24 0.23 0.22 0.23 0.24 0.24 0.24 0.25 0.26 0.27 0.30 0.34 0.32 0.30 0.30 0.29 0.28 0.28 0.28 0.29 0.28 0.28 0.29 0.28 0.28 0.28 0.28 0.26 0.26 0.27 0.31 0.34 0.31 0.34 0.41 0.44 0.42 0.39 0.41 0.33 0.33 0.35 0.34 0.33 0.34 0.36 0.35 0.33 0.34 0.36 0.35 0.33 0.33
0.22 0.22 0.23 0.23 0.23 0.24 0.24 0.23 0.22 0.22 0.23 0.24 0.23 0.23 0.22 0.21 0.21 0.21 0.22 0.23 0.26 0.26 0.25 0.25 0.25 0.24 0.24 0.25 0.24 0.24 0.24 0.23 0.23 0.23 0.24 0.25 0.25 0.25 0.26 0.28 0.29 0.32 0.34 0.33 0.32 0.30 0.28 0.28 0.28 0.27 0.27 0.28 0.28 0.26 0.25 0.27 0.26 0.25 0.25 0.26 0.29 0.31 0.30 0.30 0.37 0.41 0.41 0.40 0.40 0.38 0.32 0.30 0.31 0.31 0.31 0.32 0.33 0.33 0.34 0.36 0.39 0.37 0.34 0.34
0.22 0.23 0.25 0.25 0.24 0.25 0.24 0.23 0.23 0.24 0.24 0.24 0.22 0.24 0.23 0.23 0.23 0.22 0.22 0.24 0.26 0.26 0.26 0.25 0.26 0.25 0.25 0.26 0.26 0.25 0.24 0.23 0.24 0.24 0.24 0.26 0.26 0.27 0.27 0.30 0.30 0.31 0.30 0.33 0.31 0.28 0.26 0.26 0.26 0.26 0.26 0.27 0.27 0.24 0.26 0.26 0.25 0.25 0.26 0.29 0.31 0.31 0.32 0.35 0.41 0.47 0.45 0.42 0.38 0.35 0.31 0.29 0.29 0.30 0.32 0.33 0.33 0.32 0.34 0.36 0.40 0.41 0.38 0.40
0.22 0.24 0.25 0.25 0.25 0.25 0.25 0.24 0.23 0.23 0.24 0.23 0.22 0.23 0.24 0.24 0.25 0.24 0.24 0.24 0.25 0.25 0.25 0.24 0.25 0.26 0.26 0.25 0.25 0.25 0.26 0.25 0.24 0.24 0.24 0.26 0.27 0.28 0.27 0.29 0.28 0.29 0.29 0.30 0.29 0.27 0.26 0.26 0.26 0.27 0.26 0.27 0.28 0.27 0.26 0.25 0.25 0.25 0.26 0.30 0.31 0.32 0.36 0.42 0.46 0.50 0.46 0.41 0.34 0.32 0.31 0.29 0.28 0.29 0.33 0.34 0.33 0.35 0.42 0.43 0.42 0.47 0.42 0.38
0.23 0.25 0.26 0.26 0.26 0.26 0.25 0.23 0.23 0.25 0.25 0.24 0.22 0.22 0.23 0.23 0.23 0.24 0.25 0.25 0.24 0.25 0.25 0.25 0.25 0.25 0.26 0.26 0.25 0.25 0.25 0.24 0.22 0.22 0.23 0.24 0.27 0.28 0.28 0.28 0.27 0.28 0.29 0.29 0.27 0.26 0.25 0.25 0.25 0.26 0.26 0.26 0.27 0.28 0.26 0.25 0.26 0.26 0.27 0.31 0.33 0.38 0.43 0.46 0.48 0.45 0.41 0.33 0.31 0.30 0.29 0.29 0.28 0.30 0.33 0.37 0.37 0.39 0.44 0.45 0.43 0.42 0.40 0.37
0.23 0.26 0.26 0.26 0.26 0.26 0.26 0.25 0.25 0.25 0.25 0.24 0.23 0.22 0.23 0.22 0.22 0.24 0.24 0.24 0.24 0.24 0.25 0.26 0.25 0.24 0.25 0.25 0.23 0.23 0.23 0.23 0.22 0.22 0.23 0.23 0.24 0.26 0.28 0.28 0.27 0.27 0.28 0.29 0.26 0.26 0.26 0.26 0.26 0.26 0.27 0.26 0.26 0.27 0.26 0.25 0.27 0.27 0.29 0.31 0.33 0.41 0.49 0.47 0.44 0.43 0.38 0.34 0.31 0.31 0.28 0.29 0.29 0.31 0.37 0.40 0.40 0.40 0.40 0.41 0.40 0.38 0.37 0.36
0.24 0.26 0.27 0.26 0.25 0.26 0.28 0.30 0.27 0.23 0.23 0.24 0.24 0.23 0.23 0.21 0.20 0.22 0.22 0.22 0.22 0.23 0.24 0.24 0.23 0.23 0.23 0.23 0.23 0.23 0.22 0.23 0.23 0.23 0.23 0.23 0.22 0.24 0.25 0.26 0.27 0.27 0.27 0.27 0.28 0.28 0.26 0.26 0.28 0.28 0.28 0.26 0.27 0.26 0.27 0.25 0.27 0.28 0.36 0.40 0.35 0.36 0.45 0.42 0.41 0.39 0.32 0.31 0.30 0.29 0.29 0.29 0.33 0.35 0.37 0.39 0.39 0.38 0.39 0.40 0.40 0.40 0.35 0.32
0.26 0.27 0.27 0.26 0.26 0.26 0.27 0.29 0.27 0.25 0.24 0.24 0.26 0.25 0.23 0.21 0.20 0.19 0.20 0.20 0.21 0.23 0.24 0.23 0.23 0.24 0.23 0.22 0.23 0.23 0.24 0.26 0.25 0.25 0.24 0.25 0.25 0.25 0.24 0.26 0.29 0.30 0.28 0.28 0.29 0.29 0.28 0.28 0.30 0.31 0.31 0.28 0.27 0.28 0.27 0.26 0.27 0.35 0.43 0.46 0.42 0.41 0.39 0.37 0.37 0.35 0.32 0.29 0.30 0.31 0.33 0.34 0.37 0.38 0.38 0.38 0.38 0.37 0.40 0.40 0.40 0.37 0.31 0.29
0.26 0.27 0.26 0.27 0.27 0.27 0.28 0.29 0.27 0.26 0.25 0.25 0.26 0.26 0.23 0.21 0.20 0.20 0.21 0.22 0.24 0.26 0.26 0.24 0.23 0.23 0.23 0.23 0.24 0.24 0.26 0.29 0.28 0.27 0.27 0.28 0.27 0.27 0.27 0.28 0.29 0.30 0.30 0.29 0.28 0.28 0.28 0.30 0.31 0.33 0.32 0.28 0.27 0.30 0.28 0.26 0.29 0.38 0.42 0.42 0.39 0.40 0.36 0.34 0.31 0.29 0.29 0.29 0.31 0.33 0.37 0.38 0.39 0.40 0.40 0.38 0.36 0.34 0.37 0.38 0.36 0.34 0.30 0.28
0.26 0.27 0.27 0.28 0.29 0.29 0.29 0.29 0.27 0.26 0.25 0.25 0.26 0.27 0.26 0.23 0.22 0.22 0.23 0.24 0.25 0.24 0.25 0.25 0.24 0.24 0.25 0.27 0.29 0.29 0.29 0.30 0.30 0.30 0.31 0.29 0.28 0.27 0.28 0.28 0.27 0.28 0.30 0.30 0.28 0.26 0.26 0.26 0.28 0.34 0.32 0.28 0.29 0.31 0.29 0.27 0.28 0.34 0.36 0.38 0.38 0.39 0.34 0.30 0.30 0.32 0.29 0.31 0.35 0.36 0.38 0.37 0.35 0.35 0.37 0.36 0.36 0.36 0.35 0.33 0.33 0.34 0.33 0.31
0.26 0.27 0.27 0.27 0.28 0.29 0.29 0.28 0.27 0.26 0.26 0.25 0.26 0.26 0.26 0.25 0.23 0.23 0.23 0.25 0.25 0.24 0.24 0.25 0.24 0.25 0.28 0.29 0.30 0.30 0.30 0.29 0.30 0.31 0.32 0.31 0.28 0.28 0.28 0.27 0.27 0.29 0.31 0.30 0.29 0.28 0.26 0.26 0.30 0.34 0.34 0.31 0.32 0.32 0.30 0.28 0.28 0.31 0.36 0.36 0.37 0.36 0.31 0.30 0.28 0.30 0.28 0.28 0.31 0.34 0.35 0.35 0.34 0.35 0.36 0.35 0.37 0.39 0.35 0.33 0.32 0.33 0.33 0.33
0.28 0.27 0.26 0.26 0.25 0.26 0.26 0.26 0.26 0.25 0.25 0.25 0.25 0.25 0.24 0.24 0.24 0.24 0.24 0.25 0.25 0.24 0.24 0.24 0.26 0.27 0.29 0.29 0.29 0.28 0.28 0.28 0.27 0.29 0.28 0.28 0.29 0.29 0.28 0.27 0.29 0.32 0.29 0.29 0.31 0.31 0.31 0.32 0.35 0.36 0.36 0.33 0.33 0.33 0.38 0.31 0.30 0.36 0.40 0.36 0.34 0.31 0.29 0.28 0.27 0.28 0.28 0.27 0.27 0.31 0.32 0.32 0.31 0.33 0.33 0.36 0.40 0.39 0.35 0.33 0.33 0.33 0.33 0.33
0.30 0.28 0.27 0.26 0.25 0.25 0.26 0.26 0.26 0.26 0.25 0.24 0.25 0.24 0.25 0.25 0.25 0.25 0.26 0.26 0.25 0.25 0.25 0.25 0.27 0.28 0.29 0.30 0.29 0.27 0.26 0.26 0.26 0.27 0.28 0.27 0.27 0.30 0.30 0.28 0.28 0.31 0.28 0.29 0.31 0.31 0.30 0.33 0.37 0.37 0.35 0.34 0.33 0.34 0.37 0.36 0.35 0.37 0.37 0.33 0.30 0.29 0.28 0.27 0.27 0.29 0.29 0.28 0.28 0.27 0.27 0.30 0.31 0.31 0.33 0.38 0.38 0.38 0.35 0.33 0.33 0.33 0.34 0.33
0.28 0.28 0.27 0.26 0.25 0.25 0.25 0.25 0.26 0.27 0.26 0.26 0.26 0.25 0.26 0.26 0.26 0.25 0.25 0.26 0.25 0.25 0.26 0.26 0.26 0.27 0.28 0.30 0.29 0.26 0.25 0.25 0.26 0.28 0.28 0.28 0.28 0.31 0.31 0.30 0.31 0.32 0.28 0.29 0.30 0.30 0.30 0.31 0.32 0.34 0.34 0.33 0.33 0.33 0.33 0.34 0.34 0.32 0.31 0.30 0.29 0.27 0.26 0.27 0.28 0.29 0.30 0.29 0.28 0.28 0.29 0.30 0.31 0.32 0.33 0.36 0.34 0.34 0.33 0.34 0.33 0.33 0.33 0.32
0.26 0.26 0.25 0.24 0.24 0.24 0.24 0.26 0.27 0.30 0.29 0.28 0.28 0.25 0.26 0.26 0.26 0.25 0.25 0.25 0.24 0.24 0.25 0.25 0.26 0.26 0.25 0.28 0.28 0.26 0.25 0.25 0.26 0.27 0.28 0.28 0.30 0.32 0.33 0.31 0.33 0.32 0.28 0.29 0.29 0.30 0.30 0.30 0.30 0.32 0.35 0.31 0.30 0.30 0.30 0.31 0.32 0.30 0.29 0.28 0.27 0.27 0.26 0.27 0.30 0.31 0.33 0.33 0.31 0.29 0.31 0.32 0.31 0.31 0.32 0.32 0.30 0.29 0.31 0.34 0.33 0.30 0.29 0.28
0.27 0.26 0.24 0.24 0.24 0.23 0.25 0.26 0.28 0.30 0.31 0.30 0.27 0.26 0.27 0.26 0.25 0.25 0.24 0.24 0.24 0.25 0.26 0.26 0.27 0.26 0.26 0.28 0.27 0.25 0.25 0.25 0.25 0.27 0.28 0.28 0.29 0.31 0.32 0.31 0.30 0.30 0.28 0.29 0.30 0.29 0.29 0.30 0.30 0.31 0.33 0.32 0.30 0.30 0.30 0.31 0.30 0.30 0.29 0.27 0.26 0.26 0.26 0.27 0.29 0.31 0.34 0.34 0.32 0.29 0.30 0.32 0.32 0.31 0.31 0.31 0.30 0.29 0.32 0.35 0.34 0.32 0.29 0.27
0.27 0.28 0.26 0.25 0.24 0.24 0.26 0.26 0.30 0.30 0.30 0.30 0.28 0.27 0.27 0.26 0.26 0.24 0.24 0.25 0.25 0.26 0.26 0.27 0.27 0.27 0.28 0.29 0.28 0.26 0.25 0.24 0.24 0.25 0.27 0.27 0.28 0.29 0.30 0.30 0.28 0.28 0.28 0.30 0.29 0.29 0.31 0.32 0.32 0.32 0.32 0.32 0.30 0.29 0.29 0.29 0.28 0.29 0.29 0.28 0.27 0.27 0.29 0.31 0.31 0.31 0.34 0.34 0.32 0.30 0.31 0.33 0.35 0.32 0.31 0.32 0.31 0.31 0.32 0.36 0.37 0.36 0.34 0.31
0.29 0.30 0.27 0.24 0.24 0.25 0.26 0.28 0.32 0.30 0.29 0.29 0.28 0.28 0.26 0.26 0.27 0.27 0.27 0.27 0.27 0.27 0.26 0.27 0.27 0.27 0.28 0.29 0.27 0.27 0.26 0.24 0.24 0.25 0.26 0.26 0.26 0.27 0.28 0.28 0.28 0.27 0.27 0.28 0.28 0.29 0.29 0.31 0.31 0.31 0.31 0.30 0.28 0.27 0.27 0.28 0.28 0.28 0.29 0.28 0.28 0.27 0.31 0.36 0.34 0.33 0.35 0.34 0.32 0.32 0.32 0.32 0.31 0.30 0.31 0.33 0.33 0.32 0.32 0.34 0.35 0.35 0.37 0.37
0.29 0.28 0.27 0.24 0.25 0.25 0.26 0.28 0.31 0.29 0.29 0.29 0.28 0.28 0.27 0.28 0.28 0.28 0.28 0.29 0.28 0.28 0.27 0.27 0.28 0.28 0.27 0.27 0.26 0.25 0.26 0.26 0.27 0.28 0.28 0.28 0.27 0.26 0.27 0.27 0.27 0.27 0.27 0.27 0.28 0.28 0.28 0.29 0.30 0.29 0.28 0.28 0.28 0.27 0.27 0.28 0.29 0.29 0.29 0.30 0.29 0.29 0.32 0.34 0.33 0.32 0.33 0.32 0.31 0.31 0.31 0.30 0.29 0.29 0.31 0.34 0.34 0.34 0.33 0.33 0.33 0.34 0.37 0.37
0.25 0.24 0.25 0.25 0.26 0.26 0.26 0.29 0.30 0.30 0.29 0.29 0.28 0.28 0.28 0.28 0.29 0.29 0.30 0.30 0.31 0.29 0.27 0.28 0.29 0.28 0.27 0.25 0.25 0.26 0.27 0.28 0.29 0.30 0.29 0.29 0.27 0.25 0.26 0.27 0.27 0.27 0.27 0.27 0.27 0.28 0.28 0.30 0.30 0.29 0.29 0.28 0.28 0.28 0.27 0.28 0.29 0.28 0.29 0.30 0.32 0.32 0.32 0.32 0.32 0.31 0.31 0.32 0.32 0.31 0.31 0.30 0.29 0.31 0.32 0.34 0.35 0.34 0.34 0.34 0.34 0.36 0.35 0.35
0.23 0.22 0.23 0.24 0.25 0.25 0.27 0.29 0.31 0.30 0.29 0.30 0.32 0.31 0.30 0.28 0.28 0.29 0.30 0.30 0.32 0.32 0.31 0.30 0.29 0.27 0.25 0.26 0.27 0.29 0.28 0.28 0.28 0.29 0.29 0.28 0.26 0.25 0.26 0.27 0.27 0.27 0.26 0.26 0.25 0.26 0.28 0.32 0.31 0.30 0.30 0.29 0.28 0.29 0.29 0.28 0.29 0.30 0.31 0.32 0.33 0.32 0.33 0.32 0.30 0.30 0.30 0.31 0.32 0.33 0.34 0.32 0.32 0.33 0.34 0.36 0.35 0.35 0.35 0.36 0.33 0.33 0.33 0.34
0.23 0.23 0.23 0.23 0.24 0.25 0.26 0.30 0.31 0.29 0.28 0.31 0.33 0.32 0.31 0.30 0.28 0.27 0.27 0.28 0.29 0.30 0.30 0.28 0.26 0.25 0.25 0.26 0.28 0.29 0.29 0.27 0.29 0.29 0.30 0.29 0.26 0.26 0.27 0.28 0.28 0.27 0.25 0.24 0.24 0.26 0.28 0.32 0.31 0.30 0.29 0.29 0.30 0.31 0.31 0.29 0.29 0.30 0.29 0.30 0.32 0.32 0.32 0.30 0.28 0.27 0.29 0.31 0.32 0.33 0.33 0.31 0.33 0.31 0.32 0.34 0.35 0.34 0.35 0.34 0.30 0.30 0.32 0.33
0.23 0.23 0.24 0.24 0.24 0.25 0.27 0.29 0.30 0.29 0.28 0.30 0.31 0.32 0.30 0.29 0.28 0.27 0.27 0.28 0.29 0.30 0.29 0.27 0.26 0.26 0.25 0.26 0.27 0.27 0.27 0.27 0.27 0.27 0.28 0.29 0.27 0.26 0.27 0.28 0.28 0.26 0.24 0.24 0.25 0.25 0.26 0.28 0.29 0.29 0.29 0.28 0.29 0.30 0.30 0.29 0.28 0.28 0.28 0.28 0.32 0.33 0.31 0.29 0.28 0.27 0.29 0.32 0.34 0.36 0.35 0.32 0.32 0.30 0.32 0.35 0.36 0.35 0.37 0.33 0.31 0.31 0.34 0.36
0.23 0.24 0.24 0.24 0.24 0.24 0.26 0.29 0.29 0.30 0.29 0.30 0.31 0.32 0.30 0.30 0.29 0.29 0.28 0.29 0.30 0.28 0.28 0.27 0.26 0.26 0.25 0.26 0.27 0.27 0.26 0.25 0.25 0.26 0.26 0.26 0.27 0.26 0.27 0.27 0.27 0.25 0.24 0.25 0.25 0.25 0.24 0.24 0.27 0.29 0.30 0.31 0.31 0.30 0.30 0.31 0.29 0.27 0.28 0.29 0.31 0.32 0.31 0.30 0.30 0.30 0.30 0.31 0.32 0.35 0.36 0.35 0.32 0.30 0.32 0.34 0.36 0.37 0.35 0.33 0.32 0.34 0.38 0.40
0.25 0.24 0.24 0.25 0.26 0.26 0.27 0.28 0.27 0.30 0.31 0.30 0.31 0.32 0.31 0.30 0.30 0.30 0.30 0.31 0.31 0.30 0.29 0.28 0.27 0.26 0.25 0.25 0.27 0.28 0.27 0.25 0.26 0.27 0.26 0.26 0.26 0.26 0.27 0.27 0.26 0.25 0.25 0.24 0.24 0.24 0.23 0.25 0.27 0.29 0.30 0.32 0.32 0.31 0.30 0.29 0.28 0.28 0.28 0.28 0.30 0.32 0.32 0.29 0.30 0.31 0.30 0.30 0.31 0.34 0.36 0.34 0.31 0.30 0.31 0.33 0.35 0.36 0.34 0.33 0.33 0.34 0.36 0.39
0.27 0.26 0.25 0.26 0.28 0.28 0.27 0.28 0.28 0.29 0.30 0.29 0.31 0.33 0.32 0.30 0.31 0.31 0.30 0.30 0.30 0.30 0.29 0.28 0.26 0.25 0.24 0.25 0.27 0.28 0.27 0.26 0.27 0.27 0.27 0.27 0.27 0.28 0.28 0.27 0.25 0.24 0.24 0.23 0.23 0.23 0.24 0.26 0.27 0.29 0.28 0.29 0.31 0.31 0.27 0.25 0.26 0.27 0.26 0.27 0.31 0.32 0.33 0.31 0.31 0.31 0.30 0.31 0.30 0.29 0.30 0.30 0.30 0.30 0.29 0.30 0.31 0.32 0.33 0.33 0.33 0.33 0.35 0.38
0.25 0.25 0.26 0.26 0.27 0.28 0.27 0.27 0.29 0.30 0.30 0.30 0.31 0.32 0.31 0.31 0.31 0.31 0.31 0.30 0.29 0.28 0.28 0.28 0.27 0.26 0.25 0.27 0.28 0.28 0.27 0.26 0.27 0.27 0.27 0.27 0.27 0.28 0.28 0.27 0.24 0.23 0.23 0.23 0.23 0.23 0.23 0.25 0.27 0.28 0.29 0.29 0.30 0.28 0.26 0.25 0.25 0.26 0.27 0.28 0.31 0.30 0.31 0.31 0.31 0.30 0.29 0.28 0.27 0.27 0.26 0.27 0.28 0.29 0.31 0.29 0.28 0.29 0.30 0.31 0.33 0.34 0.37 0.38
0.27 0.27 0.26 0.26 0.27 0.28 0.27 0.28 0.30 0.32 0.30 0.31 0.32 0.32 0.30 0.30 0.30 0.30 0.30 0.29 0.28 0.28 0.27 0.27 0.26 0.26 0.25 0.28 0.29 0.28 0.28 0.28 0.29 0.27 0.26 0.26 0.26 0.27 0.27 0.25 0.23 0.23 0.23 0.23 0.24 0.23 0.22 0.24 0.27 0.27 0.28 0.28 0.27 0.26 0.26 0.26 0.25 0.26 0.29 0.30 0.30 0.28 0.27 0.27 0.27 0.27 0.26 0.26 0.27 0.27 0.26 0.27 0.27 0.28 0.31 0.30 0.28 0.29 0.29 0.30 0.32 0.35 0.37 0.37
0.27 0.27 0.26 0.27 0.27 0.27 0.27 0.27 0.29 0.31 0.31 0.31 0.30 0.30 0.30 0.29 0.29 0.29 0.29 0.28 0.26 0.27 0.27 0.27 0.27 0.26 0.26 0.28 0.28 0.28 0.28 0.29 0.31 0.29 0.27 0.26 0.26 0.26 0.26 0.25 0.22 0.22 0.23 0.23 0.24 0.23 0.22 0.22 0.24 0.27 0.25 0.24 0.23 0.23 0.23 0.24 0.24 0.25 0.28 0.29 0.28 0.26 0.25 0.25 0.25 0.25 0.25 0.26 0.27 0.26 0.27 0.27 0.25 0.26 0.28 0.29 0.29 0.30 0.31 0.31 0.31 0.31 0.32 0.34
0.25 0.26 0.26 0.27 0.26 0.26 0.25 0.26 0.29 0.30 0.30 0.28 0.28 0.29 0.30 0.30 0.30 0.30 0.29 0.28 0.26 0.26 0.26 0.27 0.28 0.28 0.27 0.28 0.27 0.27 0.28 0.28 0.29 0.28 0.26 0.26 0.25 0.25 0.25 0.24 0.23 0.22 0.22 0.23 0.23 0.23 0.22 0.22 0.22 0.23 0.22 0.21 0.21 0.21 0.21 0.22 0.23 0.24 0.26 0.27 0.26 0.25 0.25 0.26 0.25 0.25 0.26 0.26 0.27 0.26 0.27 0.27 0.25 0.26 0.26 0.27 0.29 0.32 0.33 0.31 0.30 0.31 0.31 0.33
0.25 0.25 0.24 0.25 0.25 0.25 0.25 0.27 0.29 0.30 0.30 0.28 0.28 0.30 0.30 0.30 0.29 0.29 0.28 0.28 0.27 0.26 0.25 0.26 0.27 0.27 0.27 0.28 0.27 0.27 0.27 0.27 0.28 0.26 0.25 0.24 0.23 0.23 0.23 0.22 0.22 0.22 0.22 0.22 0.22 0.22 0.23 0.22 0.21 0.20 0.20 0.20 0.21 0.21 0.21 0.22 0.22 0.22 0.23 0.24 0.25 0.24 0.25 0.25 0.26 0.26 0.25 0.25 0.27 0.27 0.26 0.26 0.25 0.26 0.26 0.27 0.29 0.33 0.34 0.31 0.33 0.35 0.33 0.32
0.26 0.26 0.25 0.25 0.25 0.26 0.25 0.27 0.29 0.29 0.29 0.29 0.29 0.30 0.29 0.28 0.28 0.28 0.27 0.28 0.27 0.26 0.26 0.26 0.26 0.26 0.26 0.27 0.27 0.26 0.25 0.26 0.27 0.25 0.23 0.23 0.22 0.22 0.22 0.22 0.22 0.21 0.21 0.21 0.22 0.22 0.22 0.22 0.21 0.20 0.20 0.20 0.20 0.21 0.22 0.22 0.22 0.21 0.22 0.23 0.24 0.24 0.25 0.26 0.27 0.27 0.25 0.25 0.26 0.26 0.26 0.26 0.26 0.27 0.26 0.28 0.29 0.33 0.35 0.33 0.32 0.32 0.30 0.30
0.27 0.27 0.27 0.27 0.27 0.27 0.26 0.27 0.28 0.27 0.28 0.30 0.30 0.31 0.30 0.29 0.28 0.29 0.29 0.27 0.27 0.26 0.26 0.26 0.26 0.26 0.26 0.26 0.27 0.26 0.26 0.27 0.26 0.26 0.24 0.22 0.21 0.21 0.21 0.22 0.21 0.21 0.21 0.21 0.21 0.21 0.21 0.21 0.21 0.20 0.20 0.20 0.20 0.21 0.21 0.21 0.21 0.21 0.21 0.22 0.24 0.25 0.26 0.27 0.26 0.26 0.26 0.26 0.26 0.25 0.27 0.27 0.27 0.28 0.26 0.28 0.29 0.31 0.32 0.31 0.31 0.29 0.28 0.29
0.27 0.27 0.27 0.27 0.28 0.27 0.26 0.26 0.26 0.27 0.29 0.31 0.31 0.30 0.30 0.29 0.29 0.29 0.28 0.27 0.27 0.26 0.26 0.27 0.27 0.26 0.27 0.27 0.27 0.26 0.25 0.25 0.25 0.26 0.25 0.23 0.22 0.22 0.22 0.20 0.20 0.20 0.20 0.21 0.21 0.21 0.21 0.21 0.20 0.20 0.20 0.20 0.20 0.21 0.21 0.20 0.21 0.22 0.22 0.23 0.25 0.24 0.24 0.24 0.24 0.25 0.25 0.24 0.25 0.26 0.26 0.27 0.26 0.26 0.27 0.27 0.28 0.29 0.28 0.30 0.31 0.30 0.29 0.28
