data/case_study_iwrn/geo/gridded/shebele.dem.txt
ncols        763
nrows        553
xllcorner    38.675613235556
yllcorner    4.620037453540
cellsize     0.008993216100
NODATA_value  -9999.00
[rows 416 to 447 of 553, columns 432 to 503 of 763]
547.48 535.56 527.93 521.59 517.43 526.64 519.47 514.79 527.19 549.59 583.91 579.75 556.53 514.62 487.12 478.64 467.97 460.65 456.28 452.45 446.55 443.67 455.36 459.59 444.45 435.29 428.48 421.55 416.89 413.63 411.23 407.38 404.43 401.71 398.60 395.75 393.78 390.65 387.62 387.57 386.50 382.14 379.63 378.11 375.13 372.56 367.70 363.68 363.13 357.41 353.09 350.05 351.84 355.81 356.95 367.71 378.04 373.27 380.34 389.83 395.85 402.83 408.82 419.37 415.48 406.73 420.88 439.22 457.30 455.39 451.12 426.73
539.49 534.38 528.40 520.45 512.99 517.04 515.97 508.28 511.46 529.34 575.08 577.40 546.78 523.55 524.95 509.26 485.69 471.66 458.79 450.54 446.20 441.15 447.22 453.53 448.97 442.25 436.94 425.39 417.61 414.30 410.12 405.35 403.72 402.83 400.82 397.62 394.83 391.42 387.00 384.32 383.30 381.29 375.54 374.21 372.15 368.60 364.71 363.79 358.78 358.78 359.39 353.06 356.58 358.63 362.10 371.27 386.66 388.69 388.30 406.26 415.43 419.81 434.95 444.80 496.39 478.26 426.44 438.73 471.16 538.61 464.44 471.19
531.55 526.83 522.55 519.94 514.25 506.73 506.53 501.19 503.22 521.49 570.12 570.40 538.29 515.61 525.38 515.22 493.10 483.12 464.42 450.63 443.24 437.91 439.07 438.53 438.98 436.49 431.88 422.60 417.89 413.13 408.06 405.24 403.03 401.61 401.02 398.36 392.18 389.35 387.87 386.37 381.99 377.75 378.43 375.47 372.23 370.45 369.71 368.87 362.87 361.59 358.21 355.17 360.10 362.84 365.79 372.09 382.99 399.59 409.06 421.69 443.08 446.75 489.69 476.82 494.05 528.00 472.64 443.22 486.09 541.41 459.05 445.57
527.20 523.79 518.63 516.76 516.97 506.12 500.42 496.38 492.62 506.97 555.03 563.71 539.22 512.60 497.98 492.80 482.61 477.11 472.16 453.10 438.84 433.51 433.55 431.10 427.78 426.75 424.56 421.35 417.79 412.86 407.68 405.30 402.84 399.45 397.02 395.81 394.20 393.45 391.48 389.42 386.16 383.61 383.51 381.16 379.05 376.95 374.30 368.78 365.34 364.89 360.92 359.54 360.14 366.05 370.30 377.88 392.96 402.84 415.59 429.73 433.64 439.51 514.15 541.92 479.51 478.50 535.29 459.73 459.51 484.10 455.60 431.61
525.51 521.62 517.85 513.59 510.08 505.58 500.92 497.81 493.21 492.61 516.78 529.08 518.33 518.41 505.64 487.22 479.02 470.96 467.33 454.61 438.65 435.92 434.46 432.74 430.06 425.16 420.55 418.90 415.11 412.33 408.96 406.23 402.52 400.31 399.50 399.21 396.87 393.81 390.97 388.66 385.77 385.91 385.96 384.39 383.50 380.94 376.59 372.84 371.30 367.92 365.08 364.67 362.72 369.40 375.41 385.16 394.68 397.84 405.85 415.58 425.86 443.48 523.85 571.70 546.53 467.03 482.64 460.23 432.82 436.78 436.65 427.88
527.15 522.83 518.35 513.35 508.74 505.10 501.85 498.95 495.49 488.25 487.83 501.76 502.94 497.32 522.09 497.69 474.45 465.77 459.64 451.51 445.25 441.01 437.28 434.84 432.00 427.60 421.76 417.08 416.12 414.80 410.98 407.71 404.74 403.84 401.92 399.20 396.86 395.00 392.70 390.37 389.66 388.36 388.30 387.79 385.40 383.27 380.91 380.42 378.66 373.98 372.97 372.08 368.01 368.67 374.04 381.11 392.70 398.71 409.77 421.56 427.13 432.61 502.95 560.10 555.67 495.27 449.53 438.02 429.41 425.00 426.97 421.57
528.99 525.16 519.09 512.90 508.41 503.89 499.92 497.11 494.20 490.21 482.47 483.94 490.98 482.28 500.29 497.74 471.56 460.87 454.88 449.84 446.89 442.73 439.18 436.56 433.15 426.80 422.14 420.53 418.78 416.22 413.30 410.14 408.89 407.24 404.24 401.88 401.26 403.95 405.15 398.35 395.78 393.31 391.72 390.39 391.42 397.48 396.56 400.07 396.56 386.81 380.36 377.13 375.11 370.36 377.96 385.22 389.52 400.63 405.58 410.50 417.97 428.35 492.08 552.24 549.18 549.63 499.38 450.89 454.44 426.82 417.29 414.15
563.03 556.11 556.25 544.98 518.40 502.71 496.89 494.55 492.49 489.34 484.95 479.66 475.60 472.03 473.42 471.51 467.15 460.03 456.14 451.75 447.82 444.41 441.16 437.91 431.54 426.34 425.54 424.29 421.74 417.63 415.09 414.87 413.03 410.42 408.23 407.60 416.07 422.81 414.43 404.42 402.63 400.21 395.48 397.11 420.32 428.98 432.84 436.16 426.98 405.29 387.36 382.73 388.20 376.45 382.55 396.97 399.11 408.80 418.09 431.34 463.73 504.27 535.85 530.58 534.57 548.35 524.48 526.37 529.48 482.79 429.44 413.39
605.27 595.77 582.85 569.90 550.46 518.89 513.09 500.64 493.90 489.64 485.11 480.59 477.46 472.95 466.35 463.05 458.71 457.77 455.42 450.84 448.13 442.98 438.49 437.04 435.69 435.28 437.48 431.33 427.46 429.65 422.11 418.67 417.04 414.65 415.43 419.80 442.78 447.64 429.01 414.06 411.00 410.41 398.08 399.07 419.88 448.17 450.48 434.20 423.37 405.87 391.73 402.61 405.32 386.37 379.36 392.73 404.61 413.74 416.72 464.83 465.00 511.99 518.48 480.47 514.42 542.12 542.65 544.20 517.91 462.04 433.37 425.77
597.68 591.18 582.36 564.77 544.83 539.27 525.47 506.93 497.92 491.84 484.73 480.53 476.44 472.92 470.67 467.28 461.88 455.12 450.04 444.89 443.31 446.58 448.39 462.77 463.28 452.81 448.15 440.54 441.33 443.85 426.38 422.23 421.77 424.46 440.86 448.71 463.71 447.84 428.13 420.84 420.86 410.15 402.46 401.73 415.90 430.82 435.19 440.84 420.10 408.43 404.14 422.45 412.17 391.78 383.73 388.42 392.15 399.95 409.66 418.18 420.37 454.34 457.52 479.29 531.74 534.16 529.02 511.93 475.54 461.96 507.11 488.70
591.75 585.64 573.48 565.14 553.92 526.27 516.27 512.29 516.48 503.66 489.58 482.87 476.89 470.78 467.35 464.04 459.75 454.88 449.80 455.59 464.10 470.90 473.25 489.29 475.22 471.56 465.69 462.53 461.27 436.13 426.65 432.27 438.26 436.79 467.05 472.12 450.05 436.82 428.51 436.83 419.18 415.23 412.46 410.87 410.63 417.97 423.98 443.64 443.14 419.93 418.28 414.57 401.04 389.19 391.62 401.98 401.31 402.71 404.33 410.27 427.91 439.37 458.28 489.93 510.94 530.96 528.36 514.06 481.67 516.56 525.74 465.74
583.42 568.89 557.11 547.40 541.62 533.69 538.94 530.28 514.45 502.48 492.01 484.71 477.52 470.17 464.05 467.03 462.88 457.91 452.92 466.53 488.33 506.48 510.79 502.66 502.31 495.12 474.23 456.26 444.94 433.57 431.23 449.62 465.23 457.92 476.10 459.48 446.26 449.94 443.48 430.62 422.03 435.24 424.24 414.51 422.50 419.27 423.87 435.12 437.94 428.15 420.25 413.23 402.19 391.97 400.93 411.77 413.25 413.59 413.85 410.65 450.39 506.43 519.92 521.37 522.00 527.96 526.71 526.29 521.84 523.17 510.96 485.47
584.15 579.49 572.62 567.60 568.00 549.53 529.58 514.75 506.69 501.14 493.28 482.82 474.99 470.66 479.77 489.65 472.00 463.14 463.00 469.65 500.04 516.66 513.58 513.16 508.44 491.97 466.34 449.29 437.76 439.35 439.73 446.99 466.63 478.30 471.97 458.08 463.69 454.95 434.10 426.66 437.97 441.19 428.68 417.61 427.76 430.52 425.16 429.14 437.37 430.79 433.98 425.51 411.84 394.87 398.84 406.84 428.28 485.66 451.27 452.44 441.96 466.68 497.16 522.51 526.76 523.03 520.60 518.71 520.44 520.23 519.26 520.87
581.17 571.66 559.53 554.27 545.07 528.88 518.95 517.86 533.44 514.29 486.41 485.07 493.76 490.42 496.36 481.04 473.95 482.53 476.04 477.40 510.31 513.56 504.62 502.47 492.25 476.22 473.19 452.72 439.76 453.26 450.39 454.59 464.57 472.93 473.09 468.67 463.07 441.61 436.58 436.54 445.70 436.12 424.16 427.15 432.14 437.08 432.25 432.12 459.22 488.05 463.46 424.19 409.43 397.42 404.55 441.16 456.51 509.76 476.20 516.79 485.66 496.71 514.03 525.16 522.41 518.40 516.51 504.54 514.83 517.41 484.39 487.46
571.57 549.24 546.37 539.44 538.31 544.62 543.46 534.87 524.60 500.86 489.72 512.73 521.42 506.67 487.17 481.17 496.92 503.32 479.72 491.35 513.51 507.12 497.57 485.88 475.32 463.31 460.76 446.80 448.63 462.25 463.79 467.73 478.52 474.83 466.78 458.23 450.68 442.56 444.78 441.85 446.61 440.97 430.43 430.39 458.33 459.13 443.25 441.59 464.32 535.09 480.17 433.16 411.44 400.89 407.03 433.16 481.60 507.34 523.50 526.97 503.32 506.84 526.91 523.10 518.89 514.90 514.56 492.44 485.11 496.51 448.54 441.77
555.75 554.21 571.48 568.32 562.28 547.49 549.73 524.72 500.32 494.58 505.38 533.61 522.40 499.49 495.78 498.36 507.08 503.49 487.85 503.08 510.88 498.70 484.41 474.02 465.58 461.87 460.20 454.49 452.41 468.46 470.30 475.37 476.48 470.30 460.88 455.46 451.99 448.84 448.84 445.96 477.32 453.74 434.43 431.42 475.47 510.07 502.71 498.81 519.41 546.17 514.20 446.24 414.26 403.00 413.60 444.62 454.74 503.18 527.73 526.53 520.44 518.32 522.17 519.58 515.39 512.19 511.62 492.95 449.88 433.11 422.09 413.69
567.44 570.02 574.90 563.70 554.54 534.06 520.72 508.79 500.33 512.66 519.84 532.88 509.92 496.58 509.01 512.50 516.41 503.85 498.68 512.00 503.11 490.18 482.68 480.54 478.60 476.68 481.43 466.92 453.41 461.46 469.59 476.33 494.34 479.02 464.16 459.46 455.07 451.72 473.69 522.02 521.22 458.36 438.45 435.82 462.41 546.31 552.36 548.46 544.34 526.05 489.24 427.17 414.65 404.89 422.99 487.23 508.65 521.14 520.18 521.28 521.12 519.78 518.47 515.11 510.83 508.96 508.09 475.98 462.84 455.45 433.15 469.26
577.67 572.38 560.95 549.27 539.61 535.30 525.40 507.83 510.94 527.47 534.84 525.02 509.17 519.65 520.23 523.17 516.44 503.88 508.31 509.19 496.97 496.77 487.87 491.47 486.25 483.99 483.08 471.72 459.50 462.43 476.60 520.23 568.12 501.84 467.70 463.22 465.76 465.16 485.43 563.93 560.53 515.72 447.41 440.79 462.51 528.00 547.90 541.05 537.05 482.87 446.88 429.52 416.31 409.30 410.15 442.92 488.75 508.78 515.65 514.89 514.76 514.18 514.48 511.33 507.07 495.77 479.84 473.15 506.66 495.30 461.56 506.55
578.20 572.53 567.48 564.22 554.93 539.31 522.30 512.04 519.54 541.58 543.76 527.59 516.94 530.43 528.03 523.55 512.59 510.16 509.99 502.01 500.72 497.50 491.48 490.59 516.88 555.01 493.08 469.47 462.65 466.27 487.92 577.65 542.93 483.13 475.29 467.58 480.30 525.30 509.85 553.34 556.85 518.15 453.40 445.58 487.58 529.42 539.52 533.65 528.63 520.41 495.94 442.63 415.68 452.72 431.09 417.10 424.31 451.69 499.31 509.97 504.22 508.66 511.92 509.23 505.91 492.28 489.60 496.15 505.02 491.72 491.68 501.73
580.78 573.12 571.24 561.33 557.25 549.75 523.81 520.95 532.63 542.67 538.82 527.71 520.07 523.75 527.22 521.74 513.23 510.23 505.21 504.98 511.01 507.90 522.81 521.37 563.94 591.71 500.04 469.96 467.90 473.90 506.52 577.33 527.85 506.34 490.53 504.31 495.74 552.50 560.24 543.29 518.74 483.80 453.91 465.83 469.84 503.17 533.02 524.58 502.13 496.03 455.44 419.72 440.98 494.84 439.17 469.45 442.51 429.48 456.79 481.29 497.73 509.03 512.69 510.53 506.36 499.44 500.15 505.02 504.98 502.02 502.81 502.08
602.05 568.47 562.44 554.22 545.32 539.42 531.44 521.66 532.78 540.32 537.40 529.86 523.19 520.31 522.77 519.94 516.53 512.44 509.77 510.71 528.43 574.85 593.01 597.28 599.60 543.27 488.76 473.53 472.54 482.83 557.64 585.62 569.55 541.28 526.83 569.00 543.59 554.60 552.21 516.21 469.62 462.95 486.23 484.33 503.44 521.93 528.15 517.14 500.85 479.03 451.01 436.13 455.49 503.11 454.63 491.06 461.93 460.92 479.16 473.70 495.57 507.83 512.35 512.49 508.64 501.98 503.53 508.38 508.95 507.71 507.12 506.36
597.68 566.99 559.05 548.51 542.80 543.31 536.47 529.72 529.72 533.94 537.01 537.24 537.66 526.76 523.80 525.80 525.02 520.49 520.30 541.01 535.59 582.52 597.65 555.75 546.48 504.72 481.88 476.98 501.70 507.39 569.47 582.18 576.37 564.00 564.27 566.07 559.22 552.60 545.63 502.94 478.46 511.18 523.03 495.28 524.25 530.09 528.34 521.17 513.32 478.32 496.51 480.06 442.35 493.50 488.11 476.45 471.24 463.36 505.65 502.03 494.56 502.81 511.53 513.76 510.97 506.88 508.26 510.26 508.77 506.23 503.29 503.46
577.24 567.63 556.70 547.82 552.02 550.87 540.49 535.95 534.80 537.83 548.72 594.79 592.11 536.17 528.65 539.06 575.84 532.74 540.44 595.54 560.64 588.04 592.65 575.73 528.26 493.20 484.58 479.77 503.51 559.48 582.45 580.28 576.77 573.21 568.84 561.75 551.64 532.28 516.99 485.84 517.51 541.66 532.58 498.64 522.12 527.55 526.53 516.10 501.22 491.18 508.68 486.47 440.89 488.61 501.34 486.29 495.49 460.56 484.65 502.48 503.99 506.13 511.55 514.28 513.55 512.34 511.64 508.49 500.64 497.32 486.30 490.39
565.57 561.95 552.24 552.23 554.75 546.35 539.72 541.21 541.77 545.33 561.48 568.12 551.97 539.83 539.44 569.39 609.88 548.30 555.30 599.12 588.74 590.65 579.06 557.91 528.66 497.26 488.00 484.10 490.10 547.42 576.92 576.17 575.27 570.19 563.73 557.16 549.41 534.33 508.20 493.64 530.21 536.41 523.34 502.96 515.38 525.04 526.35 520.30 512.16 508.61 503.94 459.00 455.70 494.67 503.00 498.49 502.10 474.70 464.82 497.39 501.79 507.62 511.88 515.32 517.05 516.74 512.72 506.15 497.50 485.87 470.70 466.15
562.64 557.64 554.27 556.56 554.01 548.94 546.25 547.47 553.52 558.79 589.58 564.34 552.90 548.52 556.52 606.86 616.91 577.24 588.11 597.00 594.35 589.58 586.03 564.81 551.51 504.75 491.12 495.34 497.75 521.77 541.62 563.77 571.26 567.82 559.77 552.70 546.58 540.57 520.97 509.77 533.03 530.49 516.23 515.58 520.84 526.38 521.80 516.34 509.46 500.87 481.14 459.71 474.53 497.98 505.27 502.51 495.82 469.32 474.17 482.27 498.09 504.36 508.72 513.92 518.39 516.78 509.21 500.47 492.92 485.96 493.67 496.46
564.63 560.17 559.02 565.30 564.05 557.98 563.14 556.71 591.97 622.85 600.33 574.29 584.06 563.04 583.21 615.14 613.33 601.23 600.04 595.84 592.77 589.36 583.79 558.74 537.18 504.06 494.30 522.96 511.80 531.88 552.38 563.68 567.99 563.82 556.36 550.27 544.83 534.65 519.80 516.68 532.73 529.03 521.81 521.05 523.10 524.15 512.28 501.16 497.19 477.93 461.58 476.76 489.86 495.94 508.36 503.81 491.08 470.01 494.71 488.97 494.35 500.35 505.03 510.99 516.25 514.60 505.32 498.10 494.92 497.36 500.69 500.48
569.73 565.12 565.27 589.12 587.71 565.25 598.32 608.28 631.49 633.28 593.47 612.34 602.60 597.47 589.26 614.80 607.61 600.23 595.92 591.47 582.64 582.97 563.14 532.53 503.82 506.92 524.01 538.52 524.88 527.00 554.69 561.78 563.28 560.59 554.15 547.52 541.12 533.93 519.49 526.03 532.98 531.01 525.60 525.93 526.89 523.02 512.27 498.94 488.40 487.81 484.97 473.24 502.73 505.73 510.91 505.49 498.45 477.67 480.40 494.90 498.43 502.24 504.73 507.94 513.16 515.00 508.52 504.53 503.90 503.74 500.85 491.80
575.69 574.38 577.88 605.93 588.67 583.22 609.20 649.00 641.23 613.07 616.29 629.62 609.95 615.59 604.18 611.15 604.01 591.50 587.49 585.48 575.75 549.73 537.64 513.17 513.58 546.96 554.25 561.93 555.12 539.37 543.24 558.19 560.59 558.52 553.83 546.79 539.43 526.48 522.05 528.45 535.13 534.47 530.89 530.94 531.51 527.26 516.95 502.68 502.59 495.92 472.41 471.77 494.85 508.18 514.00 508.90 502.20 494.27 479.04 489.42 499.57 504.69 507.26 509.64 512.74 516.63 516.51 509.96 504.56 500.66 494.93 478.88
587.26 589.94 628.15 627.79 601.16 629.70 645.91 646.25 637.61 624.66 627.44 628.65 622.03 618.16 614.30 610.49 604.63 592.44 573.05 561.55 551.86 542.08 556.84 550.83 526.26 551.82 567.64 568.26 564.41 555.75 543.30 555.19 558.57 554.87 548.22 541.86 533.15 531.40 531.93 526.89 535.31 537.62 534.56 534.79 534.36 527.26 514.66 512.25 506.53 495.24 467.37 483.07 496.60 506.35 514.58 512.01 505.70 499.65 490.09 485.60 497.22 503.27 508.48 513.93 516.84 518.94 517.46 508.60 501.15 495.02 489.51 475.38
605.95 623.01 653.71 640.35 624.42 643.01 649.42 644.74 638.98 634.43 633.34 628.89 622.44 618.02 612.81 607.14 601.85 593.78 589.64 567.36 568.54 580.07 580.64 572.38 533.55 540.97 561.35 569.70 565.94 558.00 550.37 555.78 558.86 554.66 548.46 541.83 536.68 538.54 535.50 533.91 537.30 539.38 537.76 538.22 535.09 525.67 518.57 508.77 500.88 484.40 473.22 490.08 491.23 498.95 514.26 514.49 508.64 502.64 494.96 489.31 497.36 504.49 510.68 516.01 520.92 522.77 517.10 510.31 503.27 497.70 491.39 480.88
633.94 631.16 658.95 647.38 642.18 647.73 649.95 646.82 642.97 639.06 635.17 629.69 621.26 615.71 609.84 602.39 592.25 584.38 576.33 570.64 586.18 582.92 567.06 543.23 540.85 561.55 561.97 566.60 565.64 560.49 555.68 557.56 559.91 555.77 551.16 544.64 543.86 543.16 539.29 538.90 540.81 542.16 541.75 541.49 536.62 525.05 510.63 500.66 491.14 480.77 482.35 496.65 500.85 504.14 517.58 513.83 508.42 503.60 500.38 494.36 496.82 502.94 507.76 513.71 520.88 524.40 516.48 507.92 501.46 494.73 487.20 488.79
649.26 647.09 657.65 657.22 652.79 655.78 652.54 647.59 643.95 640.29 635.49 629.64 622.01 615.05 608.13 602.32 598.35 596.23 590.37 587.55 585.53 580.30 567.29 539.53 551.20 561.89 564.19 566.28 565.44 562.68 560.05 559.74 560.47 557.67 554.20 547.70 548.45 546.62 543.31 543.16 543.81 545.67 542.79 539.05 530.37 514.42 503.11 495.76 485.95 491.92 487.81 491.71 506.28 519.12 520.59 515.94 512.66 507.86 504.04 497.61 499.78 504.85 507.70 512.03 517.83 521.66 517.43 508.52 500.76 493.15 491.86 493.18
