data/case_study_iwrn/geo/gridded/shebele.area.txt
ncols        763
nrows        553
xllcorner    38.675613235556
yllcorner    4.620037453540
cellsize     0.008993216100
NODATA_value -9999
[rows 240 to 287 of 553, columns 0 to 95 of 763]
-9999 -9999 -9999 -9999 -9999 -9999 -9999 -9999 -9999 -9999 -9999 -9999 -9999 -9999 -9999 -9999 -9999 -9999 -9999 -9999 -9999 -9999 -9999 -9999 -9999 -9999 -9999 -9999 -9999 -9999 -9999 -9999 -9999 -9999 -9999 -9999 -9999 -9999 -9999 -9999 -9999 -9999 -9999 -9999 -9999 -9999 -9999 -9999 -9999 -9999 -9999 -9999 -9999 -9999 -9999 -9999 -9999 -9999 -9999 -9999 -9999 -9999 -9999 -9999 1 1 61 58 56 2 2 1 5 5 1 7 1 1 2 1 2 4 5 6 7 8 9 10 11 38 81 83 85 86 87 1
-9999 -9999 -9999 -9999 -9999 -9999 -9999 -9999 -9999 -9999 -9999 -9999 -9999 -9999 -9999 -9999 -9999 -9999 -9999 -9999 -9999 -9999 -9999 -9999 -9999 -9999 -9999 -9999 -9999 -9999 -9999 -9999 -9999 -9999 -9999 -9999 -9999 -9999 -9999 -9999 -9999 -9999 -9999 -9999 -9999 -9999 -9999 -9999 -9999 -9999 -9999 -9999 -9999 -9999 -9999 -9999 -9999 -9999 -9999 -9999 -9999 -9999 -9999 -9999 1 64 1 1 2 38 29 26 24 5 1 5 1 1 1 4 6 7 8 9 10 11 12 24 26 1 1 2 3 4 5 93
-9999 -9999 -9999 -9999 -9999 -9999 -9999 -9999 -9999 -9999 -9999 -9999 -9999 -9999 -9999 -9999 -9999 -9999 -9999 -9999 -9999 -9999 -9999 -9999 -9999 -9999 -9999 -9999 -9999 -9999 -9999 -9999 -9999 -9999 -9999 -9999 -9999 -9999 -9999 -9999 -9999 -9999 -9999 -9999 -9999 -9999 -9999 -9999 -9999 -9999 -9999 -9999 -9999 -9999 -9999 -9999 -9999 -9999 -9999 -9999 -9999 -9999 -9999 1 69 1 1 1 1 1 6 2 1 7 3 2 1 1 3 4 5 6 7 8 9 10 11 1 1 2 15 17 19 20 1 1
-9999 -9999 -9999 -9999 -9999 -9999 -9999 -9999 -9999 -9999 -9999 -9999 -9999 -9999 -9999 -9999 -9999 -9999 -9999 -9999 -9999 -9999 -9999 -9999 -9999 -9999 -9999 -9999 -9999 -9999 -9999 -9999 -9999 -9999 -9999 -9999 -9999 -9999 -9999 -9999 -9999 -9999 -9999 -9999 -9999 -9999 -9999 -9999 -9999 -9999 -9999 -9999 -9999 -9999 -9999 -9999 -9999 -9999 -9999 -9999 -9999 -9999 1 1 71 3 1 1 1 1 2 1 1 6 3 2 1 1 1 2 3 4 5 6 7 8 9 10 11 12 1 1 16 1 22 5240
-9999 -9999 -9999 -9999 -9999 -9999 -9999 -9999 -9999 -9999 -9999 -9999 -9999 -9999 -9999 -9999 -9999 -9999 -9999 -9999 -9999 -9999 -9999 -9999 -9999 -9999 -9999 -9999 -9999 -9999 -9999 -9999 -9999 -9999 -9999 -9999 -9999 -9999 -9999 -9999 -9999 -9999 -9999 -9999 -9999 -9999 -9999 -9999 -9999 -9999 -9999 -9999 -9999 -9999 -9999 -9999 -9999 -9999 -9999 -9999 -9999 8 21 23 95 4 1 2 3 2 1 1 4 3 2 2 1 1 2 3 4 5 6 7 8 9 10 11 12 13 14 15 1 18 5213 3
-9999 -9999 -9999 -9999 -9999 -9999 -9999 -9999 -9999 -9999 -9999 -9999 -9999 -9999 -9999 -9999 -9999 -9999 -9999 -9999 -9999 -9999 -9999 -9999 -9999 -9999 -9999 -9999 -9999 -9999 -9999 -9999 -9999 -9999 -9999 -9999 -9999 -9999 -9999 -9999 -9999 -9999 -9999 -9999 -9999 -9999 -9999 -9999 -9999 -9999 -9999 -9999 -9999 -9999 -9999 -9999 1 2 3 4 5 12 1 1 2 104 2 10 4 1 12 11 2 1 2 1 1 1 2 3 1 2 3 4 5 6 7 8 9 10 24 25 1 5192 2 1
-9999 -9999 -9999 -9999 -9999 -9999 -9999 -9999 -9999 -9999 -9999 -9999 -9999 -9999 -9999 -9999 -9999 -9999 -9999 -9999 -9999 -9999 -9999 -9999 -9999 -9999 -9999 -9999 -9999 -9999 -9999 -9999 -9999 -9999 -9999 -9999 -9999 -9999 -9999 -9999 -9999 -9999 -9999 -9999 -9999 -9999 -9999 -9999 -9999 -9999 -9999 -9999 -9999 -9999 1 1 2 3 4 5 6 1 2 1 2 1 118 1 15 14 1 1 3 2 1 1 1 2 3 4 4 5 6 7 8 9 10 11 12 13 1 1 27 5163 1 1
-9999 -9999 -9999 -9999 -9999 -9999 -9999 -9999 -9999 -9999 -9999 -9999 -9999 -9999 -9999 -9999 -9999 -9999 -9999 -9999 -9999 -9999 -9999 -9999 -9999 -9999 -9999 -9999 -9999 -9999 -9999 -9999 -9999 -9999 -9999 -9999 -9999 -9999 -9999 -9999 -9999 -9999 -9999 -9999 -9999 -9999 -9999 -9999 -9999 -9999 -9999 -9999 -9999 1 1 2 1 2 3 4 5 1 2 3 1 1 2 135 3 2 1 1 3 2 1 1 1 1 2 3 8 9 10 11 1 1 2 3 4 38 39 2 5159 2 1 1
-9999 -9999 -9999 -9999 -9999 -9999 -9999 -9999 -9999 -9999 -9999 -9999 -9999 -9999 -9999 -9999 -9999 -9999 -9999 -9999 -9999 -9999 -9999 -9999 -9999 -9999 -9999 -9999 -9999 -9999 -9999 -9999 -9999 -9999 -9999 -9999 -9999 -9999 -9999 -9999 -9999 -9999 -9999 -9999 -9999 -9999 -9999 -9999 -9999 -9999 -9999 1 1 1 1 1 3 1 1 1 2 8 1 7 1 1 1 144 2 1 2 4 2 1 2 1 1 2 3 4 5 6 7 8 20 27 29 31 33 2 4 5137 19 16 1 1
-9999 -9999 -9999 -9999 -9999 -9999 -9999 -9999 -9999 -9999 -9999 -9999 -9999 -9999 -9999 -9999 -9999 -9999 -9999 -9999 -9999 -9999 -9999 -9999 -9999 -9999 -9999 -9999 -9999 -9999 -9999 -9999 -9999 -9999 -9999 -9999 -9999 -9999 -9999 -9999 -9999 -9999 -9999 -9999 -9999 -9999 -9999 -9999 -9999 -9999 2 1 2 2 1 2 2 4 2 2 1 1 9 10 1 2 1 145 1 3 5 5 2 1 3 2 1 2 3 1 1 2 3 4 5 1 1 1 1 1 1 5093 1 1 14 1
-9999 -9999 -9999 -9999 -9999 -9999 -9999 -9999 -9999 -9999 -9999 -9999 -9999 -9999 -9999 -9999 -9999 -9999 -9999 -9999 -9999 -9999 -9999 -9999 -9999 -9999 -9999 -9999 -9999 -9999 -9999 -9999 -9999 -9999 -9999 -9999 -9999 -9999 -9999 -9999 -9999 -9999 -9999 -9999 -9999 -9999 -9999 -9999 -9999 -9999 3 2 3 3 2 1 3 3 7 1 3 3 1 20 4 1 1 147 5 12 6 1 1 1 4 3 1 2 1 4 2 3 4 5 6 7 8 9 10 1 2 5089 2 1 2 10
-9999 -9999 -9999 -9999 -9999 -9999 -9999 -9999 -9999 -9999 -9999 -9999 -9999 -9999 -9999 -9999 -9999 -9999 -9999 -9999 -9999 -9999 -9999 -9999 -9999 -9999 -9999 -9999 -9999 -9999 -9999 -9999 -9999 -9999 -9999 -9999 -9999 -9999 -9999 -9999 -9999 -9999 -9999 -9999 -9999 -9999 -9999 -9999 -9999 1 4 3 4 4 1 3 2 4 4 8 2 4 4 26 2 1 1 149 19 1 2 1 2 2 5 1 4 2 3 2 5 6 7 1 1 2 3 5 7 19 20 5085 1 1 1 1
-9999 -9999 -9999 -9999 -9999 -9999 -9999 -9999 -9999 -9999 -9999 -9999 -9999 -9999 -9999 -9999 -9999 -9999 -9999 -9999 -9999 -9999 -9999 -9999 -9999 -9999 -9999 -9999 -9999 -9999 -9999 -9999 -9999 -9999 -9999 -9999 -9999 -9999 -9999 -9999 -9999 -9999 -9999 -9999 -9999 -9999 1 1 2 1 1 8 5 5 1 2 4 7 1 5 9 3 5 33 1 1 2 170 1 3 2 1 1 10 1 1 2 5 3 4 3 1 2 10 12 13 1 1 1 1 3 1 5060 1 1 1
-9999 -9999 -9999 -9999 -9999 -9999 -9999 -9999 -9999 -9999 -9999 -9999 -9999 -9999 -9999 -9999 -9999 -9999 -9999 -9999 -9999 -9999 -9999 -9999 -9999 -9999 -9999 -9999 -9999 -9999 -9999 -9999 -9999 -9999 -9999 -9999 -9999 -9999 -9999 -9999 -9999 -9999 -9999 -9999 -9999 2 2 3 1 2 1 10 1 6 6 2 3 8 9 6 1 10 4 39 3 1 3 172 1 4 4 1 2 12 1 1 3 3 6 4 8 1 1 2 1 1 15 1 1 1 1 1 5057 18 14 1
-9999 -9999 -9999 -9999 -9999 -9999 -9999 -9999 -9999 -9999 -9999 -9999 -9999 -9999 -9999 -9999 -9999 -9999 -9999 -9999 -9999 -9999 -9999 -9999 -9999 -9999 -9999 -9999 -9999 -9999 -9999 -9999 -9999 -9999 -9999 -9999 -9999 -9999 -9999 -9999 -9999 -9999 -9999 1 1 5 4 1 1 4 2 1 12 1 7 7 3 1 10 16 1 12 1 5 43 2 4 174 1 5 5 2 15 2 1 1 1 4 4 7 13 1 2 3 3 2 3 16 2 4 5 5035 1 1 2 13
-9999 -9999 -9999 -9999 -9999 -9999 -9999 -9999 -9999 -9999 -9999 -9999 -9999 -9999 -9999 -9999 -9999 -9999 -9999 -9999 -9999 -9999 -9999 -9999 -9999 -9999 -9999 -9999 -9999 -9999 -9999 -9999 -9999 -9999 -9999 -9999 -9999 -9999 -9999 -9999 -9999 -9999 -9999 1 1 11 2 1 2 5 3 1 14 1 2 8 8 4 5 16 17 19 13 7 44 3 5 175 2 6 8 1 18 2 1 2 1 2 5 5 8 14 2 1 4 4 5 9 26 27 1 5028 3 1 1 3
-9999 -9999 -9999 -9999 -9999 -9999 -9999 -9999 -9999 -9999 -9999 -9999 -9999 -9999 -9999 -9999 -9999 -9999 -9999 -9999 -9999 -9999 -9999 -9999 -9999 -9999 -9999 -9999 -9999 -9999 -9999 -9999 -9999 -9999 -9999 -9999 -9999 -9999 -9999 -9999 -9999 -9999 1 1 3 14 1 2 3 6 1 4 2 16 1 3 17 1 1 2 19 20 40 21 45 4 6 178 7 9 1 1 20 3 2 3 1 2 3 9 15 24 39 42 6 1 1 2 3 1 28 5023 1 1 1 1
-9999 -9999 -9999 -9999 -9999 -9999 -9999 -9999 -9999 -9999 -9999 -9999 -9999 -9999 -9999 -9999 -9999 -9999 -9999 -9999 -9999 -9999 -9999 -9999 -9999 -9999 -9999 -9999 -9999 -9999 -9999 -9999 -9999 -9999 -9999 -9999 -9999 -9999 -9999 -9999 2 1 1 1 5 16 1 3 4 7 2 1 5 19 2 1 4 18 2 1 1 1 1 41 22 50 1 185 8 11 1 1 22 4 1 6 2 1 3 1 1 1 2 3 48 56 1 1 1 4 4841 152 1 3 1 1
-9999 -9999 -9999 -9999 -9999 -9999 -9999 -9999 -9999 -9999 -9999 -9999 -9999 -9999 -9999 -9999 -9999 -9999 -9999 -9999 -9999 -9999 -9999 -9999 -9999 -9999 -9999 -9999 -9999 -9999 -9999 -9999 -9999 -9999 -9999 -9999 -9999 -9999 -9999 3 1 2 1 1 7 17 2 4 5 8 3 1 2 6 22 2 1 23 1 3 2 4 2 2 42 73 1 187 20 1 2 2 23 5 1 8 3 1 2 6 1 1 1 2 1 2 60 62 64 4834 1 3 147 12 11 9
-9999 -9999 -9999 -9999 -9999 -9999 -9999 -9999 -9999 -9999 -9999 -9999 -9999 -9999 -9999 -9999 -9999 -9999 -9999 -9999 -9999 -9999 -9999 -9999 -9999 -9999 -9999 -9999 -9999 -9999 -9999 -9999 -9999 -9999 -9999 -9999 -9999 -9999 4 5 3 2 1 1 9 18 3 5 1 14 4 1 4 1 29 3 2 1 24 5 1 1 6 5 1 43 118 188 22 3 1 3 24 6 2 1 13 1 1 4 8 2 1 1 2 1 1 1 4765 2 1 2 125 6 2 1
-9999 -9999 -9999 -9999 -9999 -9999 -9999 -9999 -9999 -9999 -9999 -9999 -9999 -9999 -9999 -9999 -9999 -9999 -9999 -9999 -9999 -9999 -9999 -9999 -9999 -9999 -9999 -9999 -9999 -9999 -9999 -9999 -9999 -9999 -9999 -9999 1 1 6 1 3 1 1 3 10 19 4 6 1 16 5 1 2 5 2 33 3 1 26 1 7 1 1 12 2 1 1 308 23 4 2 28 1 7 3 1 16 1 1 1 14 4 1 1 1 4 5 2 4763 1 1 1 123 1 3 2
-9999 -9999 -9999 -9999 -9999 -9999 -9999 -9999 -9999 -9999 -9999 -9999 -9999 -9999 -9999 -9999 -9999 -9999 -9999 -9999 -9999 -9999 -9999 -9999 -9999 -9999 -9999 -9999 -9999 -9999 -9999 -9999 -9999 -9999 -9999 1 2 1 8 4 1 1 2 5 11 20 5 1 8 17 6 1 2 8 1 3 34 4 2 27 2 9 1 2 15 2 1 1 332 5 3 30 1 8 4 2 18 1 1 2 1 20 1 1 3 4 1 6 4753 7 1 1 120 2 1 1
-9999 -9999 -9999 -9999 -9999 -9999 -9999 -9999 -9999 -9999 -9999 -9999 -9999 -9999 -9999 -9999 -9999 -9999 -9999 -9999 -9999 -9999 -9999 -9999 -9999 -9999 -9999 -9999 -9999 1 -9999 1 2 1 1 3 2 1 13 1 1 2 4 6 12 21 7 1 9 18 7 1 2 11 2 1 4 35 5 30 1 12 2 1 3 18 2 1 334 1 9 31 2 9 5 3 19 1 3 3 1 22 2 1 1 1 5 4743 1 1 5 1 1 116 108 102
-9999 -9999 -9999 -9999 -9999 -9999 -9999 -9999 -9999 -9999 -9999 -9999 -9999 -9999 -9999 -9999 -9999 -9999 -9999 -9999 -9999 -9999 -9999 -9999 -9999 -9999 -9999 -9999 3 1 1 3 7 6 4 3 2 1 1 15 17 4 5 7 13 22 9 1 10 19 1 8 2 14 1 4 1 5 36 6 32 13 3 2 1 5 21 1 336 1 11 32 3 10 6 4 20 2 4 1 4 7 25 1 2 2 4579 157 1 1 1 3 6 1 2 2
-9999 -9999 -9999 -9999 -9999 -9999 -9999 -9999 -9999 -9999 -9999 -9999 -9999 -9999 -9999 -9999 -9999 -9999 -9999 -9999 -9999 -9999 -9999 -9999 -9999 -9999 -9999 4 1 14 12 8 1 1 1 4 4 1 1 1 1 23 6 8 14 23 10 2 1 30 2 1 9 17 1 2 5 2 6 37 39 14 4 3 1 1 27 1 2 338 1 44 4 11 7 5 21 3 6 1 1 1 9 27 1 4 4571 5 150 1 2 1 2 5 1 1
-9999 -9999 -9999 -9999 -9999 -9999 -9999 -9999 -9999 -9999 -9999 -9999 -9999 -9999 -9999 -9999 -9999 -9999 -9999 -9999 -9999 -9999 -9999 -9999 -9999 1 1 2 17 2 1 2 2 1 2 5 6 1 2 1 2 1 30 9 15 24 11 3 2 31 3 1 2 27 2 1 3 6 3 7 38 54 5 4 2 1 29 2 1 341 2 45 5 12 8 27 5 1 1 8 1 1 1 11 39 4568 1 1 4 147 1 1 1 1 4 1
-9999 -9999 -9999 -9999 -9999 -9999 -9999 -9999 -9999 -9999 -9999 -9999 -9999 -9999 -9999 -9999 -9999 -9999 -9999 -9999 -9999 -9999 -9999 -9999 1 2 3 18 1 1 3 3 2 1 3 1 6 7 9 13 16 2 1 40 16 25 12 4 3 1 35 2 1 3 28 4 1 4 7 4 46 1 55 65 3 2 30 3 1 344 3 46 6 13 9 33 1 1 1 10 1 2 2 1 1 4528 1 1 1 2 143 129 1 2 1 2
-9999 -9999 -9999 -9999 -9999 -9999 -9999 -9999 -9999 -9999 -9999 -9999 -9999 -9999 -9999 -9999 -9999 -9999 -9999 -9999 -9999 -9999 -9999 2 3 23 19 2 6 4 4 3 2 1 4 1 3 10 11 1 1 17 3 42 17 1 26 17 4 1 37 1 3 2 4 29 6 1 5 8 51 2 1 1 67 6 34 1 1 1 348 1 53 14 10 34 2 3 1 1 12 6 1 1 2 4525 4 2 1 1 11 1 126 1 1 2
-9999 -9999 -9999 -9999 -9999 -9999 -9999 -9999 -9999 -9999 -9999 -9999 -9999 -9999 -9999 -9999 -9999 -9999 -9999 -9999 -9999 -9999 1 6 24 1 1 10 1 1 5 6 2 5 1 1 1 1 1 12 2 2 18 46 18 2 1 44 5 1 39 1 5 1 3 5 30 8 1 6 15 54 2 1 1 69 42 1 1 3 354 2 68 1 1 45 6 2 1 1 1 20 2 1 4504 4 10 3 2 1 10 1 1 121 119 1
-9999 -9999 -9999 -9999 -9999 -9999 -9999 -9999 -9999 -9999 -9999 -9999 -9999 -9999 -9999 -9999 -9999 -9999 -9999 -9999 -9999 -9999 1 31 2 1 12 1 1 7 1 9 6 2 1 2 1 2 2 2 15 3 1 19 47 19 3 2 50 1 41 1 2 6 2 4 6 31 10 1 1 16 57 2 1 1 113 1 1 1 1 357 429 2 1 47 9 2 1 1 2 1 4370 4501 1 1 1 6 3 1 2 6 1 1 4 110
-9999 -9999 -9999 -9999 -9999 -9999 -9999 -9999 -9999 -9999 -9999 -9999 -9999 -9999 -9999 -9999 -9999 -9999 -9999 -9999 1 1 33 1 4 1 15 1 9 1 11 1 7 4 1 1 3 4 1 3 18 4 1 2 67 1 20 6 1 52 42 1 2 3 7 3 5 7 32 12 1 2 19 79 2 1 116 3 1 1 1 1 1 431 435 57 1 3 2 2 3 4346 60 1 69 1 1 2 1 1 1 2 2 1 2 2
-9999 -9999 -9999 -9999 -9999 -9999 -9999 -9999 -9999 -9999 -9999 -9999 -9999 -9999 -9999 -9999 -9999 -9999 -9999 -9999 1 1 36 1 6 16 1 1 11 1 12 1 9 5 2 2 1 4 5 2 22 1 6 1 71 1 2 23 7 2 95 1 2 3 4 8 4 6 8 53 2 1 1 1 83 1 1 122 3 1 1 1 1 1 3 497 2 4 3 3 4340 2 1 58 4 67 8 3 2 1 1 1 1 1 1 1
-9999 -9999 -9999 -9999 -9999 -9999 -9999 -9999 -9999 -9999 -9999 -9999 -9999 -9999 -9999 -9999 -9999 -9999 -9999 1 2 1 37 8 1 18 2 12 2 1 13 1 11 6 1 6 2 1 5 11 3 24 1 7 1 73 1 1 24 32 98 1 2 5 9 5 9 5 7 1 57 2 2 1 1 86 1 1 128 2 1 3 5 1 1 1 499 508 513 514 4336 1 1 50 3 3 57 4 3 2 1 1 2 1 1 1
-9999 -9999 -9999 -9999 -9999 -9999 -9999 -9999 -9999 -9999 -9999 -9999 -9999 -9999 -9999 -9999 -9999 -9999 1 1 4 1 48 2 1 21 1 15 1 2 1 14 2 18 1 1 9 1 2 1 12 28 1 2 8 2 75 2 1 1 33 100 1 1 1 11 6 10 6 8 1 60 3 2 1 1 87 1 1 134 1 1 1 6 1 1 1 1 1 3733 87 86 1 1 48 2 2 56 3 2 2 1 32 23 20 18
-9999 -9999 -9999 -9999 -9999 -9999 -9999 -9999 -9999 -9999 -9999 -9999 -9999 -9999 -9999 -9999 1 1 1 1 7 1 49 1 23 2 1 18 1 1 3 5 15 3 20 1 2 11 1 4 6 19 30 1 3 9 3 78 1 2 2 134 1 2 2 1 12 17 1 15 1 62 4 3 1 2 91 1 1 135 1 1 2 2 7 2650 2651 1 3725 3732 1 2 82 1 43 4 1 1 52 42 39 37 1 5 1 1
-9999 -9999 -9999 -9999 -9999 -9999 -9999 -9999 -9999 -9999 -9999 -9999 -9999 -9999 1 2 1 1 3 1 10 2 50 1 28 1 20 1 1 1 2 1 7 16 4 21 2 14 1 1 2 3 20 32 1 4 10 14 80 1 3 3 135 2 3 3 2 32 2 1 16 64 5 4 1 2 1 92 3 1 137 1 4 2635 2637 3 1 3710 13 2 3 1 2 78 7 42 3 2 1 9 3 2 3 1 4 1
-9999 -9999 -9999 -9999 -9999 -9999 -9999 -9999 -9999 -9999 -9999 -9999 -9999 -9999 1 4 1 1 5 1 1 63 1 2 30 1 22 1 2 2 1 3 1 8 17 5 24 1 16 1 1 2 6 21 34 1 5 1 96 1 2 4 4 140 143 147 153 155 191 1 214 421 429 436 439 442 1 2 2477 2482 2621 2624 2627 1 1 1 1 1057 6 12 1 2 1 65 5 6 41 40 36 1 5 1 1 1 1 1
-9999 -9999 -9999 -9999 -9999 -9999 -9999 -9999 -9999 -9999 -9999 -9999 -9999 1 1 1 7 1 1 7 1 66 1 33 24 23 1 4 3 1 1 3 7 2 9 18 6 26 1 18 1 1 2 9 31 66 74 1 1 99 1 3 5 1 1 2 1 1 1 194 1 142 2 2 1 1 445 2377 2 3 1 1 1 1 1 2 1044 6 2 5 11 1 1 1 63 4 5 1 3 34 32 3 2 1 1 19
-9999 -9999 -9999 -9999 -9999 -9999 -9999 -9999 -9999 -9999 -9999 -9999 1 1 1 3 12 3 1 1 8 105 35 1 25 1 1 9 3 1 1 1 2 12 1 10 19 7 28 19 2 1 1 1 1 1 1 77 1 1 102 106 6 1 2 1 1 1 1 1 139 2 1 1 1 1 1929 2 1 1 1 1 1 1 1 1038 3 1 2 1 4 9 6 3 4 58 3 3 2 2 1 31 28 27 23 2
-9999 -9999 -9999 -9999 -9999 -9999 -9999 -9999 -9999 -9999 -9999 -9999 1 2 1 1 1 13 19 1 114 1 1 1 27 1 1 14 1 1 2 1 1 14 1 13 1 20 8 29 22 2 1 3 5 2 1 2 79 1 1 2 109 116 118 122 126 128 130 135 1 1 1 1 1 1924 2 1 1 1 2 3 5 7 9 1027 1 2 1 1 1 2 2 2 2 3 57 2 1 1 1 1 1 1 1 1
-9999 -9999 -9999 -9999 -9999 -9999 -9999 -9999 -9999 -9999 -9999 1 1 1 7 8 11 1 1 21 117 1 1 1 31 1 2 15 3 1 3 1 2 15 1 1 15 37 1 9 39 25 1 1 1 6 3 1 83 2 1 1 1 1 1 1 1 1 2 1 1 1 1 1 1916 4 1 1 4 15 18 19 1 1 638 89 298 296 193 191 2 1 1 1 1 1 2 56 2 1 1 1 1 2 1 1
-9999 -9999 -9999 -9999 -9999 -9999 -9999 -9999 -9999 -9999 -9999 1 4 1 1 1 3 18 20 22 119 1 2 2 33 1 1 4 23 2 4 2 1 18 2 1 1 1 40 1 1 40 26 2 4 6 7 4 1 85 4 1 117 120 121 122 123 1 1 1 1 1862 1870 1911 2 2 1 3 10 2 1 2 31 225 411 1 87 1 102 1 188 186 184 152 149 2 1 1 53 52 51 49 43 7 6 4
-9999 -9999 -9999 -9999 -9999 -9999 -9999 -9999 -9999 -9999 1 1 1 5 1 1 1 1 2 165 2 1 1 40 1 1 1 1 1 25 28 36 1 3 24 1 71 1 1 43 45 1 41 69 70 1 7 15 20 21 108 113 1 1 1 1 1 1726 1729 1855 1858 1 6 40 1 1 2 9 1 2 8 9 191 1 410 1 3 83 1 101 98 1 1 31 2 146 9 8 7 4 1 1 2 33 28 27
-9999 -9999 -9999 -9999 -9999 -9999 -9999 -9999 -9999 1 1 3 2 1 7 9 1 1 1 1 169 1 1 41 2 1 1 3 1 1 1 1 38 39 41 67 1 73 75 1 1 47 1 1 1 72 2 1 1 1 1 2 1 1 2 1591 1593 7 1 124 1 1 5 3 36 1 6 2 1 5 36 187 3 1 408 1 2 78 3 1 2 97 12 8 30 1 136 1 1 1 2 1 1 1 4 3
-9999 -9999 -9999 -9999 -9999 -9999 -9999 -9999 1 1 2 1 6 1 1 1 10 13 1 1 2 173 1 1 45 1 2 4 2 1 2 1 1 1 1 1 1 2 6 82 2 1100 1149 1 1155 1157 1231 1235 2 1 1 1 1443 1447 1584 2 1 6 1 122 1 1 3 2 35 3 2 1 4 35 94 56 2 1 403 1 1 2 75 1 1 4 80 3 7 29 1 133 128 127 125 118 63 62 61 59
-9999 -9999 -9999 -9999 -9999 -9999 -9999 -9999 1 2 1 4 12 1 4 1 1 1 15 17 1 196 2 1 1 47 3 1 8 1 1 5 2 1 1 1 2 3 2 1 1096 1 1 1152 1 1 132 165 1402 1406 1437 1439 2 1 126 8 1 5 1 98 22 1 2 1 34 2 1 3 34 91 2 55 1 1 1 400 189 1 2 72 55 1 2 79 2 6 28 3 1 1 2 4 53 47 1 1
-9999 -9999 -9999 -9999 -9999 -9999 -9999 1 1 2 5 6 1 13 19 21 22 1 1 1 19 1 203 1 2 1 51 1 10 2 1 1 6 3 3 1 2 1 1 1011 1 1 1 1 129 131 1 31 1 1 28 1 1 1 125 6 1 4 1 95 1 19 1 2 31 1 2 33 2 88 1 54 1 1 204 6 1 188 1 2 14 54 1 1 77 1 5 27 2 1 1 3 3 2 45 1
-9999 -9999 -9999 -9999 -9999 -9999 -9999 1 3 1 1 1 11 12 1 1 1 46 1 1 1 2 1 207 1 2 1 52 14 1 1 2 10 1 8 1 1001 1003 1005 1 1 103 108 125 2 1 3 27 1 23 2 2 1 1 123 1 4 3 1 92 1 18 1 27 3 1 4 28 1 87 1 52 1 12 190 1 3 186 1 1 11 2 53 21 1 76 1 3 26 1 1 1 2 1 3 40
