data/case_study_iwrn/geo/gridded/shebele.soil_ksat_infilt.txt
ncols        763
nrows        553
xllcorner    38.675613235556
yllcorner    4.620037453540
cellsize     0.008993216100
NODATA_value  -9999.00
[rows 76 to 113 of 553, columns 84 to 167 of 763]
0.20 0.21 0.26 0.34 0.34 0.31 0.31 0.31 0.32 0.36 0.42 0.48 0.53 0.55 0.54 0.49 0.44 0.43 0.45 0.49 0.60 0.59 0.54 0.51 0.53 0.56 0.55 0.53 0.46 0.57 0.71 0.66 0.64 0.78 0.83 0.72 0.62 0.65 0.60 0.57 0.59 0.69 0.77 0.87 1.13 1.28 1.06 0.95 2.51 2.51 0.61 0.58 2.51 0.59 0.71 0.68 0.65 0.62 0.59 0.55 0.53 0.55 0.49 0.46 0.42 0.34 0.28 0.28 0.28 0.29 0.31 0.33 0.35 0.35 0.34 0.34 0.33 0.32 0.32 0.28 0.26 0.25 0.24 0.28
0.20 0.21 0.27 0.33 0.33 0.32 0.32 0.35 0.35 0.42 0.48 0.52 0.54 0.57 0.53 0.45 0.41 0.43 0.47 0.56 0.65 0.62 0.56 0.52 0.48 0.46 0.45 0.42 0.41 0.46 0.50 0.49 0.59 0.67 0.67 0.61 0.58 0.62 0.59 0.55 0.58 0.72 0.83 0.86 0.98 1.06 0.83 2.51 2.51 2.51 2.51 2.51 2.51 2.51 0.67 0.68 0.61 0.61 0.59 0.55 0.53 0.53 0.52 0.48 0.42 0.36 0.29 0.28 0.28 0.29 0.32 0.34 0.34 0.33 0.33 0.34 0.35 0.32 0.30 0.29 0.28 0.29 0.25 0.27
0.21 0.21 0.27 0.32 0.32 0.32 0.35 0.39 0.43 0.49 0.49 0.53 0.54 0.55 0.51 0.44 0.42 0.46 0.50 0.62 0.66 0.61 0.48 0.40 0.40 0.41 0.46 0.45 0.41 0.42 0.41 0.41 0.49 0.57 0.60 0.58 0.54 0.57 0.59 0.61 0.67 0.79 0.83 0.84 0.97 1.08 2.51 0.61 2.51 2.51 2.51 2.51 2.51 0.59 0.61 0.66 0.61 0.61 0.55 0.49 0.47 0.47 0.47 0.46 0.39 0.33 0.29 0.28 0.28 0.29 0.33 0.35 0.34 0.32 0.32 0.34 0.32 0.29 0.27 0.27 0.27 0.28 0.25 0.28
0.21 0.22 0.28 0.34 0.35 0.34 0.37 0.42 0.49 0.51 0.52 0.55 0.56 0.55 0.51 0.43 0.42 0.47 0.51 0.61 0.58 0.56 0.49 0.40 0.40 0.43 0.47 0.46 0.44 0.43 0.41 0.45 0.53 0.58 0.56 0.58 0.59 0.60 0.62 0.62 0.67 0.77 0.73 0.74 0.91 1.15 2.51 0.60 2.51 2.51 2.51 2.51 0.53 0.50 2.51 0.57 0.58 0.56 0.51 0.46 0.44 0.45 0.43 0.39 0.34 0.30 0.28 0.29 0.28 0.28 0.30 0.32 0.31 0.30 0.31 0.32 0.29 0.28 0.27 0.27 0.26 0.26 0.26 0.28
0.22 0.23 0.31 0.36 0.38 0.38 0.40 0.46 0.50 0.51 0.51 0.52 0.53 0.52 0.50 0.45 0.43 0.42 0.53 0.60 0.50 0.51 0.49 0.44 0.41 0.42 0.43 0.42 0.40 0.40 0.41 0.44 0.47 0.53 0.57 0.60 0.59 0.58 0.62 0.62 0.67 0.74 0.69 0.71 0.82 2.51 2.51 0.61 2.51 2.51 2.51 2.51 0.57 0.53 2.51 0.52 0.47 0.44 0.41 0.38 0.37 0.40 0.41 0.35 0.33 0.28 0.27 0.29 0.29 0.29 0.29 0.29 0.29 0.30 0.28 0.26 0.26 0.25 0.25 0.27 0.27 0.28 0.29 0.32
0.21 0.25 0.32 0.40 0.42 0.44 0.46 0.46 0.49 0.50 0.48 0.48 0.55 0.51 0.45 0.42 0.40 0.42 0.54 0.57 0.50 0.49 0.47 0.44 0.42 0.39 0.38 0.40 0.40 0.41 0.41 0.41 0.42 0.47 0.59 0.60 0.56 0.56 0.58 0.62 0.66 0.64 0.68 0.77 0.84 2.51 2.51 2.51 2.51 2.51 2.51 0.54 0.62 0.56 0.62 0.51 0.41 0.39 0.40 0.38 0.36 0.36 0.34 0.33 0.31 0.28 0.27 0.28 0.29 0.29 0.28 0.28 0.27 0.27 0.27 0.26 0.25 0.24 0.25 0.30 0.30 0.29 0.31 0.34
0.23 0.30 0.39 0.46 0.47 0.47 0.44 0.40 0.43 0.46 0.44 0.46 0.52 0.50 0.42 0.39 0.44 0.47 0.53 0.49 0.52 0.47 0.44 0.41 0.38 0.37 0.38 0.38 0.38 0.37 0.37 0.40 0.44 0.45 0.54 0.54 0.51 0.51 0.57 0.64 0.65 0.64 0.69 0.79 0.78 2.51 2.51 2.51 2.51 2.51 0.49 0.56 0.57 0.53 0.55 0.47 0.41 0.41 0.40 0.39 0.38 0.35 0.30 0.32 0.28 0.27 0.27 0.28 0.28 0.27 0.28 0.28 0.29 0.29 0.29 0.28 0.26 0.27 0.27 0.30 0.31 0.31 0.31 0.32
0.24 0.31 0.40 0.46 0.49 0.48 0.44 0.40 0.39 0.42 0.40 0.42 0.48 0.48 0.44 0.41 0.46 0.54 0.52 0.47 0.47 0.45 0.40 0.40 0.37 0.39 0.40 0.39 0.37 0.37 0.37 0.41 0.41 0.37 0.40 0.44 0.45 0.46 0.56 0.66 0.65 0.66 0.76 0.77 0.73 2.51 2.51 2.51 2.51 2.51 0.50 0.54 0.52 0.49 0.44 0.39 0.38 0.39 0.36 0.36 0.37 0.35 0.32 0.32 0.30 0.29 0.28 0.28 0.28 0.28 0.30 0.30 0.31 0.32 0.31 0.30 0.29 0.30 0.28 0.29 0.30 0.30 0.31 0.29
0.23 0.28 0.36 0.44 0.51 0.54 0.53 0.47 0.45 0.46 0.41 0.40 0.39 0.38 0.39 0.42 0.47 0.56 0.59 0.51 0.49 0.45 0.41 0.39 0.36 0.37 0.39 0.37 0.36 0.36 0.37 0.37 0.37 0.37 0.36 0.37 0.37 0.43 0.57 0.64 0.68 0.69 0.73 0.72 0.68 2.51 2.51 2.51 2.51 0.48 0.50 0.53 0.49 0.46 0.42 0.39 0.38 0.35 0.32 0.34 0.35 0.34 0.30 0.31 0.30 0.27 0.27 0.29 0.31 0.31 0.30 0.31 0.31 0.30 0.29 0.28 0.29 0.28 0.28 0.29 0.30 0.31 0.31 0.28
0.24 0.28 0.36 0.45 0.53 0.57 0.55 0.52 0.57 0.51 0.49 0.40 0.34 0.33 0.38 0.44 0.47 0.46 0.48 0.48 0.47 0.42 0.42 0.38 0.37 0.39 0.39 0.38 0.35 0.34 0.34 0.33 0.33 0.34 0.35 0.35 0.34 0.39 0.53 0.64 0.70 0.68 0.69 0.65 0.61 0.56 0.58 0.55 0.52 0.48 0.47 0.48 0.48 0.45 0.39 0.37 0.36 0.34 0.33 0.36 0.36 0.34 0.32 0.33 0.30 0.26 0.29 0.30 0.31 0.31 0.30 0.31 0.31 0.28 0.28 0.30 0.30 0.28 0.29 0.28 0.30 0.31 0.30 0.29
0.25 0.32 0.39 0.47 0.53 0.57 0.48 0.49 0.57 0.51 0.49 0.40 0.32 0.34 0.39 0.40 0.44 0.43 0.41 0.48 0.47 0.41 0.41 0.39 0.38 0.37 0.37 0.38 0.37 0.36 0.34 0.32 0.30 0.33 0.39 0.35 0.33 0.41 0.51 0.62 0.70 0.69 0.68 0.59 0.50 0.50 0.49 0.48 0.47 0.43 0.44 0.43 0.39 0.38 0.37 0.36 0.35 0.35 0.36 0.35 0.35 0.33 0.33 0.31 0.28 0.27 0.29 0.30 0.29 0.28 0.28 0.31 0.32 0.29 0.29 0.30 0.32 0.30 0.29 0.28 0.30 0.29 0.27 0.26
0.32 0.41 0.45 0.50 0.53 0.57 0.49 0.47 0.53 0.49 0.42 0.39 0.37 0.39 0.40 0.40 0.39 0.37 0.38 0.46 0.43 0.40 0.38 0.37 0.41 0.40 0.42 0.42 0.39 0.38 0.35 0.34 0.32 0.33 0.35 0.35 0.34 0.39 0.47 0.58 0.69 0.71 0.67 0.66 0.56 0.46 0.46 0.45 0.46 0.44 0.42 0.40 0.40 0.41 0.38 0.36 0.36 0.38 0.37 0.32 0.30 0.29 0.30 0.28 0.29 0.30 0.30 0.31 0.31 0.30 0.30 0.32 0.32 0.30 0.33 0.31 0.30 0.29 0.28 0.27 0.27 0.28 0.26 0.25
0.39 0.42 0.50 0.56 0.54 0.53 0.48 0.45 0.47 0.44 0.36 0.38 0.37 0.37 0.39 0.41 0.37 0.37 0.35 0.41 0.39 0.39 0.38 0.35 0.37 0.37 0.40 0.35 0.34 0.35 0.34 0.35 0.34 0.34 0.34 0.37 0.36 0.39 0.44 0.50 0.55 0.63 0.65 0.68 0.61 0.51 0.49 0.46 0.44 0.45 0.45 0.44 0.42 0.41 0.38 0.37 0.38 0.36 0.30 0.28 0.30 0.29 0.30 0.30 0.32 0.31 0.31 0.32 0.31 0.31 0.31 0.30 0.32 0.31 0.30 0.30 0.30 0.27 0.26 0.25 0.25 0.25 0.24 0.24
0.42 0.47 0.56 0.58 0.55 0.54 0.49 0.45 0.43 0.38 0.34 0.36 0.34 0.35 0.36 0.40 0.40 0.39 0.36 0.37 0.38 0.39 0.38 0.37 0.38 0.40 0.40 0.35 0.34 0.34 0.33 0.32 0.33 0.35 0.34 0.36 0.36 0.37 0.43 0.50 0.50 0.53 0.58 0.58 0.56 0.50 0.47 0.48 0.43 0.42 0.43 0.44 0.43 0.43 0.40 0.35 0.34 0.30 0.29 0.29 0.30 0.29 0.29 0.31 0.33 0.32 0.30 0.30 0.29 0.29 0.31 0.29 0.31 0.30 0.28 0.30 0.31 0.27 0.26 0.25 0.23 0.24 0.24 0.24
0.40 0.47 0.61 0.59 0.54 0.44 0.42 0.42 0.37 0.35 0.36 0.34 0.33 0.35 0.35 0.39 0.40 0.44 0.38 0.40 0.39 0.40 0.41 0.42 0.40 0.38 0.37 0.37 0.36 0.31 0.29 0.30 0.30 0.30 0.31 0.35 0.36 0.38 0.42 0.47 0.48 0.49 0.51 0.52 0.56 0.50 0.47 0.49 0.43 0.41 0.41 0.41 0.39 0.40 0.37 0.32 0.29 0.29 0.30 0.31 0.30 0.31 0.31 0.33 0.33 0.32 0.31 0.31 0.29 0.29 0.32 0.31 0.30 0.30 0.28 0.29 0.30 0.27 0.26 0.24 0.23 0.23 0.23 0.24
0.42 0.55 0.63 0.59 0.57 0.52 0.47 0.41 0.37 0.34 0.36 0.35 0.34 0.34 0.33 0.35 0.43 0.42 0.37 0.39 0.37 0.36 0.36 0.38 0.36 0.34 0.33 0.36 0.35 0.31 0.32 0.33 0.31 0.29 0.30 0.33 0.37 0.40 0.40 0.45 0.47 0.47 0.50 0.54 0.54 0.52 0.49 0.47 0.44 0.42 0.40 0.36 0.35 0.36 0.33 0.30 0.29 0.30 0.32 0.30 0.31 0.31 0.32 0.33 0.35 0.33 0.33 0.32 0.29 0.30 0.32 0.30 0.29 0.29 0.28 0.29 0.30 0.29 0.25 0.24 0.25 0.24 0.23 0.24
0.50 0.58 0.60 0.51 0.45 0.46 0.44 0.37 0.35 0.35 0.37 0.34 0.34 0.35 0.33 0.36 0.43 0.42 0.39 0.36 0.34 0.33 0.32 0.35 0.35 0.34 0.34 0.35 0.34 0.35 0.38 0.40 0.34 0.29 0.29 0.31 0.35 0.37 0.40 0.41 0.43 0.44 0.46 0.48 0.47 0.47 0.43 0.42 0.40 0.40 0.37 0.36 0.37 0.36 0.32 0.31 0.32 0.33 0.32 0.30 0.32 0.31 0.31 0.33 0.32 0.32 0.33 0.33 0.31 0.28 0.29 0.29 0.28 0.30 0.29 0.28 0.31 0.29 0.26 0.25 0.25 0.23 0.23 0.23
0.50 0.57 0.54 0.49 0.43 0.38 0.39 0.36 0.35 0.35 0.34 0.35 0.37 0.35 0.34 0.38 0.39 0.39 0.36 0.31 0.30 2.51 2.51 0.36 0.34 0.32 0.33 0.34 0.34 0.38 0.40 0.39 0.34 0.30 0.29 0.31 0.34 0.38 0.38 0.38 0.42 0.40 0.40 0.40 0.43 0.46 0.43 0.43 2.51 0.37 0.36 0.37 0.38 0.36 0.34 0.34 0.34 0.34 0.32 0.31 0.31 0.29 0.31 0.30 0.29 0.32 0.33 0.33 0.30 0.29 0.28 0.30 0.31 0.29 0.28 0.28 0.28 0.27 0.25 0.25 0.25 0.24 0.23 0.23
0.48 0.53 0.47 0.48 0.40 0.37 0.36 0.35 0.34 0.33 0.33 0.36 0.36 0.35 0.38 0.38 0.39 0.35 0.36 0.31 0.31 0.31 0.31 2.51 0.32 0.31 0.32 0.33 0.35 0.38 0.38 0.35 0.32 0.32 0.32 0.33 0.33 0.33 0.36 0.37 0.40 0.39 0.37 0.36 0.40 0.45 0.42 0.42 0.42 0.39 0.35 0.34 0.33 0.32 0.34 0.33 0.32 0.31 0.29 0.30 0.30 0.31 0.30 0.30 0.31 0.34 0.36 0.33 0.29 0.29 0.30 0.32 0.30 0.29 0.28 0.27 0.28 0.27 0.25 0.25 0.26 0.25 0.25 0.23
0.53 0.52 0.44 0.47 0.42 0.37 0.33 0.33 0.34 0.34 0.36 0.39 0.37 0.38 0.39 0.39 0.42 0.35 0.36 0.36 0.34 0.34 0.34 0.35 0.34 0.35 0.34 0.32 0.32 0.34 0.34 0.33 0.31 0.32 0.33 0.33 0.35 0.34 0.36 0.38 0.37 0.34 0.33 0.34 0.36 0.36 0.35 0.35 0.38 0.36 0.31 0.30 0.30 0.31 0.33 0.33 0.31 0.30 0.29 0.30 0.30 0.32 0.31 0.30 0.32 0.32 0.34 0.32 0.30 0.30 0.34 0.33 0.29 0.30 0.29 0.28 0.28 0.27 0.25 0.24 0.23 0.22 0.24 0.23
0.56 0.42 0.35 0.42 0.41 0.36 0.34 0.33 0.34 0.33 0.37 0.38 0.37 0.38 0.38 0.39 0.42 0.37 0.37 0.36 0.36 0.35 0.34 0.37 0.37 0.36 0.34 0.31 0.31 0.29 0.30 0.29 0.31 0.34 0.32 0.31 0.34 0.34 0.33 0.35 0.36 0.34 0.32 0.33 0.34 0.32 0.31 0.35 0.35 0.32 0.30 0.29 0.29 0.32 0.34 0.32 0.31 0.30 0.31 0.31 0.32 0.32 0.33 0.31 0.30 0.30 0.30 0.31 0.31 0.30 0.33 0.35 0.33 0.32 0.31 0.30 0.28 0.25 0.24 0.24 0.23 0.22 0.22 0.22
0.49 0.36 0.34 0.39 0.36 0.35 0.36 0.37 0.35 0.37 0.37 0.37 0.36 0.36 0.36 0.37 0.38 0.38 0.38 0.37 0.38 0.36 0.35 0.37 0.37 0.38 0.33 0.31 0.32 0.31 0.28 0.29 0.33 0.35 0.31 0.32 0.34 0.35 0.33 0.32 0.34 0.32 0.30 0.31 0.30 0.29 0.31 0.32 0.30 0.29 0.29 0.29 0.32 0.34 0.34 0.32 0.32 0.32 0.33 0.33 0.33 0.32 0.33 0.31 0.30 0.29 0.29 0.30 0.29 0.30 0.31 0.32 0.30 0.30 0.29 0.27 0.25 0.24 0.24 0.25 0.24 0.22 0.22 0.21
0.42 0.37 0.39 0.39 0.37 0.36 0.36 0.37 0.37 0.35 0.33 0.33 0.34 0.34 0.35 0.36 0.37 0.38 0.36 0.36 0.35 0.33 0.34 0.37 0.39 0.36 0.31 0.30 0.31 0.31 0.28 0.29 0.33 0.34 0.31 0.33 0.34 0.34 0.33 0.32 0.32 0.32 0.30 0.30 0.28 0.29 0.31 0.33 0.31 0.29 0.31 0.33 0.33 0.34 0.32 0.32 0.32 0.33 0.32 0.32 0.31 0.32 0.31 0.30 0.30 0.29 0.27 0.27 0.28 0.31 0.33 0.30 0.27 0.27 0.25 0.25 0.24 0.24 0.26 0.27 0.26 0.24 0.23 0.21
0.35 0.38 0.41 0.38 0.33 0.33 0.36 0.35 0.32 0.31 0.30 0.31 0.35 0.35 0.34 0.35 0.35 0.35 0.35 0.35 0.35 0.33 0.33 0.36 0.40 0.35 0.30 0.31 0.30 0.28 0.27 0.30 0.32 0.30 0.31 0.35 0.34 0.33 0.35 0.32 0.31 0.31 0.30 0.28 0.27 0.28 0.29 0.31 0.33 0.31 0.32 0.35 0.33 0.33 0.34 0.34 0.33 0.31 0.31 0.31 0.30 0.30 0.30 0.29 0.29 0.28 0.27 0.28 0.30 0.31 0.32 0.27 0.24 0.24 0.24 0.23 0.23 0.26 0.26 0.25 0.23 0.24 0.24 0.22
0.32 0.35 0.41 0.35 0.32 0.32 0.35 0.34 0.30 0.28 0.29 0.31 0.34 0.35 0.33 0.33 0.32 0.32 0.32 0.33 0.36 0.35 0.34 0.35 0.36 0.35 0.32 0.31 0.27 0.26 0.26 0.29 0.32 0.30 0.31 0.35 0.34 0.33 0.33 0.31 0.30 0.29 0.29 0.27 0.27 0.27 0.29 0.32 0.31 0.32 0.36 0.36 0.33 0.34 0.34 0.34 0.33 0.31 0.29 0.29 0.30 0.29 0.30 0.30 0.29 0.28 0.28 0.27 0.27 0.26 0.26 0.25 0.24 0.23 0.23 0.24 0.23 0.24 0.24 0.23 0.21 0.21 0.22 0.22
0.31 0.30 0.37 0.38 0.33 0.31 0.34 0.34 0.31 0.30 0.29 0.31 0.34 0.33 0.32 0.32 0.31 0.31 0.32 0.32 0.33 0.33 0.34 0.35 0.38 0.34 0.32 0.29 0.27 0.27 0.25 0.28 0.31 0.31 0.32 0.34 0.31 0.31 0.31 0.27 0.28 0.28 0.28 0.28 0.28 0.27 0.28 0.30 0.30 0.38 0.38 0.34 0.34 0.34 0.33 0.33 0.31 0.30 0.30 0.30 0.29 0.28 0.29 0.29 0.29 0.28 0.28 0.27 0.25 0.24 0.25 0.25 0.25 0.24 0.23 0.25 0.23 0.22 0.23 0.22 0.21 0.20 0.22 0.26
0.26 0.25 0.29 0.35 0.34 0.33 0.34 0.35 0.34 0.33 0.30 0.31 0.34 0.33 0.30 0.31 0.31 0.31 0.30 0.29 0.31 0.32 0.32 0.34 0.35 0.34 0.32 0.31 0.31 0.31 0.29 0.28 0.30 0.31 0.31 0.31 0.30 0.31 0.31 0.27 0.27 0.29 0.31 0.29 0.28 0.28 0.30 0.29 0.33 0.38 0.36 0.36 0.35 0.32 0.32 0.31 0.30 0.29 0.30 0.31 0.30 0.29 0.29 0.28 0.27 0.27 0.28 0.27 0.25 0.24 0.24 0.24 0.23 0.23 0.22 0.21 0.20 0.21 0.22 0.21 0.20 0.20 0.21 0.26
2.51 0.27 0.30 0.33 0.36 0.35 0.35 0.36 0.39 0.36 0.30 0.30 0.31 0.31 0.31 0.31 0.31 0.32 0.31 0.29 0.29 0.30 0.32 0.30 0.32 0.35 0.33 0.31 0.31 0.30 0.29 0.28 0.30 0.30 0.29 0.30 0.31 0.31 0.31 0.30 0.31 0.31 0.30 0.30 0.29 0.29 0.28 0.26 0.31 0.33 0.34 0.36 0.32 0.32 0.30 0.29 0.29 0.28 0.29 0.30 0.29 0.28 0.28 0.26 0.25 0.26 0.29 0.26 0.24 0.24 0.23 0.22 0.22 0.22 0.21 0.20 0.20 0.21 0.19 0.19 0.20 0.21 0.21 0.25
0.39 0.35 0.34 0.34 0.35 0.35 0.37 0.37 0.39 0.36 0.33 0.34 0.32 0.31 0.31 0.31 0.31 0.31 0.32 0.31 0.30 0.30 0.31 0.30 0.30 0.34 0.34 0.31 0.31 0.32 0.30 0.29 0.29 0.28 0.29 0.30 0.30 0.30 0.32 0.33 0.31 0.30 0.30 0.29 0.29 0.30 0.27 0.26 0.31 0.31 0.32 0.33 0.33 0.31 0.29 0.30 0.29 0.28 0.27 0.29 0.27 0.27 0.27 0.24 0.24 0.25 0.27 0.25 0.23 0.23 0.22 0.22 0.22 0.21 0.21 0.22 0.22 0.20 0.19 0.19 0.20 0.21 0.22 0.23
0.43 0.41 0.36 0.33 0.35 0.34 0.37 0.37 0.37 0.36 0.36 0.37 0.34 0.32 0.31 0.31 0.32 0.33 0.34 0.32 0.30 0.31 0.30 0.30 0.28 0.28 0.31 0.30 0.29 0.31 0.31 0.29 0.28 0.29 0.29 0.29 0.28 0.32 0.32 0.31 0.29 0.29 0.31 0.29 0.31 0.30 0.28 0.28 0.31 0.31 0.31 0.30 0.31 0.31 0.31 0.31 0.30 0.29 0.27 0.28 0.27 0.29 0.27 0.25 0.24 0.24 0.25 0.24 0.24 0.23 0.22 0.22 0.22 0.21 0.23 0.25 0.24 0.22 0.21 0.20 0.21 0.21 0.22 0.21
0.37 0.45 0.42 0.38 0.41 0.38 0.36 0.40 0.42 0.40 0.38 0.36 0.34 0.32 0.32 0.32 0.30 0.30 0.30 0.29 0.28 0.29 0.30 0.29 0.28 0.29 0.30 0.30 0.30 0.30 0.30 0.28 0.27 0.28 0.28 0.29 0.30 0.30 0.30 0.28 0.28 0.29 0.30 0.29 0.30 0.30 0.27 0.28 0.30 0.30 0.31 0.31 0.31 0.33 0.33 0.31 0.29 0.28 0.27 0.27 0.28 0.27 0.26 0.25 0.23 0.23 0.23 0.24 0.23 0.22 0.23 0.23 0.23 0.23 0.24 0.25 0.25 0.23 0.22 0.21 0.20 0.21 0.21 0.20
0.36 0.43 0.40 0.39 0.42 0.45 0.42 0.41 0.46 0.43 0.40 0.37 0.34 0.33 0.33 0.32 0.31 0.29 0.29 0.29 0.29 0.29 0.28 0.27 0.28 0.29 0.32 0.33 0.33 0.33 0.29 0.27 0.27 0.28 0.28 0.29 0.30 0.30 0.28 0.27 0.28 0.32 0.30 0.27 0.30 0.31 0.29 0.31 0.33 0.30 0.32 0.32 0.31 0.32 0.32 0.30 0.29 0.28 0.29 0.30 0.28 0.27 0.27 0.25 0.23 0.23 0.23 0.23 0.23 0.23 0.25 0.25 0.24 0.24 0.25 0.25 0.24 0.24 0.23 0.21 0.20 0.20 0.20 0.21
0.35 0.40 0.37 0.36 0.36 0.41 0.42 0.38 0.43 0.42 0.40 0.37 0.35 0.33 0.34 0.34 0.33 0.32 0.29 0.30 0.29 0.28 0.27 0.26 0.25 0.28 0.32 0.35 0.34 0.32 0.29 0.27 0.27 0.29 0.32 0.31 0.29 0.28 0.27 0.29 0.32 0.33 0.29 0.29 0.32 0.32 0.32 0.35 0.32 0.29 0.32 0.31 0.32 0.31 0.28 0.27 0.28 0.29 0.30 0.30 0.27 0.27 0.26 0.25 0.23 0.23 0.23 0.23 0.22 0.23 0.25 0.25 0.24 0.24 0.24 0.24 0.24 0.22 0.20 0.18 0.18 0.18 0.19 0.19
0.39 0.43 0.41 0.34 0.34 0.37 0.39 0.37 0.39 0.41 0.41 0.38 0.35 0.33 0.34 0.33 0.33 0.34 0.33 0.31 0.29 0.28 0.27 0.27 0.26 0.28 0.31 0.32 0.31 0.29 0.28 0.28 0.28 0.31 0.36 0.32 0.28 0.28 0.31 0.32 0.34 0.34 0.33 0.33 0.32 0.32 0.33 0.32 0.30 0.29 0.29 0.28 0.30 0.30 0.28 0.29 0.29 0.31 0.31 0.29 0.27 0.26 0.24 0.26 0.25 0.24 0.25 0.24 0.23 0.22 0.23 0.22 0.22 0.22 0.22 0.22 0.21 0.20 0.19 0.18 0.18 0.19 0.19 0.19
0.43 0.43 0.39 0.36 0.35 0.35 0.37 0.38 0.43 0.47 0.44 0.38 0.34 0.33 0.33 0.32 0.32 0.35 0.35 0.29 0.28 0.27 0.27 0.26 0.28 0.28 0.29 0.30 0.30 0.29 0.28 0.29 0.31 0.34 0.37 0.32 0.30 0.30 0.32 0.34 0.35 0.33 0.33 0.32 0.31 0.31 0.31 0.30 0.29 0.28 0.27 0.27 0.29 0.29 0.30 0.29 0.29 0.31 0.30 0.27 0.27 0.24 0.24 0.26 0.25 0.25 0.24 0.24 0.24 0.24 0.22 0.21 0.21 0.21 0.20 0.21 0.20 0.20 0.20 0.19 0.20 0.21 0.21 0.19
0.44 0.42 0.36 0.37 0.37 0.39 0.41 0.41 0.46 0.46 0.38 0.36 0.33 0.31 0.31 0.31 0.31 0.33 0.35 0.30 0.29 0.29 0.27 0.26 0.28 0.28 0.28 0.28 0.29 0.28 0.28 0.28 0.33 0.36 0.37 0.36 0.34 0.30 0.31 0.35 0.36 0.34 0.32 0.33 0.31 0.31 0.30 0.29 0.28 0.26 0.26 0.28 0.29 0.30 0.31 0.29 0.30 0.30 0.27 0.26 0.27 0.25 0.24 0.25 0.25 0.24 0.22 0.23 0.23 0.23 0.23 0.23 0.20 0.20 0.21 0.21 0.21 0.20 0.20 0.20 0.20 0.20 0.19 0.19
0.35 0.36 0.35 0.36 0.34 0.39 0.43 0.45 0.52 0.47 0.39 0.36 0.33 0.32 0.32 0.31 0.32 0.34 0.33 0.30 0.28 0.28 0.28 0.27 0.27 0.29 0.28 0.30 0.29 0.28 0.29 0.32 0.33 0.36 0.36 0.35 0.34 0.32 0.34 0.34 0.34 0.34 0.36 0.32 0.29 0.31 0.31 0.31 0.28 0.26 0.27 0.28 0.27 0.27 0.29 0.30 0.31 0.28 0.26 0.26 0.26 0.25 0.25 0.25 0.25 0.25 0.23 0.24 0.24 0.23 0.23 0.23 0.20 0.19 0.19 0.20 0.21 0.20 0.19 0.19 0.19 0.19 0.19 0.19
0.34 0.32 0.31 0.29 0.25 0.26 0.32 0.38 0.44 0.47 0.43 0.40 0.39 0.38 0.36 0.34 0.34 0.34 0.32 0.30 0.28 0.28 0.29 0.29 0.29 0.29 0.30 0.30 0.29 0.29 0.31 0.33 0.34 0.35 0.34 0.34 0.33 0.35 0.38 0.33 0.32 0.33 0.32 0.29 0.28 0.28 0.31 0.31 0.27 0.27 0.32 0.29 0.28 0.27 0.27 0.27 0.25 0.25 0.25 0.25 0.25 0.25 0.24 0.24 0.25 0.25 0.24 0.24 0.24 0.25 0.24 0.24 0.21 0.18 0.19 0.19 0.19 0.19 0.19 0.19 0.19 0.19 0.19 0.19
