data/case_study_iwrn/geo/gridded/shebele.area.txt
ncols        763
nrows        553
xllcorner    38.675613235556
yllcorner    4.620037453540
cellsize     0.008993216100
NODATA_value -9999
[rows 240 to 287 of 553, columns 288 to 383 of 763]
4 2 1 1 2 3 1 2 1 1 1 1 2 1 1 1 3 5 4 1 3 6 72 79 4 1 1 3 1 2 4 1 1 1 1 3 5 7 10 11 13 15 16 1 2 5877 5882 5 1 7 6 1 7 2 15 29 4 4 2 2 31 5 14 9 1 2 1 1 1 1 36 38 14 1 4 1 1 1 9 2 1 2 1 1 1 1 2 3 26 1 2 1 2 7 11 12
1 1 1 1 1 1 1 1 1 1 1 1 1 1 1 1 1 2 1 1 2 3 1 3 2 1 1 1 1 1 1 1 1 1 2 3 4 5 6 1 1 1 1 1 1 1 1 5890 1 1 8 7 2 10 16 30 5 5 3 3 32 20 1 10 2 4 1 1 3 1 1 1 54 6 2 1 1 2 13 1 1 5 1 1 1 1 3 5 35 2 1 1 2 2 3 1
1 1 2 2 2 3 1 1 3 2 1 2 4 3 2 1 1 1 1 1 1 1 1 1 1 1 2 1 1 1 1 1 2 1 1 1 1 1 1 7 1 1 3 2 1 1 1 5893 1 2 6084 1 1 13 17 1 36 6 4 4 53 2 11 1 3 5 2 2 4 2 1 1 2 66 1 3 1 1 17 2 1 1 10 2 1 1 1 2 3 42 1 1 1 1 1 1
18 20 22 25 5 4 1 3 1 6 2 1 1 8 4 1 1 1 3 2 1 1 1 1 2 3 4 3 2 4 1 1 3 4 1 2 2 2 2 9 1 2 1 4 3 3 1 1 6063 6065 1 6090 6092 6106 18 1 38 11 1 5 54 14 1 2 4 6 3 3 1 7 2 1 1 68 1 4 3 1 18 4 1 1 13 2 1 1 1 1 2 3 44 1 1 1 1 1
15 18 19 23 50 93 98 103 105 7 1 3 2 10 6 2 1 1 2 6 10 3 1 1 1 1 1 5 4 7 2 1 1 8 2 1 4 7 3 3 10 2 3 2 5 4 4 161 6 1 1 2 4 6 6131 2 1 51 1 1 74 2 1 7 1 1 10 1 5 10 1 2 1 69 2 8 1 2 19 5 2 1 14 4 2 1 1 1 1 1 48 2 1 2 2 2
2 2 3 1 37 2 4 10 13 120 128 130 134 147 7 3 2 1 1 3 4 18 2 2 1 2 4 2 6 5 10 1 2 2 11 1 1 2 10 16 21 33 36 40 3 9 156 3 1 1 1 3 1 1 2 6136 2 52 2 2 77 2 1 8 2 1 13 2 16 2 1 1 3 5 80 1 4 1 1 25 3 1 2 19 4 1 1 2 4 1 1 52 1 1 4 10
1 1 35 36 1 1 5 2 1 1 2 3 4 11 340 353 5 1 1 1 2 3 21 4 1 1 1 5 3 7 6 11 2 3 14 2 1 1 2 1 1 1 2 3 139 141 1 1 1 1 2 1 1 1 2 72 6213 6284 6288 6291 6369 6389 2 9 6434 6437 6439 6455 6475 6479 1 1 2 1 94 7 2 1 2 1 29 1 2 3 24 2 2 3 6 1 1 56 1 1 1 1
32 33 1 2 3 4 1 1 2 3 4 5 6 181 2 1 362 1 1 1 1 1 5 26 3 1 1 3 9 13 21 28 40 43 47 17 2 1 1 1 1 1 90 94 1 1 1 1 1 1 1 1 2 4 69 3 1 16 1 2 17 2 6417 6420 2 2 1 2 1 2 6485 6487 3 96 2 1 1 2 3 1 31 1 2 5 9 27 3 10 2 1 1 58 1 2 1 1
3 4 5 6 7 30 31 32 33 34 35 36 180 1 1 2 1 363 3 1 3 6 7 32 5 1 1 2 4 7 8 9 1 1 2 48 20 2 1 2 82 88 2 1 1 1 2 3 1 2 2 2 50 63 1 2 9 6 1 12 2 1 23 1 1 1 1 1 1 1 1 9 6497 102 1 2 1 3 4 1 33 1 2 3 4 14 31 13 2 2 1 1 59 5 1 1
18 19 20 21 22 1 2 3 4 5 142 143 1 2 3 1 1 3 364 4 1 1 1 41 7 1 1 1 2 1 2 1 10 2 1 3 49 70 74 78 3 1 1 1 1 7 8 11 18 21 24 46 11 1 1 8 4 1 6 5 1 5 3 14 1 1 1 1 3 5 8 1 4 6604 1 5 4 1 5 1 35 2 1 1 2 3 49 16 3 1 1 3 1 67 1 1
17 18 1 2 3 4 131 133 135 136 1 2 3 4 5 9 2 1 4 373 1 1 3 45 9 2 1 1 1 1 1 4 6 13 2 4 1 1 1 1 1 1 1 1 4 1 2 3 1 1 17 2 7 3 3 4 3 2 3 4 3 1 2 7 5 2 1 1 1 1 1 1 1 3 6609 6620 1 7 1 1 37 4 1 1 1 2 3 53 74 2 1 5 1 69 1 1
5 1 20 124 125 126 1 1 1 2 3 4 5 6 7 8 18 3 2 1 375 2 1 2 59 2 1 1 1 2 2 3 4 7 14 8 1 1 1 1 1 2 1 1 1 3 4 7 9 12 3 1 6 2 2 3 2 1 2 3 2 1 2 3 1 1 2 1 1 1 1 1 2 1 1 28 6651 6660 6662 1 40 6732 2 1 1 1 1 1 1 78 6865 6872 6874 6946 2 2
94 101 103 1 2 3 4 5 6 7 8 9 10 11 12 13 14 33 37 3 1 377 3 1 2 63 1 1 2 4 11 15 17 22 8 23 2 2 2 2 4 2 1 1 1 1 2 1 1 1 1 1 5 1 1 2 1 1 1 1 1 1 1 1 1 1 4 1 2 1 3 5 9 12 24 2 1 1 6 6669 6686 1 6736 6746 6748 6753 1 1 1 6784 1 1 2 1 7022 7028
1 1 1 2 3 4 5 6 7 8 9 10 11 12 13 14 15 1 1 38 4 5 383 4 1 66 4 1 2 4 3 1 1 2 25 42 68 3 1 5 5 3 4 1 1 1 2 1 1 1 1 1 1 2 1 1 1 1 2 1 1 1 1 2 3 6 6 1 3 1 1 3 2 5 5 1 1 4 1 13 3 1 1 6 2 1 6757 1 6779 2 1 1 1 2 72 3
3 4 5 6 7 8 9 10 11 12 13 14 15 16 17 18 1 16 2 4 43 1 1 384 6 73 2 1 1 1 1 2 4 5 8 1 2 74 2 6 9 5 1 1 2 1 2 4 2 1 3 1 1 1 1 1 1 2 1 4 7 2 1 1 2 3 16 2 5 1 1 1 1 3 1 3 3 2 3 9 1 1 2 3 1 1 11 6774 1 1 1 1 2 27 41 1
22 23 24 25 26 27 28 29 30 31 32 33 34 35 36 37 56 58 75 76 77 44 2 2 464 2 1 1 1 2 1 1 1 2 1 2 3 4 75 18 6 1 1 3 3 1 1 8 3 1 5 2 2 3 2 1 1 5 1 1 2 12 2 1 1 1 2 26 2 1 1 1 1 1 2 2 1 1 4 3 1 1 1 1 6 10 1 3 1 1 2 14 23 1 35 5
3 4 5 6 7 8 9 10 11 12 13 14 15 16 17 18 19 28 30 32 34 112 47 1 469 1 1 1 1 3 1 1 1 2 3 4 5 6 11 94 8 1 1 2 4 5 1 1 10 14 7 3 3 6 1 2 1 2 8 2 1 1 14 49 2 1 1 28 4 2 3 1 1 1 1 1 1 1 1 1 1 1 2 5 2 1 2 1 2 7 11 5 3 1 29 4
6 7 8 9 10 11 12 13 1 1 2 3 4 5 6 7 8 1 1 1 1 2 115 49 1 471 3 1 2 5 1 1 2 3 4 1 1 1 1 107 10 1 1 4 1 10 2 1 1 2 17 11 10 1 5 1 1 1 2 17 22 24 31 1 52 57 62 64 35 4 1 1 1 2 1 1 3 1 1 1 1 1 1 1 1 1 1 2 4 3 2 2 2 1 3 24
5 6 7 8 9 10 11 12 14 2 3 4 5 6 7 8 9 1 1 1 1 2 3 119 169 473 4 1 4 7 1 2 1 2 3 5 2 4 2 1 119 3 1 1 6 12 4 1 1 2 3 32 12 6 2 1 1 3 6 2 1 4 2 1 2 3 1 2 102 6 1 2 1 4 2 1 5 2 1 4 3 1 1 1 1 1 1 1 1 1 1 1 1 1 1 1
9 10 11 12 13 14 15 16 29 44 45 1 1 1 1 1 1 10 12 14 16 17 18 19 20 663 6 1 5 8 2 3 1 1 1 4 6 1 6 3 1 124 2 1 1 19 6 1 1 2 1 1 51 4 1 1 1 1 1 1 1 1 1 1 1 1 1 2 4 114 4 1 2 5 3 2 6 3 1 1 9 2 1 1 3 1 3 1 1 1 1 1 1 2 4 7
3 4 13 14 15 16 17 18 19 20 21 67 2 2 2 2 2 2 1 1 1 1 2 3 4 6 676 2 6 9 3 4 1 2 2 4 11 1 1 10 1 1 127 2 1 27 2 1 1 2 5 2 57 3 2 2 1 1 1 2 3 4 1 1 1 1 1 1 1 2 118 124 3 6 4 3 7 5 1 1 13 1 2 2 4 1 5 1 3 3 2 1 1 1 1 1
7 8 1 2 3 4 5 6 7 8 9 10 88 92 95 98 101 104 3 2 2 2 1 1 1 1 2 677 9 1 13 5 1 2 5 6 11 12 2 12 3 1 1 130 134 28 4 1 1 1 2 8 61 4 3 4 2 1 1 2 3 5 12 14 1 3 1 1 1 1 1 2 134 147 157 4 13 1 1 2 17 1 1 5 5 1 2 6 2 7 3 2 2 1 1 1
1 1 1 1 2 3 4 6 7 8 9 10 1 1 2 3 4 5 110 114 117 3 3 2 4 5 6 9 687 697 699 20 1 1 1 1 2 14 13 3 17 1 1 1 2 165 7 1 1 2 1 11 66 1 5 1 3 1 1 1 1 1 1 2 17 22 2 2 1 1 2 7 3 5 2 161 179 2 2 3 18 1 1 7 7 1 1 9 1 3 11 3 3 3 1 1
4 1 3 5 1 1 1 1 2 3 4 5 6 7 8 9 10 11 12 13 14 132 136 4 1 1 2 171 173 175 177 877 22 1 3 1 1 2 17 31 23 1 1 1 2 4 174 1 2 1 3 13 68 6 1 5 1 1 1 3 1 1 1 1 1 1 26 1 4 1 4 2 3 1 1 1 2 183 187 193 217 2 1 9 8 2 1 11 1 2 15 4 7 1 2 2
22 28 29 32 40 42 2 1 1 1 1 2 3 4 5 6 7 8 9 10 11 12 13 158 164 167 168 1 1 1 1 4 883 906 911 2 1 1 2 1 55 2 1 1 1 1 180 1 1 3 5 4 88 2 6 3 1 1 2 5 2 1 3 3 1 1 1 32 1 1 1 1 1 1 1 1 1 1 1 5 2 222 228 10 9 3 1 2 13 3 1 27 1 1 4 3
2 1 2 2 1 2 45 48 50 52 54 55 1 1 1 1 2 3 4 5 6 7 8 1 1 1 1 1 1 1 2 1 1 2 5 917 4 1 1 3 2 59 1 1 2 1 181 3 1 1 1 6 95 12 5 1 1 1 2 5 13 2 1 7 2 1 2 35 1 1 1 1 1 1 2 4 1 2 3 1 2 2 1 232 252 5 1 1 16 4 1 29 2 1 2 10
1 1 1 1 2 3 4 5 6 7 8 9 65 67 69 2 1 1 1 2 3 4 5 1 1 1 4 2 2 1 1 1 1 2 1 3 922 928 930 932 936 62 1 3 3 2 1 186 2 2 1 2 114 1 1 1 2 2 1 1 3 18 22 31 3 1 4 37 2 1 2 2 2 1 1 3 9 10 1 1 1 1 2 1 2 261 321 324 17 5 2 30 3 1 14 9
2 1 1 2 3 4 1 2 1 1 1 1 2 1 2 72 75 2 2 3 4 1 1 7 1 2 1 7 4 1 1 2 2 1 1 1 1 1 2 3 8 946 1011 1016 4 3 1 1 187 192 2 3 116 1 2 2 7 2 1 1 1 1 1 3 39 1 3 42 5 1 1 7 2 1 1 1 2 4 15 2 1 1 2 3 6 53 1 3 332 355 358 34 1 1 26 2
3 2 1 1 2 3 8 1 3 2 2 2 1 3 1 1 2 78 3 1 2 7 9 11 20 1 32 34 12 2 1 4 3 2 1 1 1 2 3 4 1 1 1 2 1020 1030 2 1 2 1 193 199 117 2 15 10 1 1 1 2 1 1 1 1 1 41 42 52 1 1 1 11 2 1 1 1 1 1 2 18 21 2 1 2 51 1 2 3 1 1 6 400 1 1 27 4
6 3 2 1 1 2 3 9 2 4 7 10 4 1 4 6 7 8 87 4 1 2 3 4 7 28 1 3 38 15 1 6 4 1 3 3 1 1 2 1 1 1 1 1 2 1 1034 1037 1046 1048 1 1 317 18 2 1 1 1 3 4 1 1 3 1 1 2 1 96 1 1 17 3 2 2 1 1 1 1 2 3 4 26 29 43 7 1 1 1 1 4 2 4 408 410 32 2
1 10 3 2 1 1 1 4 10 3 1 1 12 6 1 1 1 1 1 88 5 1 1 2 1 1 1 1 3 42 59 11 1 1 2 8 1 1 1 3 4 1 1 1 1 2 2 5 1 2 1052 1 319 21 1 1 1 1 2 9 1 1 1 5 2 1 3 1 99 1 18 3 3 2 1 1 3 6 8 9 10 11 13 3 2 1 1 1 2 1 1 1 1 1 445 4
1 15 1 3 2 1 2 2 5 11 4 2 1 20 2 2 1 2 2 2 89 6 2 1 1 2 2 1 1 2 4 65 13 2 3 9 2 1 2 2 8 3 1 1 1 1 1 1 1 2 6 1060 320 23 2 1 2 1 2 17 5 2 1 4 11 15 2 6 107 2 19 7 3 2 1 1 1 1 1 1 1 1 1 1 1 1 1 2 1 1 1 1 1 1 1 452
1 17 1 5 3 1 2 5 3 6 18 5 3 4 23 3 2 3 1 3 3 90 7 3 2 2 3 3 1 1 1 1 67 83 13 1 3 1 3 6 17 4 2 4 1 1 1 1 2 3 1 3 1065 344 4 1 3 2 22 2 1 1 2 1 1 1 19 20 21 131 20 11 3 1 3 1 1 1 1 2 3 1 1 1 1 1 2 4 2 2 4 1 1 3 1 1
1 19 1 2 10 1 1 1 9 1 1 19 6 7 5 27 3 4 1 2 4 94 1 8 4 3 3 4 4 2 1 1 2 3 100 2 4 1 1 2 3 24 5 2 1 1 3 2 1 1 1 1 1 1411 5 1 5 25 1 1 1 1 1 1 1 2 2 4 6 8 141 176 2 1 5 1 1 3 1 3 6 1 3 2 2 1 2 10 11 5 5 1 1 2 6 9
1 22 2 1 14 1 1 2 4 11 1 2 20 1 9 15 31 6 1 1 3 8 96 1 9 14 18 4 5 5 3 2 1 2 3 108 113 2 1 1 2 35 3 1 1 1 2 8 2 1 2 1 1 2 1417 1 7 27 1 2 4 1 1 1 2 1 1 1 1 1 1 3 183 7 1 1 3 4 1 1 11 1 5 1 5 2 1 1 2 14 27 1 1 1 2 1
1 1 25 1 18 1 1 2 1 7 13 1 23 1 1 2 18 38 3 1 1 1 106 2 1 1 1 19 5 6 6 4 3 1 2 1 3 118 122 1 1 36 4 4 1 1 2 3 14 19 22 26 1 1 4 1419 8 28 2 7 4 3 1 1 4 7 1 1 2 1 1 1 1 194 1 1 2 9 2 1 2 15 19 27 35 3 1 1 1 1 29 1 2 1 1 2
2 1 27 2 19 1 1 5 1 1 9 14 2 25 1 1 2 21 43 1 2 1 1 108 112 2 1 2 20 26 7 7 5 4 1 1 1 1 2 125 2 2 45 2 1 1 1 2 2 1 2 3 31 33 34 39 1456 1 10 6 1 1 1 1 1 3 13 14 1 3 2 1 1 239 2 1 1 15 1 1 1 2 1 2 2 47 49 54 59 60 61 33 1 2 1 1
3 1 2 49 2 1 1 1 6 1 2 13 28 33 60 1 1 1 67 1 3 2 1 1 2 118 2 3 1 1 27 35 43 6 5 2 1 1 2 3 129 5 50 2 1 2 1 1 1 1 1 1 1 2 3 1 1497 12 7 1 2 4 2 1 1 1 2 4 21 25 31 37 43 1 247 249 2 16 1 1 1 1 1 1 1 5 3 2 1 1 2 97 4 1 2 1
838 840 843 52 1 1 3 2 7 1 1 1 2 2 4 66 1 2 1 69 1 7 1 1 1 1 120 126 3 1 1 2 4 49 57 65 2 1 1 1 2 185 2 1 1 2 5 1 1 1 1 3 1 1 1 5 1 1517 2 10 7 2 1 1 1 1 1 2 2 2 3 2 2 1 3 1 254 17 3 1 2 1 1 1 4 1 1 1 1 2 3 4 123 4 1 2
2 1 3 901 1 2 4 3 8 1 2 1 1 1 1 3 71 73 76 147 2 8 2 2 1 1 1 1 132 1 1 1 1 1 1 2 72 74 77 79 80 272 2 1 1 2 8 2 2 1 3 4 8 3 1 2 6 1521 12 1 1 1 2 2 1 1 1 1 1 1 1 1 1 1 1 1 3 259 280 2 3 4 1 1 1 2 3 1 1 1 13 17 1 129 4 2
1 1 1 1 917 7 1 4 9 2 1 4 1 1 1 1 1 2 3 4 152 155 13 1 1 3 2 1 1 135 1 1 1 2 1 2 1 1 1 2 3 276 1 1 1 1 11 5 1 1 1 2 3 14 19 20 23 1541 1 1 2 2 6 1 3 1 1 1 1 1 1 1 1 1 1 1 1 1 2 285 11 3 2 1 1 1 2 8 9 11 2 1 2 4 140 1
1 8 11 13 2 927 2 5 12 1 1 6 2 2 1 1 1 2 3 4 5 6 162 177 2 1 7 1 1 138 3 1 1 1 3 1 1 1 1 2 1 1 278 2 2 1 13 7 1 2 1 1 2 1 1 2 3 1568 2 3 1 9 1 4 2 1 1 3 3 5 2 2 1 4 2 1 1 1 1 2 300 1 1 1 1 1 1 1 2 1 1 1 1 1 2 143
6 2 1 1 1 2 932 1 18 3 1 7 1 5 1 3 1 1 2 3 4 5 6 7 180 1 9 2 1 1 142 2 2 2 1 4 3 2 1 1 4 7 2807 2814 2818 2820 22 1 1 5 1 1 2 3 1 1 1 1570 6 1 11 2 9 4 1 1 2 1 4 1 8 3 1 1 9 2 1 1 1 2 304 2 2 1 1 3 1 1 1 4 1 1 1 1 4 8
1 1 1 1 2 14 16 954 973 4 2 8 7 1 1 2 5 1 2 3 1 2 3 4 12 193 195 207 2 4 145 1 2078 2082 6 1 1 4 3 2 3 2521 3 1 1 1 2843 2 1 7 1 1 1 1 5 7 2 1 1577 27 14 11 1 1 1 1 2 5 7 12 21 36 38 1 1 12 2 2 1 1 1 310 2 1 1 3 8 2 2 5 3 1 1 2 1 1
2 3 5 8 11 1 3 1 2 977 984 1 16 2 2 1 8 1 1 1 4 1 1 1 1 1 2 1 1913 1921 1927 2074 1 1 2085 2094 1 2499 2511 2513 2515 2 1 1 1 1 3 2847 8 2 1 2 2 1 2 3 13 1 1606 3 2 1 1 1 3 2 1 1 2 7 3 3 5 44 46 48 17 2 1 1 2 318 3 1 1 1 1 9 10 1 5 1 2 1 1 1
1 1 1 1 1 1 1 1 1 1 4 1442 1446 1466 1469 1471 1480 1481 3 1 2 5 2 2 1646 1648 1652 1704 4 3 1 1 1 1 1 399 2496 3 1 1 1 1 1 1 1 2 15 20 2878 2 1 3 3 1 1 2 3 14 1612 1 1 1 1 3 4 3 2 1 1 3 2 2 1 2 3 4 74 2 1 1 1 320 2 1 1 4 2 1 20 2 6 4 1 1 3 6
1 2 2 1 1 2 1 1 1 2 453 1 1 1 27 31 1 1 1603 1607 2 1626 1634 1642 1 3 45 4 3 1 1 1 1 3 398 1 1 1 1 1 1 1 1 7 10 12 1 1 4 2886 4 1 5 1 1 1 2 20 1616 3 1 2 1 2 8 4 5 1 1 1 1 1 1 1 2 3 78 2 1 2 1 2 323 1 1 2 8 16 18 40 53 2 1 1 1 2
6 2 5 2 1 1 4 405 427 451 1 1 2 26 3 5 51 120 1 2 1621 2 4 1 1 41 3 3 1 1 1 1 3 393 1 1 1 1 1 2 1 2 4 1 1 1 1 2 2 5 2893 2900 2907 2 1 1 1 2 1637 1 1 1 4 3 9 10 1 1 3 2 1 1 2 3 4 6 8 90 5 1 1 2 332 3 1 1 3 1 1 1 1 56 5 1 1 1
