data/case_study_iwrn/geo/gridded/shebele.area.txt
ncols        763
nrows        553
xllcorner    38.675613235556
yllcorner    4.620037453540
cellsize     0.008993216100
NODATA_value -9999
[rows 240 to 287 of 553, columns 576 to 671 of 763]
1 1 6 2 2 1 3 478 35 31 23 22 18 17 13 1 1 1 1 1 1 1 4 1 1 1 1 1 1 1 1 2 1 2 10 63 3 9 3 1 1 4 1 9 1 1 2 3 301 15 6 1 1 1 9 1 3 5 4 2 -9999 -9999 -9999 -9999 -9999 -9999 -9999 -9999 -9999 -9999 -9999 -9999 -9999 -9999 -9999 -9999 -9999 -9999 -9999 -9999 -9999 -9999 -9999 -9999 -9999 -9999 -9999 -9999 -9999 -9999 -9999 -9999 -9999 -9999 -9999 -9999
3 1 7 3 4 1 482 2 1 3 1 2 1 1 1 10 8 3 1 1 1 1 1 1 1 1 2 1 1 5 1 1 3 4 6 81 13 4 1 1 1 6 1 11 3 1 1 1 1 319 3 1 1 11 1 1 9 8 3 2 1 -9999 -9999 -9999 -9999 -9999 -9999 -9999 -9999 -9999 -9999 -9999 -9999 -9999 -9999 -9999 -9999 -9999 -9999 -9999 -9999 -9999 -9999 -9999 -9999 -9999 -9999 -9999 -9999 -9999 -9999 -9999 -9999 -9999 -9999 -9999
20904 1 8 9 1 2 487 2 1 1 1 1 1 1 1 1 1 3 2 2 1 1 1 1 2 2 5 1 1 6 2 2 1 1 1 1 83 19 2 1 1 9 1 1 15 2 6 4 1 1 324 2 1 14 1 1 19 5 4 3 2 -9999 -9999 -9999 -9999 -9999 -9999 -9999 -9999 -9999 -9999 -9999 -9999 -9999 -9999 -9999 -9999 -9999 -9999 -9999 -9999 -9999 -9999 -9999 -9999 -9999 -9999 -9999 -9999 -9999 -9999 -9999 -9999 -9999 -9999 -9999
20919 20929 1 10 1 490 1 1 2 1 1 1 1 3 2 4 1 1 1 4 2 1 1 2 6 7 1 1 1 9 3 4 1 1 1 1 2 103 4 2 1 11 1 1 17 10 1 1 2 1 3 346 15 1 1 55 53 10 9 8 2 -9999 -9999 -9999 -9999 -9999 -9999 -9999 -9999 -9999 -9999 -9999 -9999 -9999 -9999 -9999 -9999 -9999 -9999 -9999 -9999 -9999 -9999 -9999 -9999 -9999 -9999 -9999 -9999 -9999 -9999 -9999 -9999 -9999 -9999 -9999
3 1 20933 11 492 2 1 2 3 2 2 2 2 4 7 1 1 3 5 1 3 3 1 1 17 1 2 1 1 2 13 6 2 1 1 2 4 7 108 3 2 12 2 1 33 4 2 1 1 1 1 349 2 2 56 1 1 18 17 14 5 2 -9999 -9999 -9999 -9999 -9999 -9999 -9999 -9999 -9999 -9999 -9999 -9999 -9999 -9999 -9999 -9999 -9999 -9999 -9999 -9999 -9999 -9999 -9999 -9999 -9999 -9999 -9999 -9999 -9999 -9999 -9999 -9999 -9999 -9999
2 1 1 20975 506 1 2 1 6 56 53 50 47 39 38 1 5 12 6 4 1 4 3 1 18 1 4 1 1 1 17 9 2 2 1 1 1 2 11 115 1 13 3 38 3 1 1 1 1 1 1 1 412 57 2 2 6 5 3 2 13 2 -9999 -9999 -9999 -9999 -9999 -9999 -9999 -9999 -9999 -9999 -9999 -9999 -9999 -9999 -9999 -9999 -9999 -9999 -9999 -9999 -9999 -9999 -9999 -9999 -9999 -9999 -9999 -9999 -9999 -9999 -9999 -9999 -9999 -9999
1 2 40 10 21006 21515 21519 1 63 1 1 1 1 1 1 27 20 5 4 3 1 1 11 13 20 1 6 1 2 1 1 33 3 1 2 1 1 1 1 128 1 1 57 2 1 1 1 1 4 1 1 1 438 23 12 9 2 1 1 2 1 12 1 -9999 -9999 -9999 -9999 -9999 -9999 -9999 -9999 -9999 -9999 -9999 -9999 -9999 -9999 -9999 -9999 -9999 -9999 -9999 -9999 -9999 -9999 -9999 -9999 -9999 -9999 -9999 -9999 -9999 -9999 -9999 -9999 -9999
7 37 9 8 12 1 2 21523 1 66 3 2 1 1 1 1 1 1 1 1 1 1 2 1 35 10 2 1 3 1 2 35 1 1 4 3 1 1 1 2 130 59 4 2 1 1 2 1 7 1 1 442 1 2 8 4 3 2 1 1 1 2 8 -9999 -9999 -9999 -9999 -9999 -9999 -9999 -9999 -9999 -9999 -9999 -9999 -9999 -9999 -9999 -9999 -9999 -9999 -9999 -9999 -9999 -9999 -9999 -9999 -9999 -9999 -9999 -9999 -9999 -9999 -9999 -9999 -9999
29 8 4 3 11 1 1 2 21524 1 71 3 2 3 14 13 12 11 9 4 1 1 1 1 46 1 1 2 1 5 38 1 1 1 2 12 3 1 1 2 192 6 1 1 1 1 2 11 1 1 447 2 1 1 1 2 1 3 2 1 1 1 5 -9999 -9999 -9999 -9999 -9999 -9999 -9999 -9999 -9999 -9999 -9999 -9999 -9999 -9999 -9999 -9999 -9999 -9999 -9999 -9999 -9999 -9999 -9999 -9999 -9999 -9999 -9999 -9999 -9999 -9999 -9999 -9999 -9999
1 6 3 2 8 2 1 12 21539 1 1 75 6 15 1 1 1 1 1 1 1 1 3 6 54 2 1 1 4 1 45 1 2 4 1 14 1 1 1 2 204 1 1 1 2 2 1 15 1 451 2 1 1 1 1 1 4 1 2 3 1 1 1 3 -9999 -9999 -9999 -9999 -9999 -9999 -9999 -9999 -9999 -9999 -9999 -9999 -9999 -9999 -9999 -9999 -9999 -9999 -9999 -9999 -9999 -9999 -9999 -9999 -9999 -9999 -9999 -9999 -9999 -9999 -9999 -9999
3 2 2 1 7 1 10 2 9 21549 3 1 76 98 5 2 1 1 1 1 1 1 2 4 6 64 1 1 6 2 1 47 3 5 16 1 1 2 1 1 206 5 3 1 1 5 2 477 461 2 1 1 2 3 2 1 6 10 7 3 2 1 1 1 1 -9999 -9999 -9999 -9999 -9999 -9999 -9999 -9999 -9999 -9999 -9999 -9999 -9999 -9999 -9999 -9999 -9999 -9999 -9999 -9999 -9999 -9999 -9999 -9999 -9999 -9999 -9999 -9999 -9999 -9999 -9999
2 1 1 2 6 9 1 3 6 1 21558 1 1 1 109 5 4 1 2 3 1 1 1 1 1 2 69 1 1 9 2 1039 988 985 975 948 945 4 1 1 213 1 1 1 1 2 485 1 1 6 5 4 4 1 3 26 18 7 6 5 4 2 2 1 1 2 -9999 -9999 -9999 -9999 -9999 -9999 -9999 -9999 -9999 -9999 -9999 -9999 -9999 -9999 -9999 -9999 -9999 -9999 -9999 -9999 -9999 -9999 -9999 -9999 -9999 -9999 -9999 -9999 -9999 -9999
1 1 1 1 2 8 2 1 1 3 1 21561 3 1 110 2 1 1 6 1 3 1 1 1 1 1 2 71 2 1054 1042 1 2 4 10 1 2 937 932 929 699 2 1 2 2 3 489 2 1 1 1 1 5 2 70 40 39 38 37 34 32 5 2 2 3 2 1 1 -9999 -9999 -9999 -9999 -9999 -9999 -9999 -9999 -9999 -9999 -9999 -9999 -9999 -9999 -9999 -9999 -9999 -9999 -9999 -9999 -9999 -9999 -9999 -9999 -9999 -9999 -9999 -9999
16 1 1 1 2 5 1 1 2 1 2 3 21575 5 111 3 1 8 1 8 3 1 1 4 1 1 2 3 1129 1 1 1 1 3 9 1 1 4 1 13 2 696 694 665 662 658 154 137 134 132 2 2 86 78 7 6 3 2 2 1 2 24 16 7 3 1 2 2 2 -9999 -9999 -9999 -9999 -9999 -9999 -9999 -9999 -9999 -9999 -9999 -9999 -9999 -9999 -9999 -9999 -9999 -9999 -9999 -9999 -9999 -9999 -9999 -9999 -9999 -9999 -9999
6 8 1 1 3 1 2 4 5 7 9 10 23 21604 115 1 10 2 12 3 2 1 1 7 2 1 1 3 1133 4 2 1 1 2 1 6 2 1 1 11 1 1 26 1 1 2 9 16 1 1 128 112 18 7 2 1 2 1 1 1 1 4 3 6 3 1 3 3 1 4 -9999 -9999 -9999 -9999 -9999 -9999 -9999 -9999 -9999 -9999 -9999 -9999 -9999 -9999 -9999 -9999 -9999 -9999 -9999 -9999 -9999 -9999 -9999 -9999 -9999 -9999
3 4 1 1 1 1 1 1 1 1 20 22 4 5 21610 117 13 15 2 1 1 1 1 9 4 1 1 5 1142 4 3 2 1 1 1 1 4 1 1 8 1 1 2 22 1 1 1 7 15 1 3 10 7 10 4 3 2 1 1 1 2 1 2 1 1 1 4 4 2 5 2 -9999 -9999 -9999 -9999 -9999 -9999 -9999 -9999 -9999 -9999 -9999 -9999 -9999 -9999 -9999 -9999 -9999 -9999 -9999 -9999 -9999 -9999 -9999 -9999 -9999
1 1 2 1 1 2 1 2 15 19 1 3 1 17 18 21642 146 1 1 1 3 1 1 10 5 2 1 1149 8 7 6 5 3 1 2 1 2 1 1 4 2 1 7 10 3 2 4 2 10 3 2 3 6 6 9 8 6 2 2 2 1 1 1 1 1 2 5 5 3 6 3 2 -9999 -9999 -9999 -9999 -9999 -9999 -9999 -9999 -9999 -9999 -9999 -9999 -9999 -9999 -9999 -9999 -9999 -9999 -9999 -9999 -9999 -9999 -9999 -9999
1 1 1 1 1 1 5 10 1 3 1 1 15 2 13 1 21790 2 2 6 1 2 12 1 6 3 1151 10 1 13 12 11 9 6 3 1 1 1 2 1 1 2 4 4 5 1 3 1 9 2 1 2 2 3 5 1 1 3 3 1 1 1 1 1 2 4 6 6 4 7 4 3 -9999 -9999 -9999 -9999 -9999 -9999 -9999 -9999 -9999 -9999 -9999 -9999 -9999 -9999 -9999 -9999 -9999 -9999 -9999 -9999 -9999 -9999 -9999 -9999
1 3 3 3 1 1 1 3 1 1 1 14 1 1 10 1 2 21801 5 7 1 3 13 2 1 1161 11 1 14 3 2 1 1 2 1 1 1 1 2 3 1 1 3 3 2 2 2 1 6 1 1 1 1 2 2 1 1 1 7 2 1 1 4 1 1 3 11 7 5 8 5 4 3 -9999 -9999 -9999 -9999 -9999 -9999 -9999 -9999 -9999 -9999 -9999 -9999 -9999 -9999 -9999 -9999 -9999 -9999 -9999 -9999 -9999 -9999 -9999
1 1 5 8 1 1 1 1 2 3 10 2 1 2 6 2 8 1 21803 21829 21838 4 14 5 1 1173 2 15 7 3 2 1 2 1 1 1 2 1 6 1 1 1 1 2 1 1 1 1 1 3 1 1 1 1 1 1 3 9 1 1 2 2 6 2 1 1 4 19 6 9 6 5 1 -9999 -9999 -9999 -9999 -9999 -9999 -9999 -9999 -9999 -9999 -9999 -9999 -9999 -9999 -9999 -9999 -9999 -9999 -9999 -9999 -9999 -9999 -9999
1 1 1 8 11 1 1 1 1 4 2 1 2 5 1 2 5 19 20 1 2 21841 21861 7 1 1176 16 8 2 1 1 3 2 1 1 3 4 1 8 1 1 1 1 1 1 1 1 1 1 1 1 4 1 1 1 2 14 3 2 1 3 3 7 4 2 1 1 5 26 10 7 6 1 7 -9999 -9999 -9999 -9999 -9999 -9999 -9999 -9999 -9999 -9999 -9999 -9999 -9999 -9999 -9999 -9999 -9999 -9999 -9999 -9999 -9999 -9999
6 1 1 1 22 3 1 1 1 1 1 1 1 1 1 1 1 18 7 8 9 1 1 21870 1177 17 9 3 13 12 10 6 3 2 1 1 8 2 11 1 2 4 1 1 1 3 3 1 1 1 1 8 3 1 1 1 21 1 1 1 5 4 8 10 3 1 1 7 8 45 8 7 1 9 1 -9999 -9999 -9999 -9999 -9999 -9999 -9999 -9999 -9999 -9999 -9999 -9999 -9999 -9999 -9999 -9999 -9999 -9999 -9999 -9999 -9999
10 1 1 1 1 28 1 2 2 1 1 2 1 6 8 10 17 5 1 2 3 13 1 2 23065 10 4 14 1 1 1 2 1 1 2 1 2 22 1 1 7 2 1 1 3 4 5 1 2 2 1 13 1 1 1 2 25 2 2 1 1 37 27 5 4 3 1 1 2 1 47 64 66 69 11 1 2 -9999 -9999 -9999 -9999 -9999 -9999 -9999 -9999 -9999 -9999 -9999 -9999 -9999 -9999 -9999 -9999 -9999 -9999 -9999
1 13 1 1 1 2 32 4 1 1 1 1 4 1 1 2 4 4 1 1 2 15 29 1 23100 15 15 2 2 2 3 1 2 5 2 1 1 26 1 2 10 1 1 2 4 1 11 1 1 5 2 15 1 1 3 28 1 1 4 1 39 1 1 3 2 1 1 1 1 3 1 1 1 1 72 87 1 1 1 -9999 -9999 -9999 -9999 -9999 -9999 -9999 -9999 -9999 -9999 -9999 -9999 -9999 -9999 -9999 -9999 -9999
1 17 2 1 1 1 41 1 2 1 2 1 1 2 1 1 2 3 1 3 10 2 1 31 1 23132 1 3 3 8 2 3 7 1 1 2 1 29 1 3 12 3 1 1 9 1 12 2 1 7 18 1 1 2 4 151 2 1 73 68 65 3 1 4 3 2 1 1 2 5 1 1 1 1 2 91 3 1 2 1 -9999 -9999 -9999 -9999 -9999 -9999 -9999 -9999 -9999 -9999 -9999 -9999 -9999 -9999 -9999 -9999
8 28 4 2 1 1 43 3 1 2 4 1 1 2 5 1 1 1 1 2 4 1 2 3 4 9 23137 1 4 23 14 10 2 1 2 3 1 31 2 4 16 1 1 1 10 2 13 3 2 26 1 1 167 164 155 1 119 117 1 1 1 20 13 5 4 2 1 2 8 1 1 3 6 1 1 1 105 7 1 1 2 2 -9999 -9999 -9999 -9999 -9999 -9999 -9999 -9999 -9999 -9999 -9999 -9999 -9999 -9999
2 1 36 3 2 1 1 47 1 8 2 1 1 1 1 6 1 1 1 1 2 1 1 3 4 1 23159 23161 28 1 1 2 1 1 6 2 1 32 3 5 18 1 2 12 1 3 14 4 29 1 203 201 31 2 1 1 1 3 38 24 1 1 4 3 1 1 2 3 10 1 1 1 1 8 10 12 1 107 9 1 2 5 -9999 -9999 -9999 -9999 -9999 -9999 -9999 -9999 -9999 -9999 -9999 -9999 -9999 -9999
1 2 1 39 46 1 1 51 1 1 12 1 3 1 1 8 1 3 1 1 2 3 1 1 9 11 1 1 23191 3 6 3 2 1 9 1 2 33 4 6 20 3 13 1 2 4 19 1 247 216 12 1 1 30 1 1 1 1 10 3 23 1 1 1 1 1 2 6 12 2 2 1 1 1 1 1 2 3 120 1 2 8 2 -9999 -9999 -9999 -9999 -9999 -9999 -9999 -9999 -9999 -9999 -9999 -9999 -9999
2 1 1 1 2 49 1 52 1 1 15 1 1 6 1 1 9 16 1 1 1 2 6 7 1 3 1 3 1 23201 1 2 1 11 2 3 1 34 5 27 4 17 3 1 1 27 258 256 5 4 3 10 8 1 29 2 1 1 1 7 2 22 1 1 1 1 2 5 21 1 4 2 1 1 1 1 2 3 4 122 1 3 11 -9999 -9999 -9999 -9999 -9999 -9999 -9999 -9999 -9999 -9999 -9999 -9999 -9999
3 2 1 1 2 5 103 1 1 3 16 2 2 7 3 1 1 18 1 1 1 3 4 1 2 1 6 7 14 23203 1 15 12 3 4 2 1 35 6 28 23 1 1 1 1 302 16 12 3 2 2 1 2 4 1 24 7 3 1 6 1 1 19 4 1 1 3 7 13 40 3 2 1 1 3 1 1 2 3 8 131 136 12 3 -9999 -9999 -9999 -9999 -9999 -9999 -9999 -9999 -9999 -9999 -9999 -9999
13 4 1 1 1 1 110 1 2 5 17 3 3 8 5 1 1 1 21 1 1 1 3 8 1 1 1 2 1 23219 16 5 4 5 3 2 1 36 35 24 3 2 1 2 304 2 1 3 11 1 1 1 1 2 1 14 2 3 1 3 2 1 5 7 1 1 3 7 11 21 67 2 2 1 1 4 6 8 9 10 1 2 139 16 1 2 1 -9999 -9999 -9999 -9999 -9999 -9999 -9999 -9999 -9999
1 14 6 1 2 2 3 112 1 204 215 234 241 9 6 3 1 1 24 1 1 1 1 3 12 2 1 2 3 23237 1 6 6 4 42 39 37 1 60 4 1 1 2 323 16 13 6 3 2 9 7 2 1 1 1 7 5 1 2 2 1 3 1 2 4 2 6 3 5 4 5 85 88 3 1 1 1 1 2 3 14 1 1 162 180 185 1 1 2 1 20 -9999 -9999 -9999 -9999 -9999
3 2 21 1 2 5 6 10 200 4 1 1 2 246 262 4 2 2 26 2 1 1 1 2 3 16 19 20 21 23263 1 1 62 45 2 1 1 2 400 335 333 331 328 4 3 1 6 2 2 1 1 4 1 1 1 2 3 4 2 1 1 2 1 3 1 5 2 4 3 4 9 1 5 94 100 1 1 1 1 3 4 19 21 1 1 2 189 1 2 3 1 21 2 3 5 7
1 5 24 1 2 1 2 75 2 2 1 1 2 3 5 277 3 3 27 4 2 1 1 1 2 3 11 13 14 23280 2 64 7 4 3 2 1 403 4 3 2 1 4 3 2 1 3 2 1 1 1 1 2 1 1 1 1 1 1 1 1 1 2 2 4 1 3 2 3 3 5 2 2 1 2 102 3 1 1 1 2 4 6 7 8 1 2 191 1 3 4 2 22 1 1 1
1 1 7 26 1 43 55 16 1 1 1 1 2 1 5 7 287 296 324 5 3 2 1 1 2 7 1 1 2 1 23283 73 1 2 1 1 405 6 1 1 18 8 3 2 1 1 1 1 1 4 2 1 2 2 1 2 1 1 1 1 1 1 1 1 1 2 1 2 2 4 1 1 1 2 5 8 112 5 1 1 1 1 1 2 3 20 21 24 216 5 1 5 3 23 1 1
2 2 1 9 39 5 6 1 14 1 1 1 2 4 5 1 2 2 1 326 335 3 2 3 4 1 2 3 4 5 23290 75 1 1 1 520 113 93 92 90 70 9 5 4 3 1 1 1 6 1 2 1 3 3 5 1 1 2 3 2 2 1 1 1 1 1 1 1 1 2 2 3 4 1 1 1 1 138 2 1 2 3 4 5 8 2 3 1 1 226 7 1 6 4 273 277
2 3 3 2 1 4 4 1 12 3 1 1 1 1 3 1 1 1 5 12 15 351 4 1 1 2 3 4 5 6 23372 2 1 3 565 44 1 13 12 9 1 69 3 2 1 1 2 12 4 3 1 2 14 7 1 1 2 1 8 1 4 1 3 1 1 3 1 1 1 1 1 2 4 9 1 17 19 2 141 4 1 1 1 2 1 1 2 6 8 1 228 236 244 245 2 2
2 9 1 1 1 3 2 1 1 7 1 1 1 1 1 1 2 3 6 2 5 7 359 364 366 1 2 3 4 5 7 23375 4 575 9 8 42 1 1 1 8 1 68 2 1 1 15 1 1 1 4 16 1 1 1 1 5 1 9 8 2 1 5 2 1 4 3 1 1 1 1 1 1 3 15 1 1 1 2 148 154 3 1 1 1 1 1 1 2 3 1 1 1 1 1 1
4 12 1 1 1 1 1 1 1 3 1 1 3 1 1 1 2 5 1 3 1 1 1 2 3 370 371 372 1 1 1 23384 5 577 1 2 5 40 1 1 1 5 1 65 63 57 47 31 26 25 18 1 2 1 2 2 1 29 12 3 1 1 12 2 1 5 5 1 2 1 3 1 1 1 1 1 2 3 4 1 1 163 167 2 2 4 1 1 1 1 4 3 2 1 1 1
19 1 1 3 9 7 2 1 1 1 1 2 7 2 1 2 1 1 1 1 1 1 96 99 104 105 1 2 375 377 1 2 23385 23969 1 1 1 3 38 1 1 1 2 1 1 3 9 1 2 1 1 3 1 1 6 1 32 1 1 1 1 1 14 1 1 2 12 3 1 1 6 1 1 1 1 1 1 2 4 6 7 1 1 169 172 7 3 1 1 2 2 10 3 2 2 2
2 1 1 16 2 1 4 3 1 1 2 3 1 11 1 4 1 1 1 1 1 94 2 4 2 3 106 1 2 123 502 505 1 23973 2 1 1 1 1 34 4 2 1 1 1 1 3 4 1 1 1 6 1 3 7 35 1 1 1 1 1 3 15 1 2 1 25 1 2 2 8 2 1 2 3 1 1 1 1 1 2 4 7 1 1 181 4 2 2 3 1 2 16 1 1 5
1 1 18 14 1 1 1 1 1 1 3 4 8 1 31 32 6 1 2 4 87 4 1 3 1 2 12 119 120 1 1 14 520 23976 2 1 1 1 1 1 27 2 1 1 1 1 1 1 1 1 1 1 9 55 36 2 1 2 2 2 1 20 1 2 3 28 1 6 3 1 1 12 1 3 5 1 2 1 1 1 1 1 1 9 11 197 1 1 8 1 1 1 19 3 1 1
1 20 18 1 12 8 4 2 1 1 1 2 3 17 2 3 43 2 1 80 1 2 1 2 1 1 6 1 2 3 12 117 24614 2 1 1 3 1 1 1 1 22 2 2 1 1 1 1 1 1 2 2 67 1 8 1 1 1 5 4 1 21 2 3 33 1 1 1 1 1 2 16 1 1 9 2 4 2 1 1 2 1 1 1 2 4 199 1 2 10 2 2 1 23 2 2
2 40 1 2 1 2 2 1 1 1 1 1 4 1 1 1 1 71 75 2 1 1 1 1 2 3 1 6 7 8 116 1 1 24617 17 16 4 2 2 1 1 3 15 2 2 3 1 1 3 2 1 72 1 1 1 3 2 1 7 6 1 1 27 34 2 1 3 1 1 2 22 2 1 1 3 19 3 2 1 1 4 1 2 4 1 1 205 4 1 1 18 4 1 1 26 12
42 1 1 1 2 1 1 1 1 5 1 1 1 1 1 2 9 15 2 1 1 1 1 1 2 4 5 1 2 115 1 2 2 24637 1 1 6 5 2 1 1 1 1 9 4 1 1 2 1 6 1 75 1 1 1 1 1 1 3 15 2 28 1 38 1 1 4 1 3 28 3 1 1 1 1 21 8 2 1 1 7 1 1 1 5 1 207 6 1 1 20 1 1 2 28 13
17 16 8 6 3 2 1 1 3 6 1 1 1 2 5 6 1 14 1 1 1 3 1 2 1 1 1 1 112 1 2 3 3 24640 1 1 5 4 2 1 1 1 1 1 2 1 3 3 2 10 1 1 78 2 1 3 1 1 1 20 74 2 39 1 1 2 6 1 34 2 1 1 1 2 2 30 1 1 1 2 13 1 1 3 6 1 2 215 1 1 22 1 1 2 5 42
3 2 6 3 2 1 1 1 5 9 1 1 2 1 1 3 4 5 2 1 1 2 9 14 15 17 19 21 89 1 2 3 4 24644 2 9 2 1 1 1 2 1 5 1 1 1 1 8 10 11 24 105 3 1 7 2 1 2 1 95 1 41 1 3 1 9 1 37 1 1 1 1 1 2 5 31 5 2 1 1 1 17 1 1 10 1 1 218 1 25 2 1 1 2 1 6
5 1 1 2 1 1 1 2 16 2 1 1 5 1 1 1 2 1 1 1 1 2 1 1 1 1 1 86 1 1 2 3 4 24649 1 12 2 1 1 2 3 9 2 1 3 1 1 1 1 1 1 1 121 10 1 1 1 4 99 2 1 1 1 5 1 54 40 2 1 1 2 3 2 1 8 37 1 1 2 1 1 2 20 1 11 3 1 1 220 28 1 2 2 4 1 1
