data/case_study_iwrn/geo/gridded/shebele.dem.txt
ncols        763
nrows        553
xllcorner    38.675613235556
yllcorner    4.620037453540
cellsize     0.008993216100
NODATA_value  -9999.00
[rows 224 to 255 of 553, columns 576 to 647 of 763]
911.16 910.13 899.27 894.73 899.13 900.94 904.05 924.44 954.18 953.53 963.40 992.66 1013.03 1016.87 999.84 968.71 988.18 978.58 952.99 949.57 954.23 971.61 997.77 1019.74 1046.32 1048.61 1045.45 1064.48 1071.47 1068.59 1056.99 1051.00 1051.98 1052.30 1041.79 1026.68 1024.01 1030.42 1040.30 1052.24 1050.94 1052.98 1058.45 1044.82 1029.39 1029.97 1048.18 1062.09 -9999 -9999 -9999 -9999 -9999 -9999 -9999 -9999 -9999 -9999 -9999 -9999 -9999 -9999 -9999 -9999 -9999 -9999 -9999 -9999 -9999 -9999 -9999 -9999
925.38 928.03 914.76 902.64 918.10 926.18 924.00 922.30 931.62 937.62 944.24 962.84 972.76 985.13 992.71 965.56 943.10 969.18 952.65 937.62 978.96 982.23 985.86 1003.40 1018.56 1027.94 1020.96 1044.96 1050.60 1066.10 1058.49 1043.94 1040.97 1040.49 1037.04 1026.95 1016.10 1018.89 1027.50 1032.71 1036.72 1041.90 1042.68 1041.80 1025.32 1018.74 1032.83 1047.40 1062.13 -9999 -9999 -9999 -9999 -9999 -9999 -9999 -9999 -9999 -9999 -9999 -9999 -9999 -9999 -9999 -9999 -9999 -9999 -9999 -9999 -9999 -9999 -9999
910.06 929.38 929.68 917.92 920.12 935.82 947.55 939.63 924.32 914.81 925.27 932.50 936.40 943.76 961.48 983.28 956.56 917.19 938.31 928.38 974.04 1010.82 1002.89 996.20 987.53 992.23 1013.16 1036.40 1040.22 1057.30 1066.42 1053.91 1039.85 1033.80 1028.03 1023.16 1009.89 1012.46 1016.09 1014.19 1022.84 1022.28 1026.83 1034.57 1016.13 1009.00 1015.64 1028.51 1048.02 1054.24 1053.94 -9999 -9999 -9999 -9999 -9999 -9999 -9999 -9999 -9999 -9999 -9999 -9999 -9999 -9999 -9999 -9999 -9999 -9999 -9999 -9999 -9999
904.27 907.08 924.55 926.85 929.55 937.85 945.26 941.07 930.36 908.72 897.76 900.53 913.66 917.14 930.26 960.65 956.65 917.24 903.16 925.18 976.02 991.84 990.78 995.04 975.04 970.75 985.00 1005.63 1030.59 1054.30 1066.44 1058.09 1040.14 1026.43 1020.44 1013.62 1003.14 1008.91 1008.41 1006.08 1007.90 1002.31 1014.48 1022.59 1011.35 997.37 1010.91 1025.26 1032.39 1033.43 1038.79 1036.33 1039.24 -9999 -9999 -9999 -9999 -9999 -9999 -9999 -9999 -9999 -9999 -9999 -9999 -9999 -9999 -9999 -9999 -9999 -9999 -9999
880.31 898.94 902.87 904.77 907.91 935.76 934.16 939.78 928.52 912.53 891.96 884.07 893.62 888.41 897.94 915.69 903.88 896.49 908.61 916.39 942.36 954.44 962.06 999.15 988.45 956.08 981.45 1000.74 1031.02 1052.80 1050.73 1040.97 1039.73 1020.87 1022.60 1008.41 998.77 1007.01 1005.47 992.24 988.58 990.51 1000.97 1011.62 997.80 999.18 1021.30 1021.24 1015.53 1015.42 1024.76 1020.55 1022.77 -9999 -9999 -9999 -9999 -9999 -9999 -9999 -9999 -9999 -9999 -9999 -9999 -9999 -9999 -9999 -9999 -9999 -9999 -9999
890.92 905.22 874.67 872.54 900.20 922.83 918.14 929.71 941.50 918.23 911.87 887.55 870.36 869.70 872.01 879.51 873.24 885.05 937.12 948.31 923.85 915.68 930.09 976.91 968.76 971.67 983.01 987.08 998.61 1025.08 1034.04 1031.90 1019.36 1031.49 1033.93 1012.83 998.58 1008.92 1005.71 987.38 977.44 977.91 994.81 1000.34 990.28 998.47 1018.86 998.35 999.15 999.94 1011.38 1008.64 1005.17 1019.49 -9999 -9999 -9999 -9999 -9999 -9999 -9999 -9999 -9999 -9999 -9999 -9999 -9999 -9999 -9999 -9999 -9999 -9999
851.05 886.93 885.10 844.72 892.22 907.90 912.60 915.54 933.58 918.31 902.61 908.08 884.27 863.18 853.34 856.38 864.21 898.08 917.15 926.82 926.49 895.16 906.03 932.56 940.56 992.97 993.59 975.02 976.61 994.01 1015.29 1010.79 1012.22 1040.14 1036.36 1010.77 1009.52 1012.34 1007.48 995.03 973.84 966.31 972.56 986.80 975.85 994.56 1011.17 985.38 983.59 994.41 1000.35 990.90 989.82 1003.73 -9999 -9999 -9999 -9999 -9999 -9999 -9999 -9999 -9999 -9999 -9999 -9999 -9999 -9999 -9999 -9999 -9999 -9999
837.37 873.53 852.23 840.83 860.16 871.02 883.90 903.11 893.38 890.97 888.80 890.57 895.63 877.59 851.39 845.67 864.84 880.15 884.53 893.08 897.30 903.55 918.85 913.43 932.50 954.10 975.48 978.38 959.49 968.50 993.20 996.53 1014.50 1022.25 1015.75 999.40 1002.23 1002.20 999.03 994.38 981.41 965.31 956.10 959.79 968.64 990.42 998.36 983.83 989.29 991.47 986.35 975.60 980.92 992.85 -9999 -9999 -9999 -9999 -9999 -9999 -9999 -9999 -9999 -9999 -9999 -9999 -9999 -9999 -9999 -9999 -9999 -9999
867.07 827.42 812.06 819.78 830.53 833.12 863.14 890.97 872.12 859.57 865.02 863.30 874.72 881.04 871.82 846.66 840.24 855.66 856.02 869.21 895.70 908.68 931.16 948.07 927.42 928.32 946.58 968.49 953.23 948.18 964.45 974.42 993.72 1008.56 994.67 977.23 981.86 1002.91 999.50 986.92 980.62 970.61 960.13 951.92 955.06 963.02 973.72 968.58 982.00 982.03 977.39 966.68 979.82 995.22 1004.26 -9999 -9999 -9999 -9999 -9999 -9999 -9999 -9999 -9999 -9999 -9999 -9999 -9999 -9999 -9999 -9999 -9999
845.85 856.10 800.73 791.48 807.10 840.26 860.18 843.18 848.29 849.15 840.00 842.96 848.60 856.09 866.29 847.73 828.54 839.89 853.73 864.83 885.61 908.48 934.03 950.25 923.62 933.12 939.60 942.86 944.47 940.19 948.16 958.57 981.64 981.65 974.75 968.16 988.39 999.65 991.26 981.07 977.96 971.62 964.00 949.20 943.25 941.60 951.76 957.36 969.89 979.16 967.25 970.84 982.86 994.39 994.23 995.84 -9999 -9999 -9999 -9999 -9999 -9999 -9999 -9999 -9999 -9999 -9999 -9999 -9999 -9999 -9999 -9999
882.84 852.97 792.28 784.17 799.36 821.08 823.35 822.73 821.36 827.70 838.34 820.51 824.13 835.56 855.87 827.09 836.86 860.63 856.95 863.97 882.03 907.84 926.57 924.14 933.22 949.48 946.30 952.08 932.38 931.52 939.53 949.49 954.37 956.19 966.25 977.27 987.55 987.39 974.36 986.93 991.78 983.74 964.17 948.49 937.34 932.68 934.38 946.49 960.45 957.50 952.40 968.98 978.19 985.38 982.24 -9999 -9999 -9999 -9999 -9999 -9999 -9999 -9999 -9999 -9999 -9999 -9999 -9999 -9999 -9999 -9999 -9999
818.26 835.43 780.72 796.72 790.45 785.34 789.89 800.28 814.76 802.80 812.58 808.83 825.27 812.05 821.10 814.48 846.94 858.84 842.28 859.21 888.82 901.41 901.61 903.32 914.79 922.66 938.90 953.74 934.11 925.34 934.24 942.53 941.44 947.14 950.63 966.78 979.03 970.89 985.36 989.69 1002.59 1005.27 987.21 968.43 943.67 930.65 926.93 928.69 938.76 945.10 952.23 958.68 961.94 971.63 974.38 -9999 -9999 -9999 -9999 -9999 -9999 -9999 -9999 -9999 -9999 -9999 -9999 -9999 -9999 -9999 -9999 -9999
790.90 818.39 768.44 805.46 809.66 778.98 769.14 778.03 795.89 795.52 784.54 796.50 809.98 796.24 804.66 817.80 818.94 828.43 839.40 856.64 871.44 880.56 876.27 886.27 891.76 898.24 910.31 916.04 919.41 924.81 937.73 948.37 935.97 931.07 933.82 959.72 964.70 964.16 970.97 985.41 990.31 1001.32 998.08 993.46 978.24 946.67 919.77 917.07 920.26 932.85 942.41 949.61 963.89 969.22 981.38 -9999 -9999 -9999 -9999 -9999 -9999 -9999 -9999 -9999 -9999 -9999 -9999 -9999 -9999 -9999 -9999 -9999
760.74 804.57 762.84 783.85 821.12 794.31 772.05 757.86 761.54 767.39 775.26 779.76 785.21 794.48 801.61 828.67 850.27 846.27 857.47 848.81 848.74 858.11 865.39 890.82 920.24 928.13 909.05 913.04 927.72 949.97 953.02 950.80 947.06 926.61 922.13 939.28 947.81 945.59 963.76 973.86 973.75 994.40 994.88 984.11 993.71 977.44 935.15 910.66 914.71 923.15 935.63 948.63 962.00 967.64 978.85 984.18 -9999 -9999 -9999 -9999 -9999 -9999 -9999 -9999 -9999 -9999 -9999 -9999 -9999 -9999 -9999 -9999
727.84 763.65 756.30 753.99 806.81 821.11 787.85 754.60 754.39 762.00 770.21 779.65 792.26 811.44 811.66 823.51 859.59 875.11 878.04 867.79 865.85 865.16 878.81 889.33 923.86 938.33 944.54 932.26 936.44 958.35 972.80 946.04 932.08 928.26 913.06 922.40 925.65 940.10 952.47 958.29 975.51 986.04 979.37 966.59 979.45 983.17 959.70 912.63 907.49 915.64 929.66 938.57 953.12 964.81 967.31 971.33 975.32 972.53 -9999 -9999 -9999 -9999 -9999 -9999 -9999 -9999 -9999 -9999 -9999 -9999 -9999 -9999
719.05 731.29 740.89 751.49 791.35 773.09 768.70 752.63 753.20 760.20 765.34 770.38 777.50 799.54 820.94 854.03 859.95 890.02 878.36 892.62 905.71 889.86 893.33 894.01 907.94 920.03 949.30 948.13 943.47 955.85 966.77 956.62 932.63 916.16 915.50 908.90 913.30 927.10 948.10 965.63 976.00 968.04 967.09 949.12 965.45 971.81 955.58 920.85 901.23 909.02 937.35 937.34 944.11 952.40 955.08 960.72 964.56 964.84 967.47 -9999 -9999 -9999 -9999 -9999 -9999 -9999 -9999 -9999 -9999 -9999 -9999 -9999
718.92 723.30 726.90 730.64 740.93 753.21 738.57 741.18 747.00 753.14 763.41 768.42 775.18 783.47 794.93 826.03 857.09 883.26 899.95 906.46 918.37 915.90 900.78 914.02 932.83 931.78 944.19 951.67 945.45 942.53 949.97 941.63 933.81 917.25 904.86 901.30 904.49 918.07 933.52 958.19 962.80 951.18 951.95 944.55 951.17 953.86 945.73 918.13 899.22 900.83 927.97 953.37 945.56 944.91 946.14 952.70 954.98 956.61 963.13 973.73 -9999 -9999 -9999 -9999 -9999 -9999 -9999 -9999 -9999 -9999 -9999 -9999
717.77 718.05 718.94 717.55 723.68 738.14 731.25 735.13 751.23 760.21 787.67 785.05 784.96 803.98 803.41 806.70 823.13 856.49 899.40 915.93 923.39 925.82 910.70 915.71 932.19 933.97 940.04 947.18 949.58 927.85 940.69 938.91 928.06 918.30 902.82 891.85 888.39 898.13 924.12 948.59 944.61 933.75 941.09 925.41 925.90 944.78 933.87 913.80 916.30 900.95 909.38 941.21 952.31 942.27 943.79 948.26 948.13 951.26 960.92 972.21 985.57 -9999 -9999 -9999 -9999 -9999 -9999 -9999 -9999 -9999 -9999 -9999
715.83 715.84 715.03 714.09 718.14 723.17 723.79 734.15 780.02 786.44 815.28 808.85 804.39 813.51 825.26 818.08 834.46 841.13 876.01 900.39 914.43 917.33 926.06 917.76 914.73 908.43 917.43 938.70 937.75 920.45 922.93 921.52 927.99 923.03 920.63 905.22 885.11 879.62 896.61 930.25 925.75 913.22 932.67 928.77 910.86 918.89 908.24 909.14 928.92 917.54 903.13 918.33 932.18 933.50 945.77 946.19 941.65 948.36 958.72 969.67 988.08 -9999 -9999 -9999 -9999 -9999 -9999 -9999 -9999 -9999 -9999 -9999
713.59 713.09 712.89 712.52 714.61 717.62 719.61 722.32 738.71 773.02 833.99 816.77 804.29 774.88 786.49 791.56 839.93 864.23 847.43 855.78 878.23 895.98 911.02 894.33 880.99 891.64 912.63 918.49 924.54 904.25 908.25 903.46 915.18 921.32 914.79 907.68 880.43 871.54 872.62 898.24 913.71 900.08 914.38 918.88 898.44 897.24 927.49 931.40 926.57 938.69 911.51 904.46 919.82 940.62 937.77 934.08 936.15 946.21 956.19 967.46 982.29 -9999 -9999 -9999 -9999 -9999 -9999 -9999 -9999 -9999 -9999 -9999
717.84 714.59 710.57 710.68 711.75 713.63 714.88 714.59 716.65 727.01 738.00 748.03 759.88 759.29 759.66 777.77 805.73 815.46 827.77 848.24 853.40 859.41 881.62 889.92 855.82 893.16 901.28 909.08 919.36 896.56 870.68 880.08 901.89 913.90 919.62 900.47 876.48 864.95 862.05 867.24 877.90 878.49 885.97 903.45 883.30 895.56 920.48 934.43 936.38 948.46 934.25 905.32 905.68 922.60 930.05 933.93 939.54 945.81 957.21 975.50 985.38 1007.60 -9999 -9999 -9999 -9999 -9999 -9999 -9999 -9999 -9999 -9999
741.12 721.15 713.00 709.36 708.62 709.88 709.30 709.28 705.98 706.22 712.14 720.26 729.30 744.26 748.30 769.92 777.73 792.14 813.00 843.89 862.56 844.34 840.29 858.68 848.26 873.82 880.17 899.07 899.08 897.41 858.83 858.56 877.21 897.02 914.50 904.49 888.30 868.65 860.50 855.94 871.34 864.96 867.31 874.67 890.36 917.45 928.86 935.79 926.70 926.73 929.23 920.54 897.12 904.38 920.39 928.15 938.76 952.30 968.46 989.89 1004.83 1012.73 -9999 -9999 -9999 -9999 -9999 -9999 -9999 -9999 -9999 -9999
757.52 729.39 717.71 710.45 706.72 705.46 705.14 704.45 702.56 703.96 712.04 740.16 767.03 766.18 763.70 762.79 771.70 796.71 815.80 827.18 853.47 839.57 821.82 819.14 825.36 847.67 855.64 880.57 878.81 901.33 856.66 831.35 855.44 892.04 881.33 880.50 882.55 891.27 872.25 851.30 864.70 861.92 849.71 877.49 901.30 916.60 925.42 919.39 904.13 914.23 930.76 915.79 895.51 896.68 906.44 921.35 939.13 971.29 989.18 1010.47 1026.00 1017.52 1046.16 -9999 -9999 -9999 -9999 -9999 -9999 -9999 -9999 -9999
752.52 735.80 723.37 715.78 713.26 714.82 706.48 701.89 700.01 699.60 697.80 723.56 790.71 806.98 822.12 809.66 811.52 802.35 829.76 841.73 862.14 861.15 832.67 838.68 814.17 813.33 838.73 871.94 854.66 865.81 835.22 827.95 870.85 869.58 853.53 849.10 867.33 891.84 874.84 851.06 848.61 848.57 852.51 877.95 905.28 914.68 905.59 900.91 892.88 912.71 912.18 898.52 907.41 900.61 902.94 915.11 933.52 957.25 996.61 1033.72 1048.30 1031.71 1034.34 -9999 -9999 -9999 -9999 -9999 -9999 -9999 -9999 -9999
767.88 749.93 739.97 730.49 727.45 741.66 736.60 700.42 699.66 698.28 696.17 696.23 706.91 732.30 758.78 771.93 790.18 794.33 799.98 813.19 851.47 870.09 841.88 846.07 812.37 825.61 838.19 830.12 839.61 825.98 819.55 824.08 866.00 860.37 844.72 824.36 845.36 872.68 881.51 841.26 831.42 839.99 862.50 880.64 906.96 905.15 895.83 884.13 888.17 896.29 888.58 899.82 905.87 911.71 910.23 913.35 924.62 942.38 972.25 1020.11 1066.93 1060.65 1044.16 -9999 -9999 -9999 -9999 -9999 -9999 -9999 -9999 -9999
808.91 791.68 779.57 774.72 765.68 771.75 758.82 703.82 697.08 696.63 696.08 694.99 694.85 713.08 771.26 820.47 827.33 827.62 818.46 829.69 853.56 849.83 822.20 803.35 792.48 803.45 831.09 821.05 809.87 816.23 794.28 806.15 815.76 822.25 828.92 821.71 847.78 861.75 878.62 838.63 823.08 852.71 866.33 870.04 876.84 884.86 884.80 868.22 886.90 875.63 889.08 905.18 910.49 906.40 906.96 909.79 916.98 930.64 946.25 978.56 1052.86 1071.43 1061.82 1057.70 -9999 -9999 -9999 -9999 -9999 -9999 -9999 -9999
833.12 845.33 844.98 818.31 802.49 811.98 799.78 744.15 702.28 696.30 694.24 693.73 692.30 689.45 702.75 749.51 819.91 865.43 851.54 828.98 863.05 873.24 828.26 809.81 796.74 776.85 806.50 812.82 788.98 790.43 793.28 772.06 771.26 782.60 792.33 814.53 832.53 836.49 841.36 839.05 818.94 832.92 845.02 862.85 876.20 857.89 858.41 859.41 864.08 874.35 888.54 890.71 891.03 891.77 899.27 902.82 906.60 916.88 932.12 961.84 1007.99 1045.52 1066.28 1064.54 1067.79 -9999 -9999 -9999 -9999 -9999 -9999 -9999
883.67 929.83 972.87 896.04 814.42 821.17 832.68 812.38 732.22 718.22 689.96 691.08 691.45 690.73 689.24 700.34 735.17 802.93 813.05 802.20 841.30 845.78 834.58 830.57 826.96 778.10 764.73 779.51 784.80 762.61 759.29 759.38 765.42 768.75 775.62 781.23 786.15 801.59 817.17 818.48 811.20 829.96 857.32 863.48 870.67 847.97 843.53 863.38 867.03 871.25 875.26 877.83 882.69 889.10 888.80 892.17 901.75 914.10 928.35 946.54 970.54 1001.74 1040.28 1060.65 1060.36 1063.21 -9999 -9999 -9999 -9999 -9999 -9999
943.83 1026.17 1045.03 1001.06 900.70 858.39 848.11 872.49 801.30 750.12 708.63 687.88 688.03 689.44 688.18 688.57 724.94 754.65 746.22 774.35 788.59 810.79 828.50 820.94 852.36 815.21 763.35 749.39 744.69 741.88 756.64 779.91 789.15 788.08 793.22 812.55 806.63 797.25 796.52 800.87 806.05 817.54 836.87 837.82 839.95 835.39 833.68 849.73 867.84 869.63 876.33 877.29 876.72 879.93 880.30 889.53 902.10 916.87 930.56 949.53 959.00 974.31 1008.53 1042.08 1050.51 1055.12 1057.83 1056.41 -9999 -9999 -9999 -9999
949.27 997.92 1024.12 1059.00 993.77 905.68 959.50 916.45 830.03 787.81 724.24 692.84 687.73 686.73 686.29 685.89 695.84 710.52 721.92 728.57 761.15 818.00 804.78 777.31 807.41 793.03 757.00 738.71 729.34 749.62 775.41 799.90 822.41 806.52 808.12 848.41 839.80 829.57 822.70 810.98 810.65 809.58 813.67 819.85 821.25 824.74 830.09 837.44 848.28 854.70 860.79 862.82 865.05 870.50 878.56 891.71 909.71 936.74 973.97 1002.32 987.88 978.46 988.60 1013.07 1038.50 1047.35 1048.93 1048.75 1046.81 -9999 -9999 -9999
959.28 971.18 1023.56 1061.76 1025.86 1018.23 950.19 856.14 822.45 772.02 725.09 699.28 690.02 684.64 684.51 684.49 682.80 691.10 703.15 724.98 765.72 810.01 769.21 738.53 757.89 780.28 749.26 729.56 724.72 734.04 760.35 796.82 811.64 826.78 836.69 833.07 846.10 851.95 849.73 824.82 831.78 832.23 821.00 829.49 842.44 835.00 835.99 841.87 852.84 855.46 854.00 859.75 865.80 871.17 885.09 903.08 926.70 998.36 1038.64 1042.28 1032.97 1011.23 1000.93 1009.13 1032.88 1041.45 1041.67 1041.49 1039.88 1036.74 -9999 -9999
1016.08 1010.01 1036.70 1083.52 1075.68 1073.57 1036.58 945.10 872.21 813.11 756.11 712.06 697.11 685.42 683.08 682.42 681.55 683.02 699.80 759.04 765.39 791.74 770.89 726.47 730.67 751.44 735.22 718.22 717.67 734.15 751.45 781.31 828.74 837.00 845.59 844.30 852.85 857.12 853.86 838.08 842.41 848.98 833.20 829.68 848.62 857.94 858.19 852.00 854.29 859.37 860.78 864.68 871.34 877.02 891.07 911.75 940.86 1000.48 1013.48 1013.66 1032.04 1042.52 1032.64 1030.39 1034.51 1035.50 1034.98 1033.93 1033.13 1030.94 1030.99 -9999
