data/case_study_iwrn/geo/gridded/shebele.lat.txt
ncols        763
nrows        553
xllcorner    38.675613235556
yllcorner    4.620037453540
cellsize     0.008993216100
NODATA_value  -9999.00
[rows 418 to 455 of 553, columns 588 to 671 of 763]
5.83 5.83 5.83 5.83 5.83 5.83 5.83 5.83 5.83 5.83 5.83 5.83 5.83 5.83 5.83 5.83 5.83 5.83 5.83 5.83 5.83 5.83 5.83 5.83 5.83 5.83 5.83 5.83 5.83 5.83 5.83 5.83 5.83 5.83 5.83 5.83 5.83 5.83 5.83 5.83 5.83 5.83 5.83 5.83 5.83 5.83 5.83 5.83 5.83 5.83 5.83 5.83 5.83 5.83 5.83 5.83 5.83 5.83 5.83 5.83 5.83 5.83 5.83 5.83 5.83 5.83 5.83 5.83 5.83 5.83 5.83 5.83 5.83 5.83 5.83 5.83 5.83 5.83 5.83 5.83 5.83 5.83 5.83 5.83
5.82 5.82 5.82 5.82 5.82 5.82 5.82 5.82 5.82 5.82 5.82 5.82 5.82 5.82 5.82 5.82 5.82 5.82 5.82 5.82 5.82 5.82 5.82 5.82 5.82 5.82 5.82 5.82 5.82 5.82 5.82 5.82 5.82 5.82 5.82 5.82 5.82 5.82 5.82 5.82 5.82 5.82 5.82 5.82 5.82 5.82 5.82 5.82 5.82 5.82 5.82 5.82 5.82 5.82 5.82 5.82 5.82 5.82 5.82 5.82 5.82 5.82 5.82 5.82 5.82 5.82 5.82 5.82 5.82 5.82 5.82 5.82 5.82 5.82 5.82 5.82 5.82 5.82 5.82 5.82 5.82 5.82 5.82 5.82
5.81 5.81 5.81 5.81 5.81 5.81 5.81 5.81 5.81 5.81 5.81 5.81 5.81 5.81 5.81 5.81 5.81 5.81 5.81 5.81 5.81 5.81 5.81 5.81 5.81 5.81 5.81 5.81 5.81 5.81 5.81 5.81 5.81 5.81 5.81 5.81 5.81 5.81 5.81 5.81 5.81 5.81 5.81 5.81 5.81 5.81 5.81 5.81 5.81 5.81 5.81 5.81 5.81 5.81 5.81 5.81 5.81 5.81 5.81 5.81 5.81 5.81 5.81 5.81 5.81 5.81 5.81 5.81 5.81 5.81 5.81 5.81 5.81 5.81 5.81 5.81 5.81 5.81 5.81 5.81 5.81 5.81 5.81 5.81
5.80 5.80 5.80 5.80 5.80 5.80 5.80 5.80 5.80 5.80 5.80 5.80 5.80 5.80 5.80 5.80 5.80 5.80 5.80 5.80 5.80 5.80 5.80 5.80 5.80 5.80 5.80 5.80 5.80 5.80 5.80 5.80 5.80 5.80 5.80 5.80 5.80 5.80 5.80 5.80 5.80 5.80 5.80 5.80 5.80 5.80 5.80 5.80 5.80 5.80 5.80 5.80 5.80 5.80 5.80 5.80 5.80 5.80 5.80 5.80 5.80 5.80 5.80 5.80 5.80 5.80 5.80 5.80 5.80 5.80 5.80 5.80 5.80 5.80 5.80 5.80 5.80 5.80 5.80 5.80 5.80 5.80 5.80 5.80
5.79 5.79 5.79 5.79 5.79 5.79 5.79 5.79 5.79 5.79 5.79 5.79 5.79 5.79 5.79 5.79 5.79 5.79 5.79 5.79 5.79 5.79 5.79 5.79 5.79 5.79 5.79 5.79 5.79 5.79 5.79 5.79 5.79 5.79 5.79 5.79 5.79 5.79 5.79 5.79 5.79 5.79 5.79 5.79 5.79 5.79 5.79 5.79 5.79 5.79 5.79 5.79 5.79 5.79 5.79 5.79 5.79 5.79 5.79 5.79 5.79 5.79 5.79 5.79 5.79 5.79 5.79 5.79 5.79 5.79 5.79 5.79 5.79 5.79 5.79 5.79 5.79 5.79 5.79 5.79 5.79 5.79 5.79 5.79
5.78 5.78 5.78 5.78 5.78 5.78 5.78 5.78 5.78 5.78 5.78 5.78 5.78 5.78 5.78 5.78 5.78 5.78 5.78 5.78 5.78 5.78 5.78 5.78 5.78 5.78 5.78 5.78 5.78 5.78 5.78 5.78 5.78 5.78 5.78 5.78 5.78 5.78 5.78 5.78 5.78 5.78 5.78 5.78 5.78 5.78 5.78 5.78 5.78 5.78 5.78 5.78 5.78 5.78 5.78 5.78 5.78 5.78 5.78 5.78 5.78 5.78 5.78 5.78 5.78 5.78 5.78 5.78 5.78 5.78 5.78 5.78 5.78 5.78 5.78 5.78 5.78 5.78 5.78 5.78 5.78 5.78 5.78 5.78
5.78 5.78 5.78 5.78 5.78 5.78 5.78 5.78 5.78 5.78 5.78 5.78 5.78 5.78 5.78 5.78 5.78 5.78 5.78 5.78 5.78 5.78 5.78 5.78 5.78 5.78 5.78 5.78 5.78 5.78 5.78 5.78 5.78 5.78 5.78 5.78 5.78 5.78 5.78 5.78 5.78 5.78 5.78 5.78 5.78 5.78 5.78 5.78 5.78 5.78 5.78 5.78 5.78 5.78 5.78 5.78 5.78 5.78 5.78 5.78 5.78 5.78 5.78 5.78 5.78 5.78 5.78 5.78 5.78 5.78 5.78 5.78 5.78 5.78 5.78 5.78 5.78 5.78 5.78 5.78 5.78 5.78 5.78 5.78
5.77 5.77 5.77 5.77 5.77 5.77 5.77 5.77 5.77 5.77 5.77 5.77 5.77 5.77 5.77 5.77 5.77 5.77 5.77 5.77 5.77 5.77 5.77 5.77 5.77 5.77 5.77 5.77 5.77 5.77 5.77 5.77 5.77 5.77 5.77 5.77 5.77 5.77 5.77 5.77 5.77 5.77 5.77 5.77 5.77 5.77 5.77 5.77 5.77 5.77 5.77 5.77 5.77 5.77 5.77 5.77 5.77 5.77 5.77 5.77 5.77 5.77 5.77 5.77 5.77 5.77 5.77 5.77 5.77 5.77 5.77 5.77 5.77 5.77 5.77 5.77 5.77 5.77 5.77 5.77 5.77 5.77 5.77 5.77
5.76 5.76 5.76 5.76 5.76 5.76 5.76 5.76 5.76 5.76 5.76 5.76 5.76 5.76 5.76 5.76 5.76 5.76 5.76 5.76 5.76 5.76 5.76 5.76 5.76 5.76 5.76 5.76 5.76 5.76 5.76 5.76 5.76 5.76 5.76 5.76 5.76 5.76 5.76 5.76 5.76 5.76 5.76 5.76 5.76 5.76 5.76 5.76 5.76 5.76 5.76 5.76 5.76 5.76 5.76 5.76 5.76 5.76 5.76 5.76 5.76 5.76 5.76 5.76 5.76 5.76 5.76 5.76 5.76 5.76 5.76 5.76 5.76 5.76 5.76 5.76 5.76 5.76 5.76 5.76 5.76 5.76 5.76 5.76
5.75 5.75 5.75 5.75 5.75 5.75 5.75 5.75 5.75 5.75 5.75 5.75 5.75 5.75 5.75 5.75 5.75 5.75 5.75 5.75 5.75 5.75 5.75 5.75 5.75 5.75 5.75 5.75 5.75 5.75 5.75 5.75 5.75 5.75 5.75 5.75 5.75 5.75 5.75 5.75 5.75 5.75 5.75 5.75 5.75 5.75 5.75 5.75 5.75 5.75 5.75 5.75 5.75 5.75 5.75 5.75 5.75 5.75 5.75 5.75 5.75 5.75 5.75 5.75 5.75 5.75 5.75 5.75 5.75 5.75 5.75 5.75 5.75 5.75 5.75 5.75 5.75 5.75 5.75 5.75 5.75 5.75 5.75 5.75
5.74 5.74 5.74 5.74 5.74 5.74 5.74 5.74 5.74 5.74 5.74 5.74 5.74 5.74 5.74 5.74 5.74 5.74 5.74 5.74 5.74 5.74 5.74 5.74 5.74 5.74 5.74 5.74 5.74 5.74 5.74 5.74 5.74 5.74 5.74 5.74 5.74 5.74 5.74 5.74 5.74 5.74 5.74 5.74 5.74 5.74 5.74 5.74 5.74 5.74 5.74 5.74 5.74 5.74 5.74 5.74 5.74 5.74 5.74 5.74 5.74 5.74 5.74 5.74 5.74 5.74 5.74 5.74 5.74 5.74 5.74 5.74 5.74 5.74 5.74 5.74 5.74 5.74 5.74 5.74 5.74 5.74 5.74 5.74
5.73 5.73 5.73 5.73 5.73 5.73 5.73 5.73 5.73 5.73 5.73 5.73 5.73 5.73 5.73 5.73 5.73 5.73 5.73 5.73 5.73 5.73 5.73 5.73 5.73 5.73 5.73 5.73 5.73 5.73 5.73 5.73 5.73 5.73 5.73 5.73 5.73 5.73 5.73 5.73 5.73 5.73 5.73 5.73 5.73 5.73 5.73 5.73 5.73 5.73 5.73 5.73 5.73 5.73 5.73 5.73 5.73 5.73 5.73 5.73 5.73 5.73 5.73 5.73 5.73 5.73 5.73 5.73 5.73 5.73 5.73 5.73 5.73 5.73 5.73 5.73 5.73 5.73 5.73 5.73 5.73 5.73 5.73 5.73
5.72 5.72 5.72 5.72 5.72 5.72 5.72 5.72 5.72 5.72 5.72 5.72 5.72 5.72 5.72 5.72 5.72 5.72 5.72 5.72 5.72 5.72 5.72 5.72 5.72 5.72 5.72 5.72 5.72 5.72 5.72 5.72 5.72 5.72 5.72 5.72 5.72 5.72 5.72 5.72 5.72 5.72 5.72 5.72 5.72 5.72 5.72 5.72 5.72 5.72 5.72 5.72 5.72 5.72 5.72 5.72 5.72 5.72 5.72 5.72 5.72 5.72 5.72 5.72 5.72 5.72 5.72 5.72 5.72 5.72 5.72 5.72 5.72 5.72 5.72 5.72 5.72 5.72 5.72 5.72 5.72 5.72 5.72 5.72
5.71 5.71 5.71 5.71 5.71 5.71 5.71 5.71 5.71 5.71 5.71 5.71 5.71 5.71 5.71 5.71 5.71 5.71 5.71 5.71 5.71 5.71 5.71 5.71 5.71 5.71 5.71 5.71 5.71 5.71 5.71 5.71 5.71 5.71 5.71 5.71 5.71 5.71 5.71 5.71 5.71 5.71 5.71 5.71 5.71 5.71 5.71 5.71 5.71 5.71 5.71 5.71 5.71 5.71 5.71 5.71 5.71 5.71 5.71 5.71 5.71 5.71 5.71 5.71 5.71 5.71 5.71 5.71 5.71 5.71 5.71 5.71 5.71 5.71 5.71 5.71 5.71 5.71 5.71 5.71 5.71 5.71 5.71 5.71
5.70 5.70 5.70 5.70 5.70 5.70 5.70 5.70 5.70 5.70 5.70 5.70 5.70 5.70 5.70 5.70 5.70 5.70 5.70 5.70 5.70 5.70 5.70 5.70 5.70 5.70 5.70 5.70 5.70 5.70 5.70 5.70 5.70 5.70 5.70 5.70 5.70 5.70 5.70 5.70 5.70 5.70 5.70 5.70 5.70 5.70 5.70 5.70 5.70 5.70 5.70 5.70 5.70 5.70 5.70 5.70 5.70 5.70 5.70 5.70 5.70 5.70 5.70 5.70 5.70 5.70 5.70 5.70 5.70 5.70 5.70 5.70 5.70 5.70 5.70 5.70 5.70 5.70 5.70 5.70 5.70 5.70 5.70 5.70
5.69 5.69 5.69 5.69 5.69 5.69 5.69 5.69 5.69 5.69 5.69 5.69 5.69 5.69 5.69 5.69 5.69 5.69 5.69 5.69 5.69 5.69 5.69 5.69 5.69 5.69 5.69 5.69 5.69 5.69 5.69 5.69 5.69 5.69 5.69 5.69 5.69 5.69 5.69 5.69 5.69 5.69 5.69 5.69 5.69 5.69 5.69 5.69 5.69 5.69 5.69 5.69 5.69 5.69 5.69 5.69 5.69 5.69 5.69 5.69 5.69 5.69 5.69 5.69 5.69 5.69 5.69 5.69 5.69 5.69 5.69 5.69 5.69 5.69 5.69 5.69 5.69 5.69 5.69 5.69 5.69 5.69 5.69 5.69
5.69 5.69 5.69 5.69 5.69 5.69 5.69 5.69 5.69 5.69 5.69 5.69 5.69 5.69 5.69 5.69 5.69 5.69 5.69 5.69 5.69 5.69 5.69 5.69 5.69 5.69 5.69 5.69 5.69 5.69 5.69 5.69 5.69 5.69 5.69 5.69 5.69 5.69 5.69 5.69 5.69 5.69 5.69 5.69 5.69 5.69 5.69 5.69 5.69 5.69 5.69 5.69 5.69 5.69 5.69 5.69 5.69 5.69 5.69 5.69 5.69 5.69 5.69 5.69 5.69 5.69 5.69 5.69 5.69 5.69 5.69 5.69 5.69 5.69 5.69 5.69 5.69 5.69 5.69 5.69 5.69 5.69 5.69 5.69
5.68 5.68 5.68 5.68 5.68 5.68 5.68 5.68 5.68 5.68 5.68 5.68 5.68 5.68 5.68 5.68 5.68 5.68 5.68 5.68 5.68 5.68 5.68 5.68 5.68 5.68 5.68 5.68 5.68 5.68 5.68 5.68 5.68 5.68 5.68 5.68 5.68 5.68 5.68 5.68 5.68 5.68 5.68 5.68 5.68 5.68 5.68 5.68 5.68 5.68 5.68 5.68 5.68 5.68 5.68 5.68 5.68 5.68 5.68 5.68 5.68 5.68 5.68 5.68 5.68 5.68 5.68 5.68 5.68 5.68 5.68 5.68 5.68 5.68 5.68 5.68 5.68 5.68 5.68 5.68 5.68 5.68 5.68 5.68
5.67 5.67 5.67 5.67 5.67 5.67 5.67 5.67 5.67 5.67 5.67 5.67 5.67 5.67 5.67 5.67 5.67 5.67 5.67 5.67 5.67 5.67 5.67 5.67 5.67 5.67 5.67 5.67 5.67 5.67 5.67 5.67 5.67 5.67 5.67 5.67 5.67 5.67 5.67 5.67 5.67 5.67 5.67 5.67 5.67 5.67 5.67 5.67 5.67 5.67 5.67 5.67 5.67 5.67 5.67 5.67 5.67 5.67 5.67 5.67 5.67 5.67 5.67 5.67 5.67 5.67 5.67 5.67 5.67 5.67 5.67 5.67 5.67 5.67 5.67 5.67 5.67 5.67 5.67 5.67 5.67 5.67 5.67 5.67
5.66 5.66 5.66 5.66 5.66 5.66 5.66 5.66 5.66 5.66 5.66 5.66 5.66 5.66 5.66 5.66 5.66 5.66 5.66 5.66 5.66 5.66 5.66 5.66 5.66 5.66 5.66 5.66 5.66 5.66 5.66 5.66 5.66 5.66 5.66 5.66 5.66 5.66 5.66 5.66 5.66 5.66 5.66 5.66 5.66 5.66 5.66 5.66 5.66 5.66 5.66 5.66 5.66 5.66 5.66 5.66 5.66 5.66 5.66 5.66 5.66 5.66 5.66 5.66 5.66 5.66 5.66 5.66 5.66 5.66 5.66 5.66 5.66 5.66 5.66 5.66 5.66 5.66 5.66 5.66 5.66 5.66 5.66 5.66
5.65 5.65 5.65 5.65 5.65 5.65 5.65 5.65 5.65 5.65 5.65 5.65 5.65 5.65 5.65 5.65 5.65 5.65 5.65 5.65 5.65 5.65 5.65 5.65 5.65 5.65 5.65 5.65 5.65 5.65 5.65 5.65 5.65 5.65 5.65 5.65 5.65 5.65 5.65 5.65 5.65 5.65 5.65 5.65 5.65 5.65 5.65 5.65 5.65 5.65 5.65 5.65 5.65 5.65 5.65 5.65 5.65 5.65 5.65 5.65 5.65 5.65 5.65 5.65 5.65 5.65 5.65 5.65 5.65 5.65 5.65 5.65 5.65 5.65 5.65 5.65 5.65 5.65 5.65 5.65 5.65 5.65 5.65 5.65
5.64 5.64 5.64 5.64 5.64 5.64 5.64 5.64 5.64 5.64 5.64 5.64 5.64 5.64 5.64 5.64 5.64 5.64 5.64 5.64 5.64 5.64 5.64 5.64 5.64 5.64 5.64 5.64 5.64 5.64 5.64 5.64 5.64 5.64 5.64 5.64 5.64 5.64 5.64 5.64 5.64 5.64 5.64 5.64 5.64 5.64 5.64 5.64 5.64 5.64 5.64 5.64 5.64 5.64 5.64 5.64 5.64 5.64 5.64 5.64 5.64 5.64 5.64 5.64 5.64 5.64 5.64 5.64 5.64 5.64 5.64 5.64 5.64 5.64 5.64 5.64 5.64 5.64 5.64 5.64 5.64 5.64 5.64 5.64
5.63 5.63 5.63 5.63 5.63 5.63 5.63 5.63 5.63 5.63 5.63 5.63 5.63 5.63 5.63 5.63 5.63 5.63 5.63 5.63 5.63 5.63 5.63 5.63 5.63 5.63 5.63 5.63 5.63 5.63 5.63 5.63 5.63 5.63 5.63 5.63 5.63 5.63 5.63 5.63 5.63 5.63 5.63 5.63 5.63 5.63 5.63 5.63 5.63 5.63 5.63 5.63 5.63 5.63 5.63 5.63 5.63 5.63 5.63 5.63 5.63 5.63 5.63 5.63 5.63 5.63 5.63 5.63 5.63 5.63 5.63 5.63 5.63 5.63 5.63 5.63 5.63 5.63 5.63 5.63 5.63 5.63 5.63 5.63
5.62 5.62 5.62 5.62 5.62 5.62 5.62 5.62 5.62 5.62 5.62 5.62 5.62 5.62 5.62 5.62 5.62 5.62 5.62 5.62 5.62 5.62 5.62 5.62 5.62 5.62 5.62 5.62 5.62 5.62 5.62 5.62 5.62 5.62 5.62 5.62 5.62 5.62 5.62 5.62 5.62 5.62 5.62 5.62 5.62 5.62 5.62 5.62 5.62 5.62 5.62 5.62 5.62 5.62 5.62 5.62 5.62 5.62 5.62 5.62 5.62 5.62 5.62 5.62 5.62 5.62 5.62 5.62 5.62 5.62 5.62 5.62 5.62 5.62 5.62 5.62 5.62 5.62 5.62 5.62 5.62 5.62 5.62 5.62
5.61 5.61 5.61 5.61 5.61 5.61 5.61 5.61 5.61 5.61 5.61 5.61 5.61 5.61 5.61 5.61 5.61 5.61 5.61 5.61 5.61 5.61 5.61 5.61 5.61 5.61 5.61 5.61 5.61 5.61 5.61 5.61 5.61 5.61 5.61 5.61 5.61 5.61 5.61 5.61 5.61 5.61 5.61 5.61 5.61 5.61 5.61 5.61 5.61 5.61 5.61 5.61 5.61 5.61 5.61 5.61 5.61 5.61 5.61 5.61 5.61 5.61 5.61 5.61 5.61 5.61 5.61 5.61 5.61 5.61 5.61 5.61 5.61 5.61 5.61 5.61 5.61 5.61 5.61 5.61 5.61 5.61 5.61 5.61
5.60 5.60 5.60 5.60 5.60 5.60 5.60 5.60 5.60 5.60 5.60 5.60 5.60 5.60 5.60 5.60 5.60 5.60 5.60 5.60 5.60 5.60 5.60 5.60 5.60 5.60 5.60 5.60 5.60 5.60 5.60 5.60 5.60 5.60 5.60 5.60 5.60 5.60 5.60 5.60 5.60 5.60 5.60 5.60 5.60 5.60 5.60 5.60 5.60 5.60 5.60 5.60 5.60 5.60 5.60 5.60 5.60 5.60 5.60 5.60 5.60 5.60 5.60 5.60 5.60 5.60 5.60 5.60 5.60 5.60 5.60 5.60 5.60 5.60 5.60 5.60 5.60 5.60 5.60 5.60 5.60 5.60 5.60 5.60
5.60 5.60 5.60 5.60 5.60 5.60 5.60 5.60 5.60 5.60 5.60 5.60 5.60 5.60 5.60 5.60 5.60 5.60 5.60 5.60 5.60 5.60 5.60 5.60 5.60 5.60 5.60 5.60 5.60 5.60 5.60 5.60 5.60 5.60 5.60 5.60 5.60 5.60 5.60 5.60 5.60 5.60 5.60 5.60 5.60 5.60 5.60 5.60 5.60 5.60 5.60 5.60 5.60 5.60 5.60 5.60 5.60 5.60 5.60 5.60 5.60 5.60 5.60 5.60 5.60 5.60 5.60 5.60 5.60 5.60 5.60 5.60 5.60 5.60 5.60 5.60 5.60 5.60 5.60 5.60 5.60 5.60 5.60 5.60
5.59 5.59 5.59 5.59 5.59 5.59 5.59 5.59 5.59 5.59 5.59 5.59 5.59 5.59 5.59 5.59 5.59 5.59 5.59 5.59 5.59 5.59 5.59 5.59 5.59 5.59 5.59 5.59 5.59 5.59 5.59 5.59 5.59 5.59 5.59 5.59 5.59 5.59 5.59 5.59 5.59 5.59 5.59 5.59 5.59 5.59 5.59 5.59 5.59 5.59 5.59 5.59 5.59 5.59 5.59 5.59 5.59 5.59 5.59 5.59 5.59 5.59 5.59 5.59 5.59 5.59 5.59 5.59 5.59 5.59 5.59 5.59 5.59 5.59 5.59 5.59 5.59 5.59 5.59 5.59 5.59 5.59 5.59 5.59
5.58 5.58 5.58 5.58 5.58 5.58 5.58 5.58 5.58 5.58 5.58 5.58 5.58 5.58 5.58 5.58 5.58 5.58 5.58 5.58 5.58 5.58 5.58 5.58 5.58 5.58 5.58 5.58 5.58 5.58 5.58 5.58 5.58 5.58 5.58 5.58 5.58 5.58 5.58 5.58 5.58 5.58 5.58 5.58 5.58 5.58 5.58 5.58 5.58 5.58 5.58 5.58 5.58 5.58 5.58 5.58 5.58 5.58 5.58 5.58 5.58 5.58 5.58 5.58 5.58 5.58 5.58 5.58 5.58 5.58 5.58 5.58 5.58 5.58 5.58 5.58 5.58 5.58 5.58 5.58 5.58 5.58 5.58 5.58
5.57 5.57 5.57 5.57 5.57 5.57 5.57 5.57 5.57 5.57 5.57 5.57 5.57 5.57 5.57 5.57 5.57 5.57 5.57 5.57 5.57 5.57 5.57 5.57 5.57 5.57 5.57 5.57 5.57 5.57 5.57 5.57 5.57 5.57 5.57 5.57 5.57 5.57 5.57 5.57 5.57 5.57 5.57 5.57 5.57 5.57 5.57 5.57 5.57 5.57 5.57 5.57 5.57 5.57 5.57 5.57 5.57 5.57 5.57 5.57 5.57 5.57 5.57 5.57 5.57 5.57 5.57 5.57 5.57 5.57 5.57 5.57 5.57 5.57 5.57 5.57 5.57 5.57 5.57 5.57 5.57 5.57 5.57 5.57
5.56 5.56 5.56 5.56 5.56 5.56 5.56 5.56 5.56 5.56 5.56 5.56 5.56 5.56 5.56 5.56 5.56 5.56 5.56 5.56 5.56 5.56 5.56 5.56 5.56 5.56 5.56 5.56 5.56 5.56 5.56 5.56 5.56 5.56 5.56 5.56 5.56 5.56 5.56 5.56 5.56 5.56 5.56 5.56 5.56 5.56 5.56 5.56 5.56 5.56 5.56 5.56 5.56 5.56 5.56 5.56 5.56 5.56 5.56 5.56 5.56 5.56 5.56 5.56 5.56 5.56 5.56 5.56 5.56 5.56 5.56 5.56 5.56 5.56 5.56 5.56 5.56 5.56 5.56 5.56 5.56 5.56 5.56 5.56
5.55 5.55 5.55 5.55 5.55 5.55 5.55 5.55 5.55 5.55 5.55 5.55 5.55 5.55 5.55 5.55 5.55 5.55 5.55 5.55 5.55 5.55 5.55 5.55 5.55 5.55 5.55 5.55 5.55 5.55 5.55 5.55 5.55 5.55 5.55 5.55 5.55 5.55 5.55 5.55 5.55 5.55 5.55 5.55 5.55 5.55 5.55 5.55 5.55 5.55 5.55 5.55 5.55 5.55 5.55 5.55 5.55 5.55 5.55 5.55 5.55 5.55 5.55 5.55 5.55 5.55 5.55 5.55 5.55 5.55 5.55 5.55 5.55 5.55 5.55 5.55 5.55 5.55 5.55 5.55 5.55 5.55 5.55 5.55
5.54 5.54 5.54 5.54 5.54 5.54 5.54 5.54 5.54 5.54 5.54 5.54 5.54 5.54 5.54 5.54 5.54 5.54 5.54 5.54 5.54 5.54 5.54 5.54 5.54 5.54 5.54 5.54 5.54 5.54 5.54 5.54 5.54 5.54 5.54 5.54 5.54 5.54 5.54 5.54 5.54 5.54 5.54 5.54 5.54 5.54 5.54 5.54 5.54 5.54 5.54 5.54 5.54 5.54 5.54 5.54 5.54 5.54 5.54 5.54 5.54 5.54 5.54 5.54 5.54 5.54 5.54 5.54 5.54 5.54 5.54 5.54 5.54 5.54 5.54 5.54 5.54 5.54 5.54 5.54 5.54 5.54 5.54 5.54
5.53 5.53 5.53 5.53 5.53 5.53 5.53 5.53 5.53 5.53 5.53 5.53 5.53 5.53 5.53 5.53 5.53 5.53 5.53 5.53 5.53 5.53 5.53 5.53 5.53 5.53 5.53 5.53 5.53 5.53 5.53 5.53 5.53 5.53 5.53 5.53 5.53 5.53 5.53 5.53 5.53 5.53 5.53 5.53 5.53 5.53 5.53 5.53 5.53 5.53 5.53 5.53 5.53 5.53 5.53 5.53 5.53 5.53 5.53 5.53 5.53 5.53 5.53 5.53 5.53 5.53 5.53 5.53 5.53 5.53 5.53 5.53 5.53 5.53 5.53 5.53 5.53 5.53 5.53 5.53 5.53 5.53 5.53 5.53
5.52 5.52 5.52 5.52 5.52 5.52 5.52 5.52 5.52 5.52 5.52 5.52 5.52 5.52 5.52 5.52 5.52 5.52 5.52 5.52 5.52 5.52 5.52 5.52 5.52 5.52 5.52 5.52 5.52 5.52 5.52 5.52 5.52 5.52 5.52 5.52 5.52 5.52 5.52 5.52 5.52 5.52 5.52 5.52 5.52 5.52 5.52 5.52 5.52 5.52 5.52 5.52 5.52 5.52 5.52 5.52 5.52 5.52 5.52 5.52 5.52 5.52 5.52 5.52 5.52 5.52 5.52 5.52 5.52 5.52 5.52 5.52 5.52 5.52 5.52 5.52 5.52 5.52 5.52 5.52 5.52 5.52 5.52 5.52
5.51 5.51 5.51 5.51 5.51 5.51 5.51 5.51 5.51 5.51 5.51 5.51 5.51 5.51 5.51 5.51 5.51 5.51 5.51 5.51 5.51 5.51 5.51 5.51 5.51 5.51 5.51 5.51 5.51 5.51 5.51 5.51 5.51 5.51 5.51 5.51 5.51 5.51 5.51 5.51 5.51 5.51 5.51 5.51 5.51 5.51 5.51 5.51 5.51 5.51 5.51 5.51 5.51 5.51 5.51 5.51 5.51 5.51 5.51 5.51 5.51 5.51 5.51 5.51 5.51 5.51 5.51 5.51 5.51 5.51 5.51 5.51 5.51 5.51 5.51 5.51 5.51 5.51 5.51 5.51 5.51 5.51 5.51 5.51
5.51 5.51 5.51 5.51 5.51 5.51 5.51 5.51 5.51 5.51 5.51 5.51 5.51 5.51 5.51 5.51 5.51 5.51 5.51 5.51 5.51 5.51 5.51 5.51 5.51 5.51 5.51 5.51 5.51 5.51 5.51 5.51 5.51 5.51 5.51 5.51 5.51 5.51 5.51 5.51 5.51 5.51 5.51 5.51 5.51 5.51 5.51 5.51 5.51 5.51 5.51 5.51 5.51 5.51 5.51 5.51 5.51 5.51 5.51 5.51 5.51 5.51 5.51 5.51 5.51 5.51 5.51 5.51 5.51 5.51 5.51 5.51 5.51 5.51 5.51 5.51 5.51 5.51 5.51 5.51 5.51 5.51 5.51 5.51
5.50 5.50 5.50 5.50 5.50 5.50 5.50 5.50 5.50 5.50 5.50 5.50 5.50 5.50 5.50 5.50 5.50 5.50 5.50 5.50 5.50 5.50 5.50 5.50 5.50 5.50 5.50 5.50 5.50 5.50 5.50 5.50 5.50 5.50 5.50 5.50 5.50 5.50 5.50 5.50 5.50 5.50 5.50 5.50 5.50 5.50 5.50 5.50 5.50 5.50 5.50 5.50 5.50 5.50 5.50 5.50 5.50 5.50 5.50 5.50 5.50 5.50 5.50 5.50 5.50 5.50 5.50 5.50 5.50 5.50 5.50 5.50 5.50 5.50 5.50 5.50 5.50 5.50 5.50 5.50 5.50 5.50 5.50 5.50
