data/case_study_iwrn/geo/gridded/shebele.lon.txt
ncols        763
nrows        553
xllcorner    38.675613235556
yllcorner    4.620037453540
cellsize     0.008993216100
NODATA_value  -9999.00
[rows 510 to 543 of 553, columns 231 to 307 of 763]
40.76 40.77 40.78 40.78 40.79 40.80 40.81 40.82 40.83 40.84 40.85 40.86 40.87 40.87 40.88 40.89 40.90 40.91 40.92 40.93 40.94 40.95 40.96 40.96 40.97 40.98 40.99 41.00 41.01 41.02 41.03 41.04 41.05 41.05 41.06 41.07 41.08 41.09 41.10 41.11 41.12 41.13 41.14 41.14 41.15 41.16 41.17 41.18 41.19 41.20 41.21 41.22 41.23 41.23 41.24 41.25 41.26 41.27 41.28 41.29 41.30 41.31 41.32 41.32 41.33 41.34 41.35 41.36 41.37 41.38 41.39 41.40 41.41 41.41 41.42 41.43 41.44
40.76 40.77 40.78 40.78 40.79 40.80 40.81 40.82 40.83 40.84 40.85 40.86 40.87 40.87 40.88 40.89 40.90 40.91 40.92 40.93 40.94 40.95 40.96 40.96 40.97 40.98 40.99 41.00 41.01 41.02 41.03 41.04 41.05 41.05 41.06 41.07 41.08 41.09 41.10 41.11 41.12 41.13 41.14 41.14 41.15 41.16 41.17 41.18 41.19 41.20 41.21 41.22 41.23 41.23 41.24 41.25 41.26 41.27 41.28 41.29 41.30 41.31 41.32 41.32 41.33 41.34 41.35 41.36 41.37 41.38 41.39 41.40 41.41 41.41 41.42 41.43 41.44
40.76 40.77 40.78 40.78 40.79 40.80 40.81 40.82 40.83 40.84 40.85 40.86 40.87 40.87 40.88 40.89 40.90 40.91 40.92 40.93 40.94 40.95 40.96 40.96 40.97 40.98 40.99 41.00 41.01 41.02 41.03 41.04 41.05 41.05 41.06 41.07 41.08 41.09 41.10 41.11 41.12 41.13 41.14 41.14 41.15 41.16 41.17 41.18 41.19 41.20 41.21 41.22 41.23 41.23 41.24 41.25 41.26 41.27 41.28 41.29 41.30 41.31 41.32 41.32 41.33 41.34 41.35 41.36 41.37 41.38 41.39 41.40 41.41 41.41 41.42 41.43 41.44
40.76 40.77 40.78 40.78 40.79 40.80 40.81 40.82 40.83 40.84 40.85 40.86 40.87 40.87 40.88 40.89 40.90 40.91 40.92 40.93 40.94 40.95 40.96 40.96 40.97 40.98 40.99 41.00 41.01 41.02 41.03 41.04 41.05 41.05 41.06 41.07 41.08 41.09 41.10 41.11 41.12 41.13 41.14 41.14 41.15 41.16 41.17 41.18 41.19 41.20 41.21 41.22 41.23 41.23 41.24 41.25 41.26 41.27 41.28 41.29 41.30 41.31 41.32 41.32 41.33 41.34 41.35 41.36 41.37 41.38 41.39 41.40 41.41 41.41 41.42 41.43 41.44
40.76 40.77 40.78 40.78 40.79 40.80 40.81 40.82 40.83 40.84 40.85 40.86 40.87 40.87 40.88 40.89 40.90 40.91 40.92 40.93 40.94 40.95 40.96 40.96 40.97 40.98 40.99 41.00 41.01 41.02 41.03 41.04 41.05 41.05 41.06 41.07 41.08 41.09 41.10 41.11 41.12 41.13 41.14 41.14 41.15 41.16 41.17 41.18 41.19 41.20 41.21 41.22 41.23 41.23 41.24 41.25 41.26 41.27 41.28 41.29 41.30 41.31 41.32 41.32 41.33 41.34 41.35 41.36 41.37 41.38 41.39 41.40 41.41 41.41 41.42 41.43 41.44
40.76 40.77 40.78 40.78 40.79 40.80 40.81 40.82 40.83 40.84 40.85 40.86 40.87 40.87 40.88 40.89 40.90 40.91 40.92 40.93 40.94 40.95 40.96 40.96 40.97 40.98 40.99 41.00 41.01 41.02 41.03 41.04 41.05 41.05 41.06 41.07 41.08 41.09 41.10 41.11 41.12 41.13 41.14 41.14 41.15 41.16 41.17 41.18 41.19 41.20 41.21 41.22 41.23 41.23 41.24 41.25 41.26 41.27 41.28 41.29 41.30 41.31 41.32 41.32 41.33 41.34 41.35 41.36 41.37 41.38 41.39 41.40 41.41 41.41 41.42 41.43 41.44
40.76 40.77 40.78 40.78 40.79 40.80 40.81 40.82 40.83 40.84 40.85 40.86 40.87 40.87 40.88 40.89 40.90 40.91 40.92 40.93 40.94 40.95 40.96 40.96 40.97 40.98 40.99 41.00 41.01 41.02 41.03 41.04 41.05 41.05 41.06 41.07 41.08 41.09 41.10 41.11 41.12 41.13 41.14 41.14 41.15 41.16 41.17 41.18 41.19 41.20 41.21 41.22 41.23 41.23 41.24 41.25 41.26 41.27 41.28 41.29 41.30 41.31 41.32 41.32 41.33 41.34 41.35 41.36 41.37 41.38 41.39 41.40 41.41 41.41 41.42 41.43 41.44
40.76 40.77 40.78 40.78 40.79 40.80 40.81 40.82 40.83 40.84 40.85 40.86 40.87 40.87 40.88 40.89 40.90 40.91 40.92 40.93 40.94 40.95 40.96 40.96 40.97 40.98 40.99 41.00 41.01 41.02 41.03 41.04 41.05 41.05 41.06 41.07 41.08 41.09 41.10 41.11 41.12 41.13 41.14 41.14 41.15 41.16 41.17 41.18 41.19 41.20 41.21 41.22 41.23 41.23 41.24 41.25 41.26 41.27 41.28 41.29 41.30 41.31 41.32 41.32 41.33 41.34 41.35 41.36 41.37 41.38 41.39 41.40 41.41 41.41 41.42 41.43 41.44
40.76 40.77 40.78 40.78 40.79 40.80 40.81 40.82 40.83 40.84 40.85 40.86 40.87 40.87 40.88 40.89 40.90 40.91 40.92 40.93 40.94 40.95 40.96 40.96 40.97 40.98 40.99 41.00 41.01 41.02 41.03 41.04 41.05 41.05 41.06 41.07 41.08 41.09 41.10 41.11 41.12 41.13 41.14 41.14 41.15 41.16 41.17 41.18 41.19 41.20 41.21 41.22 41.23 41.23 41.24 41.25 41.26 41.27 41.28 41.29 41.30 41.31 41.32 41.32 41.33 41.34 41.35 41.36 41.37 41.38 41.39 41.40 41.41 41.41 41.42 41.43 41.44
40.76 40.77 40.78 40.78 40.79 40.80 40.81 40.82 40.83 40.84 40.85 40.86 40.87 40.87 40.88 40.89 40.90 40.91 40.92 40.93 40.94 40.95 40.96 40.96 40.97 40.98 40.99 41.00 41.01 41.02 41.03 41.04 41.05 41.05 41.06 41.07 41.08 41.09 41.10 41.11 41.12 41.13 41.14 41.14 41.15 41.16 41.17 41.18 41.19 41.20 41.21 41.22 41.23 41.23 41.24 41.25 41.26 41.27 41.28 41.29 41.30 41.31 41.32 41.32 41.33 41.34 41.35 41.36 41.37 41.38 41.39 41.40 41.41 41.41 41.42 41.43 41.44
40.76 40.77 40.78 40.78 40.79 40.80 40.81 40.82 40.83 40.84 40.85 40.86 40.87 40.87 40.88 40.89 40.90 40.91 40.92 40.93 40.94 40.95 40.96 40.96 40.97 40.98 40.99 41.00 41.01 41.02 41.03 41.04 41.05 41.05 41.06 41.07 41.08 41.09 41.10 41.11 41.12 41.13 41.14 41.14 41.15 41.16 41.17 41.18 41.19 41.20 41.21 41.22 41.23 41.23 41.24 41.25 41.26 41.27 41.28 41.29 41.30 41.31 41.32 41.32 41.33 41.34 41.35 41.36 41.37 41.38 41.39 41.40 41.41 41.41 41.42 41.43 41.44
40.76 40.77 40.78 40.78 40.79 40.80 40.81 40.82 40.83 40.84 40.85 40.86 40.87 40.87 40.88 40.89 40.90 40.91 40.92 40.93 40.94 40.95 40.96 40.96 40.97 40.98 40.99 41.00 41.01 41.02 41.03 41.04 41.05 41.05 41.06 41.07 41.08 41.09 41.10 41.11 41.12 41.13 41.14 41.14 41.15 41.16 41.17 41.18 41.19 41.20 41.21 41.22 41.23 41.23 41.24 41.25 41.26 41.27 41.28 41.29 41.30 41.31 41.32 41.32 41.33 41.34 41.35 41.36 41.37 41.38 41.39 41.40 41.41 41.41 41.42 41.43 41.44
40.76 40.77 40.78 40.78 40.79 40.80 40.81 40.82 40.83 40.84 40.85 40.86 40.87 40.87 40.88 40.89 40.90 40.91 40.92 40.93 40.94 40.95 40.96 40.96 40.97 40.98 40.99 41.00 41.01 41.02 41.03 41.04 41.05 41.05 41.06 41.07 41.08 41.09 41.10 41.11 41.12 41.13 41.14 41.14 41.15 41.16 41.17 41.18 41.19 41.20 41.21 41.22 41.23 41.23 41.24 41.25 41.26 41.27 41.28 41.29 41.30 41.31 41.32 41.32 41.33 41.34 41.35 41.36 41.37 41.38 41.39 41.40 41.41 41.41 41.42 41.43 41.44
40.76 40.77 40.78 40.78 40.79 40.80 40.81 40.82 40.83 40.84 40.85 40.86 40.87 40.87 40.88 40.89 40.90 40.91 40.92 40.93 40.94 40.95 40.96 40.96 40.97 40.98 40.99 41.00 41.01 41.02 41.03 41.04 41.05 41.05 41.06 41.07 41.08 41.09 41.10 41.11 41.12 41.13 41.14 41.14 41.15 41.16 41.17 41.18 41.19 41.20 41.21 41.22 41.23 41.23 41.24 41.25 41.26 41.27 41.28 41.29 41.30 41.31 41.32 41.32 41.33 41.34 41.35 41.36 41.37 41.38 41.39 41.40 41.41 41.41 41.42 41.43 41.44
40.76 40.77 40.78 40.78 40.79 40.80 40.81 40.82 40.83 40.84 40.85 40.86 40.87 40.87 40.88 40.89 40.90 40.91 40.92 40.93 40.94 40.95 40.96 40.96 40.97 40.98 40.99 41.00 41.01 41.02 41.03 41.04 41.05 41.05 41.06 41.07 41.08 41.09 41.10 41.11 41.12 41.13 41.14 41.14 41.15 41.16 41.17 41.18 41.19 41.20 41.21 41.22 41.23 41.23 41.24 41.25 41.26 41.27 41.28 41.29 41.30 41.31 41.32 41.32 41.33 41.34 41.35 41.36 41.37 41.38 41.39 41.40 41.41 41.41 41.42 41.43 41.44
40.76 40.77 40.78 40.78 40.79 40.80 40.81 40.82 40.83 40.84 40.85 40.86 40.87 40.87 40.88 40.89 40.90 40.91 40.92 40.93 40.94 40.95 40.96 40.96 40.97 40.98 40.99 41.00 41.01 41.02 41.03 41.04 41.05 41.05 41.06 41.07 41.08 41.09 41.10 41.11 41.12 41.13 41.14 41.14 41.15 41.16 41.17 41.18 41.19 41.20 41.21 41.22 41.23 41.23 41.24 41.25 41.26 41.27 41.28 41.29 41.30 41.31 41.32 41.32 41.33 41.34 41.35 41.36 41.37 41.38 41.39 41.40 41.41 41.41 41.42 41.43 41.44
40.76 40.77 40.78 40.78 40.79 40.80 40.81 40.82 40.83 40.84 40.85 40.86 40.87 40.87 40.88 40.89 40.90 40.91 40.92 40.93 40.94 40.95 40.96 40.96 40.97 40.98 40.99 41.00 41.01 41.02 41.03 41.04 41.05 41.05 41.06 41.07 41.08 41.09 41.10 41.11 41.12 41.13 41.14 41.14 41.15 41.16 41.17 41.18 41.19 41.20 41.21 41.22 41.23 41.23 41.24 41.25 41.26 41.27 41.28 41.29 41.30 41.31 41.32 41.32 41.33 41.34 41.35 41.36 41.37 41.38 41.39 41.40 41.41 41.41 41.42 41.43 41.44
40.76 40.77 40.78 40.78 40.79 40.80 40.81 40.82 40.83 40.84 40.85 40.86 40.87 40.87 40.88 40.89 40.90 40.91 40.92 40.93 40.94 40.95 40.96 40.96 40.97 40.98 40.99 41.00 41.01 41.02 41.03 41.04 41.05 41.05 41.06 41.07 41.08 41.09 41.10 41.11 41.12 41.13 41.14 41.14 41.15 41.16 41.17 41.18 41.19 41.20 41.21 41.22 41.23 41.23 41.24 41.25 41.26 41.27 41.28 41.29 41.30 41.31 41.32 41.32 41.33 41.34 41.35 41.36 41.37 41.38 41.39 41.40 41.41 41.41 41.42 41.43 41.44
40.76 40.77 40.78 40.78 40.79 40.80 40.81 40.82 40.83 40.84 40.85 40.86 40.87 40.87 40.88 40.89 40.90 40.91 40.92 40.93 40.94 40.95 40.96 40.96 40.97 40.98 40.99 41.00 41.01 41.02 41.03 41.04 41.05 41.05 41.06 41.07 41.08 41.09 41.10 41.11 41.12 41.13 41.14 41.14 41.15 41.16 41.17 41.18 41.19 41.20 41.21 41.22 41.23 41.23 41.24 41.25 41.26 41.27 41.28 41.29 41.30 41.31 41.32 41.32 41.33 41.34 41.35 41.36 41.37 41.38 41.39 41.40 41.41 41.41 41.42 41.43 41.44
40.76 40.77 40.78 40.78 40.79 40.80 40.81 40.82 40.83 40.84 40.85 40.86 40.87 40.87 40.88 40.89 40.90 40.91 40.92 40.93 40.94 40.95 40.96 40.96 40.97 40.98 40.99 41.00 41.01 41.02 41.03 41.04 41.05 41.05 41.06 41.07 41.08 41.09 41.10 41.11 41.12 41.13 41.14 41.14 41.15 41.16 41.17 41.18 41.19 41.20 41.21 41.22 41.23 41.23 41.24 41.25 41.26 41.27 41.28 41.29 41.30 41.31 41.32 41.32 41.33 41.34 41.35 41.36 41.37 41.38 41.39 41.40 41.41 41.41 41.42 41.43 41.44
40.76 40.77 40.78 40.78 40.79 40.80 40.81 40.82 40.83 40.84 40.85 40.86 40.87 40.87 40.88 40.89 40.90 40.91 40.92 40.93 40.94 40.95 40.96 40.96 40.97 40.98 40.99 41.00 41.01 41.02 41.03 41.04 41.05 41.05 41.06 41.07 41.08 41.09 41.10 41.11 41.12 41.13 41.14 41.14 41.15 41.16 41.17 41.18 41.19 41.20 41.21 41.22 41.23 41.23 41.24 41.25 41.26 41.27 41.28 41.29 41.30 41.31 41.32 41.32 41.33 41.34 41.35 41.36 41.37 41.38 41.39 41.40 41.41 41.41 41.42 41.43 41.44
40.76 40.77 40.78 40.78 40.79 40.80 40.81 40.82 40.83 40.84 40.85 40.86 40.87 40.87 40.88 40.89 40.90 40.91 40.92 40.93 40.94 40.95 40.96 40.96 40.97 40.98 40.99 41.00 41.01 41.02 41.03 41.04 41.05 41.05 41.06 41.07 41.08 41.09 41.10 41.11 41.12 41.13 41.14 41.14 41.15 41.16 41.17 41.18 41.19 41.20 41.21 41.22 41.23 41.23 41.24 41.25 41.26 41.27 41.28 41.29 41.30 41.31 41.32 41.32 41.33 41.34 41.35 41.36 41.37 41.38 41.39 41.40 41.41 41.41 41.42 41.43 41.44
40.76 40.77 40.78 40.78 40.79 40.80 40.81 40.82 40.83 40.84 40.85 40.86 40.87 40.87 40.88 40.89 40.90 40.91 40.92 40.93 40.94 40.95 40.96 40.96 40.97 40.98 40.99 41.00 41.01 41.02 41.03 41.04 41.05 41.05 41.06 41.07 41.08 41.09 41.10 41.11 41.12 41.13 41.14 41.14 41.15 41.16 41.17 41.18 41.19 41.20 41.21 41.22 41.23 41.23 41.24 41.25 41.26 41.27 41.28 41.29 41.30 41.31 41.32 41.32 41.33 41.34 41.35 41.36 41.37 41.38 41.39 41.40 41.41 41.41 41.42 41.43 41.44
40.76 40.77 40.78 40.78 40.79 40.80 40.81 40.82 40.83 40.84 40.85 40.86 40.87 40.87 40.88 40.89 40.90 40.91 40.92 40.93 40.94 40.95 40.96 40.96 40.97 40.98 40.99 41.00 41.01 41.02 41.03 41.04 41.05 41.05 41.06 41.07 41.08 41.09 41.10 41.11 41.12 41.13 41.14 41.14 41.15 41.16 41.17 41.18 41.19 41.20 41.21 41.22 41.23 41.23 41.24 41.25 41.26 41.27 41.28 41.29 41.30 41.31 41.32 41.32 41.33 41.34 41.35 41.36 41.37 41.38 41.39 41.40 41.41 41.41 41.42 41.43 41.44
40.76 40.77 40.78 40.78 40.79 40.80 40.81 40.82 40.83 40.84 40.85 40.86 40.87 40.87 40.88 40.89 40.90 40.91 40.92 40.93 40.94 40.95 40.96 40.96 40.97 40.98 40.99 41.00 41.01 41.02 41.03 41.04 41.05 41.05 41.06 41.07 41.08 41.09 41.10 41.11 41.12 41.13 41.14 41.14 41.15 41.16 41.17 41.18 41.19 41.20 41.21 41.22 41.23 41.23 41.24 41.25 41.26 41.27 41.28 41.29 41.30 41.31 41.32 41.32 41.33 41.34 41.35 41.36 41.37 41.38 41.39 41.40 41.41 41.41 41.42 41.43 41.44
40.76 40.77 40.78 40.78 40.79 40.80 40.81 40.82 40.83 40.84 40.85 40.86 40.87 40.87 40.88 40.89 40.90 40.91 40.92 40.93 40.94 40.95 40.96 40.96 40.97 40.98 40.99 41.00 41.01 41.02 41.03 41.04 41.05 41.05 41.06 41.07 41.08 41.09 41.10 41.11 41.12 41.13 41.14 41.14 41.15 41.16 41.17 41.18 41.19 41.20 41.21 41.22 41.23 41.23 41.24 41.25 41.26 41.27 41.28 41.29 41.30 41.31 41.32 41.32 41.33 41.34 41.35 41.36 41.37 41.38 41.39 41.40 41.41 41.41 41.42 41.43 41.44
40.76 40.77 40.78 40.78 40.79 40.80 40.81 40.82 40.83 40.84 40.85 40.86 40.87 40.87 40.88 40.89 40.90 40.91 40.92 40.93 40.94 40.95 40.96 40.96 40.97 40.98 40.99 41.00 41.01 41.02 41.03 41.04 41.05 41.05 41.06 41.07 41.08 41.09 41.10 41.11 41.12 41.13 41.14 41.14 41.15 41.16 41.17 41.18 41.19 41.20 41.21 41.22 41.23 41.23 41.24 41.25 41.26 41.27 41.28 41.29 41.30 41.31 41.32 41.32 41.33 41.34 41.35 41.36 41.37 41.38 41.39 41.40 41.41 41.41 41.42 41.43 41.44
40.76 40.77 40.78 40.78 40.79 40.80 40.81 40.82 40.83 40.84 40.85 40.86 40.87 40.87 40.88 40.89 40.90 40.91 40.92 40.93 40.94 40.95 40.96 40.96 40.97 40.98 40.99 41.00 41.01 41.02 41.03 41.04 41.05 41.05 41.06 41.07 41.08 41.09 41.10 41.11 41.12 41.13 41.14 41.14 41.15 41.16 41.17 41.18 41.19 41.20 41.21 41.22 41.23 41.23 41.24 41.25 41.26 41.27 41.28 41.29 41.30 41.31 41.32 41.32 41.33 41.34 41.35 41.36 41.37 41.38 41.39 41.40 41.41 41.41 41.42 41.43 41.44
40.76 40.77 40.78 40.78 40.79 40.80 40.81 40.82 40.83 40.84 40.85 40.86 40.87 40.87 40.88 40.89 40.90 40.91 40.92 40.93 40.94 40.95 40.96 40.96 40.97 40.98 40.99 41.00 41.01 41.02 41.03 41.04 41.05 41.05 41.06 41.07 41.08 41.09 41.10 41.11 41.12 41.13 41.14 41.14 41.15 41.16 41.17 41.18 41.19 41.20 41.21 41.22 41.23 41.23 41.24 41.25 41.26 41.27 41.28 41.29 41.30 41.31 41.32 41.32 41.33 41.34 41.35 41.36 41.37 41.38 41.39 41.40 41.41 41.41 41.42 41.43 41.44
40.76 40.77 40.78 40.78 40.79 40.80 40.81 40.82 40.83 40.84 40.85 40.86 40.87 40.87 40.88 40.89 40.90 40.91 40.92 40.93 40.94 40.95 40.96 40.96 40.97 40.98 40.99 41.00 41.01 41.02 41.03 41.04 41.05 41.05 41.06 41.07 41.08 41.09 41.10 41.11 41.12 41.13 41.14 41.14 41.15 41.16 41.17 41.18 41.19 41.20 41.21 41.22 41.23 41.23 41.24 41.25 41.26 41.27 41.28 41.29 41.30 41.31 41.32 41.32 41.33 41.34 41.35 41.36 41.37 41.38 41.39 41.40 41.41 41.41 41.42 41.43 41.44
40.76 40.77 40.78 40.78 40.79 40.80 40.81 40.82 40.83 40.84 40.85 40.86 40.87 40.87 40.88 40.89 40.90 40.91 40.92 40.93 40.94 40.95 40.96 40.96 40.97 40.98 40.99 41.00 41.01 41.02 41.03 41.04 41.05 41.05 41.06 41.07 41.08 41.09 41.10 41.11 41.12 41.13 41.14 41.14 41.15 41.16 41.17 41.18 41.19 41.20 41.21 41.22 41.23 41.23 41.24 41.25 41.26 41.27 41.28 41.29 41.30 41.31 41.32 41.32 41.33 41.34 41.35 41.36 41.37 41.38 41.39 41.40 41.41 41.41 41.42 41.43 41.44
40.76 40.77 40.78 40.78 40.79 40.80 40.81 40.82 40.83 40.84 40.85 40.86 40.87 40.87 40.88 40.89 40.90 40.91 40.92 40.93 40.94 40.95 40.96 40.96 40.97 40.98 40.99 41.00 41.01 41.02 41.03 41.04 41.05 41.05 41.06 41.07 41.08 41.09 41.10 41.11 41.12 41.13 41.14 41.14 41.15 41.16 41.17 41.18 41.19 41.20 41.21 41.22 41.23 41.23 41.24 41.25 41.26 41.27 41.28 41.29 41.30 41.31 41.32 41.32 41.33 41.34 41.35 41.36 41.37 41.38 41.39 41.40 41.41 41.41 41.42 41.43 41.44
40.76 40.77 40.78 40.78 40.79 40.80 40.81 40.82 40.83 40.84 40.85 40.86 40.87 40.87 40.88 40.89 40.90 40.91 40.92 40.93 40.94 40.95 40.96 40.96 40.97 40.98 40.99 41.00 41.01 41.02 41.03 41.04 41.05 41.05 41.06 41.07 41.08 41.09 41.10 41.11 41.12 41.13 41.14 41.14 41.15 41.16 41.17 41.18 41.19 41.20 41.21 41.22 41.23 41.23 41.24 41.25 41.26 41.27 41.28 41.29 41.30 41.31 41.32 41.32 41.33 41.34 41.35 41.36 41.37 41.38 41.39 41.40 41.41 41.41 41.42 41.43 41.44
40.76 40.77 40.78 40.78 40.79 40.80 40.81 40.82 40.83 40.84 40.85 40.86 40.87 40.87 40.88 40.89 40.90 40.91 40.92 40.93 40.94 40.95 40.96 40.96 40.97 40.98 40.99 41.00 41.01 41.02 41.03 41.04 41.05 41.05 41.06 41.07 41.08 41.09 41.10 41.11 41.12 41.13 41.14 41.14 41.15 41.16 41.17 41.18 41.19 41.20 41.21 41.22 41.23 41.23 41.24 41.25 41.26 41.27 41.28 41.29 41.30 41.31 41.32 41.32 41.33 41.34 41.35 41.36 41.37 41.38 41.39 41.40 41.41 41.41 41.42 41.43 41.44
