data/case_study_iwrn/geo/gridded/shebele.lon.txt
ncols        763
nrows        553
xllcorner    38.675613235556
yllcorner    4.620037453540
cellsize     0.008993216100
NODATA_value  -9999.00
[rows 340 to 373 of 553, columns 539 to 615 of 763]
43.53 43.54 43.55 43.55 43.56 43.57 43.58 43.59 43.60 43.61 43.62 43.63 43.64 43.64 43.65 43.66 43.67 43.68 43.69 43.70 43.71 43.72 43.73 43.73 43.74 43.75 43.76 43.77 43.78 43.79 43.80 43.81 43.82 43.82 43.83 43.84 43.85 43.86 43.87 43.88 43.89 43.90 43.91 43.91 43.92 43.93 43.94 43.95 43.96 43.97 43.98 43.99 44.00 44.00 44.01 44.02 44.03 44.04 44.05 44.06 44.07 44.08 44.09 44.09 44.10 44.11 44.12 44.13 44.14 44.15 44.16 44.17 44.17 44.18 44.19 44.20 44.21
43.53 43.54 43.55 43.55 43.56 43.57 43.58 43.59 43.60 43.61 43.62 43.63 43.64 43.64 43.65 43.66 43.67 43.68 43.69 43.70 43.71 43.72 43.73 43.73 43.74 43.75 43.76 43.77 43.78 43.79 43.80 43.81 43.82 43.82 43.83 43.84 43.85 43.86 43.87 43.88 43.89 43.90 43.91 43.91 43.92 43.93 43.94 43.95 43.96 43.97 43.98 43.99 44.00 44.00 44.01 44.02 44.03 44.04 44.05 44.06 44.07 44.08 44.09 44.09 44.10 44.11 44.12 44.13 44.14 44.15 44.16 44.17 44.17 44.18 44.19 44.20 44.21
43.53 43.54 43.55 43.55 43.56 43.57 43.58 43.59 43.60 43.61 43.62 43.63 43.64 43.64 43.65 43.66 43.67 43.68 43.69 43.70 43.71 43.72 43.73 43.73 43.74 43.75 43.76 43.77 43.78 43.79 43.80 43.81 43.82 43.82 43.83 43.84 43.85 43.86 43.87 43.88 43.89 43.90 43.91 43.91 43.92 43.93 43.94 43.95 43.96 43.97 43.98 43.99 44.00 44.00 44.01 44.02 44.03 44.04 44.05 44.06 44.07 44.08 44.09 44.09 44.10 44.11 44.12 44.13 44.14 44.15 44.16 44.17 44.17 44.18 44.19 44.20 44.21
43.53 43.54 43.55 43.55 43.56 43.57 43.58 43.59 43.60 43.61 43.62 43.63 43.64 43.64 43.65 43.66 43.67 43.68 43.69 43.70 43.71 43.72 43.73 43.73 43.74 43.75 43.76 43.77 43.78 43.79 43.80 43.81 43.82 43.82 43.83 43.84 43.85 43.86 43.87 43.88 43.89 43.90 43.91 43.91 43.92 43.93 43.94 43.95 43.96 43.97 43.98 43.99 44.00 44.00 44.01 44.02 44.03 44.04 44.05 44.06 44.07 44.08 44.09 44.09 44.10 44.11 44.12 44.13 44.14 44.15 44.16 44.17 44.17 44.18 44.19 44.20 44.21
43.53 43.54 43.55 43.55 43.56 43.57 43.58 43.59 43.60 43.61 43.62 43.63 43.64 43.64 43.65 43.66 43.67 43.68 43.69 43.70 43.71 43.72 43.73 43.73 43.74 43.75 43.76 43.77 43.78 43.79 43.80 43.81 43.82 43.82 43.83 43.84 43.85 43.86 43.87 43.88 43.89 43.90 43.91 43.91 43.92 43.93 43.94 43.95 43.96 43.97 43.98 43.99 44.00 44.00 44.01 44.02 44.03 44.04 44.05 44.06 44.07 44.08 44.09 44.09 44.10 44.11 44.12 44.13 44.14 44.15 44.16 44.17 44.17 44.18 44.19 44.20 44.21
43.53 43.54 43.55 43.55 43.56 43.57 43.58 43.59 43.60 43.61 43.62 43.63 43.64 43.64 43.65 43.66 43.67 43.68 43.69 43.70 43.71 43.72 43.73 43.73 43.74 43.75 43.76 43.77 43.78 43.79 43.80 43.81 43.82 43.82 43.83 43.84 43.85 43.86 43.87 43.88 43.89 43.90 43.91 43.91 43.92 43.93 43.94 43.95 43.96 43.97 43.98 43.99 44.00 44.00 44.01 44.02 44.03 44.04 44.05 44.06 44.07 44.08 44.09 44.09 44.10 44.11 44.12 44.13 44.14 44.15 44.16 44.17 44.17 44.18 44.19 44.20 44.21
43.53 43.54 43.55 43.55 43.56 43.57 43.58 43.59 43.60 43.61 43.62 43.63 43.64 43.64 43.65 43.66 43.67 43.68 43.69 43.70 43.71 43.72 43.73 43.73 43.74 43.75 43.76 43.77 43.78 43.79 43.80 43.81 43.82 43.82 43.83 43.84 43.85 43.86 43.87 43.88 43.89 43.90 43.91 43.91 43.92 43.93 43.94 43.95 43.96 43.97 43.98 43.99 44.00 44.00 44.01 44.02 44.03 44.04 44.05 44.06 44.07 44.08 44.09 44.09 44.10 44.11 44.12 44.13 44.14 44.15 44.16 44.17 44.17 44.18 44.19 44.20 44.21
43.53 43.54 43.55 43.55 43.56 43.57 43.58 43.59 43.60 43.61 43.62 43.63 43.64 43.64 43.65 43.66 43.67 43.68 43.69 43.70 43.71 43.72 43.73 43.73 43.74 43.75 43.76 43.77 43.78 43.79 43.80 43.81 43.82 43.82 43.83 43.84 43.85 43.86 43.87 43.88 43.89 43.90 43.91 43.91 43.92 43.93 43.94 43.95 43.96 43.97 43.98 43.99 44.00 44.00 44.01 44.02 44.03 44.04 44.05 44.06 44.07 44.08 44.09 44.09 44.10 44.11 44.12 44.13 44.14 44.15 44.16 44.17 44.17 44.18 44.19 44.20 44.21
43.53 43.54 43.55 43.55 43.56 43.57 43.58 43.59 43.60 43.61 43.62 43.63 43.64 43.64 43.65 43.66 43.67 43.68 43.69 43.70 43.71 43.72 43.73 43.73 43.74 43.75 43.76 43.77 43.78 43.79 43.80 43.81 43.82 43.82 43.83 43.84 43.85 43.86 43.87 43.88 43.89 43.90 43.91 43.91 43.92 43.93 43.94 43.95 43.96 43.97 43.98 43.99 44.00 44.00 44.01 44.02 44.03 44.04 44.05 44.06 44.07 44.08 44.09 44.09 44.10 44.11 44.12 44.13 44.14 44.15 44.16 44.17 44.17 44.18 44.19 44.20 44.21
43.53 43.54 43.55 43.55 43.56 43.57 43.58 43.59 43.60 43.61 43.62 43.63 43.64 43.64 43.65 43.66 43.67 43.68 43.69 43.70 43.71 43.72 43.73 43.73 43.74 43.75 43.76 43.77 43.78 43.79 43.80 43.81 43.82 43.82 43.83 43.84 43.85 43.86 43.87 43.88 43.89 43.90 43.91 43.91 43.92 43.93 43.94 43.95 43.96 43.97 43.98 43.99 44.00 44.00 44.01 44.02 44.03 44.04 44.05 44.06 44.07 44.08 44.09 44.09 44.10 44.11 44.12 44.13 44.14 44.15 44.16 44.17 44.17 44.18 44.19 44.20 44.21
43.53 43.54 43.55 43.55 43.56 43.57 43.58 43.59 43.60 43.61 43.62 43.63 43.64 43.64 43.65 43.66 43.67 43.68 43.69 43.70 43.71 43.72 43.73 43.73 43.74 43.75 43.76 43.77 43.78 43.79 43.80 43.81 43.82 43.82 43.83 43.84 43.85 43.86 43.87 43.88 43.89 43.90 43.91 43.91 43.92 43.93 43.94 43.95 43.96 43.97 43.98 43.99 44.00 44.00 44.01 44.02 44.03 44.04 44.05 44.06 44.07 44.08 44.09 44.09 44.10 44.11 44.12 44.13 44.14 44.15 44.16 44.17 44.17 44.18 44.19 44.20 44.21
43.53 43.54 43.55 43.55 43.56 43.57 43.58 43.59 43.60 43.61 43.62 43.63 43.64 43.64 43.65 43.66 43.67 43.68 43.69 43.70 43.71 43.72 43.73 43.73 43.74 43.75 43.76 43.77 43.78 43.79 43.80 43.81 43.82 43.82 43.83 43.84 43.85 43.86 43.87 43.88 43.89 43.90 43.91 43.91 43.92 43.93 43.94 43.95 43.96 43.97 43.98 43.99 44.00 44.00 44.01 44.02 44.03 44.04 44.05 44.06 44.07 44.08 44.09 44.09 44.10 44.11 44.12 44.13 44.14 44.15 44.16 44.17 44.17 44.18 44.19 44.20 44.21
43.53 43.54 43.55 43.55 43.56 43.57 43.58 43.59 43.60 43.61 43.62 43.63 43.64 43.64 43.65 43.66 43.67 43.68 43.69 43.70 43.71 43.72 43.73 43.73 43.74 43.75 43.76 43.77 43.78 43.79 43.80 43.81 43.82 43.82 43.83 43.84 43.85 43.86 43.87 43.88 43.89 43.90 43.91 43.91 43.92 43.93 43.94 43.95 43.96 43.97 43.98 43.99 44.00 44.00 44.01 44.02 44.03 44.04 44.05 44.06 44.07 44.08 44.09 44.09 44.10 44.11 44.12 44.13 44.14 44.15 44.16 44.17 44.17 44.18 44.19 44.20 44.21
43.53 43.54 43.55 43.55 43.56 43.57 43.58 43.59 43.60 43.61 43.62 43.63 43.64 43.64 43.65 43.66 43.67 43.68 43.69 43.70 43.71 43.72 43.73 43.73 43.74 43.75 43.76 43.77 43.78 43.79 43.80 43.81 43.82 43.82 43.83 43.84 43.85 43.86 43.87 43.88 43.89 43.90 43.91 43.91 43.92 43.93 43.94 43.95 43.96 43.97 43.98 43.99 44.00 44.00 44.01 44.02 44.03 44.04 44.05 44.06 44.07 44.08 44.09 44.09 44.10 44.11 44.12 44.13 44.14 44.15 44.16 44.17 44.17 44.18 44.19 44.20 44.21
43.53 43.54 43.55 43.55 43.56 43.57 43.58 43.59 43.60 43.61 43.62 43.63 43.64 43.64 43.65 43.66 43.67 43.68 43.69 43.70 43.71 43.72 43.73 43.73 43.74 43.75 43.76 43.77 43.78 43.79 43.80 43.81 43.82 43.82 43.83 43.84 43.85 43.86 43.87 43.88 43.89 43.90 43.91 43.91 43.92 43.93 43.94 43.95 43.96 43.97 43.98 43.99 44.00 44.00 44.01 44.02 44.03 44.04 44.05 44.06 44.07 44.08 44.09 44.09 44.10 44.11 44.12 44.13 44.14 44.15 44.16 44.17 44.17 44.18 44.19 44.20 44.21
43.53 43.54 43.55 43.55 43.56 43.57 43.58 43.59 43.60 43.61 43.62 43.63 43.64 43.64 43.65 43.66 43.67 43.68 43.69 43.70 43.71 43.72 43.73 43.73 43.74 43.75 43.76 43.77 43.78 43.79 43.80 43.81 43.82 43.82 43.83 43.84 43.85 43.86 43.87 43.88 43.89 43.90 43.91 43.91 43.92 43.93 43.94 43.95 43.96 43.97 43.98 43.99 44.00 44.00 44.01 44.02 44.03 44.04 44.05 44.06 44.07 44.08 44.09 44.09 44.10 44.11 44.12 44.13 44.14 44.15 44.16 44.17 44.17 44.18 44.19 44.20 44.21
43.53 43.54 43.55 43.55 43.56 43.57 43.58 43.59 43.60 43.61 43.62 43.63 43.64 43.64 43.65 43.66 43.67 43.68 43.69 43.70 43.71 43.72 43.73 43.73 43.74 43.75 43.76 43.77 43.78 43.79 43.80 43.81 43.82 43.82 43.83 43.84 43.85 43.86 43.87 43.88 43.89 43.90 43.91 43.91 43.92 43.93 43.94 43.95 43.96 43.97 43.98 43.99 44.00 44.00 44.01 44.02 44.03 44.04 44.05 44.06 44.07 44.08 44.09 44.09 44.10 44.11 44.12 44.13 44.14 44.15 44.16 44.17 44.17 44.18 44.19 44.20 44.21
43.53 43.54 43.55 43.55 43.56 43.57 43.58 43.59 43.60 43.61 43.62 43.63 43.64 43.64 43.65 43.66 43.67 43.68 43.69 43.70 43.71 43.72 43.73 43.73 43.74 43.75 43.76 43.77 43.78 43.79 43.80 43.81 43.82 43.82 43.83 43.84 43.85 43.86 43.87 43.88 43.89 43.90 43.91 43.91 43.92 43.93 43.94 43.95 43.96 43.97 43.98 43.99 44.00 44.00 44.01 44.02 44.03 44.04 44.05 44.06 44.07 44.08 44.09 44.09 44.10 44.11 44.12 44.13 44.14 44.15 44.16 44.17 44.17 44.18 44.19 44.20 44.21
43.53 43.54 43.55 43.55 43.56 43.57 43.58 43.59 43.60 43.61 43.62 43.63 43.64 43.64 43.65 43.66 43.67 43.68 43.69 43.70 43.71 43.72 43.73 43.73 43.74 43.75 43.76 43.77 43.78 43.79 43.80 43.81 43.82 43.82 43.83 43.84 43.85 43.86 43.87 43.88 43.89 43.90 43.91 43.91 43.92 43.93 43.94 43.95 43.96 43.97 43.98 43.99 44.00 44.00 44.01 44.02 44.03 44.04 44.05 44.06 44.07 44.08 44.09 44.09 44.10 44.11 44.12 44.13 44.14 44.15 44.16 44.17 44.17 44.18 44.19 44.20 44.21
43.53 43.54 43.55 43.55 43.56 43.57 43.58 43.59 43.60 43.61 43.62 43.63 43.64 43.64 43.65 43.66 43.67 43.68 43.69 43.70 43.71 43.72 43.73 43.73 43.74 43.75 43.76 43.77 43.78 43.79 43.80 43.81 43.82 43.82 43.83 43.84 43.85 43.86 43.87 43.88 43.89 43.90 43.91 43.91 43.92 43.93 43.94 43.95 43.96 43.97 43.98 43.99 44.00 44.00 44.01 44.02 44.03 44.04 44.05 44.06 44.07 44.08 44.09 44.09 44.10 44.11 44.12 44.13 44.14 44.15 44.16 44.17 44.17 44.18 44.19 44.20 44.21
43.53 43.54 43.55 43.55 43.56 43.57 43.58 43.59 43.60 43.61 43.62 43.63 43.64 43.64 43.65 43.66 43.67 43.68 43.69 43.70 43.71 43.72 43.73 43.73 43.74 43.75 43.76 43.77 43.78 43.79 43.80 43.81 43.82 43.82 43.83 43.84 43.85 43.86 43.87 43.88 43.89 43.90 43.91 43.91 43.92 43.93 43.94 43.95 43.96 43.97 43.98 43.99 44.00 44.00 44.01 44.02 44.03 44.04 44.05 44.06 44.07 44.08 44.09 44.09 44.10 44.11 44.12 44.13 44.14 44.15 44.16 44.17 44.17 44.18 44.19 44.20 44.21
43.53 43.54 43.55 43.55 43.56 43.57 43.58 43.59 43.60 43.61 43.62 43.63 43.64 43.64 43.65 43.66 43.67 43.68 43.69 43.70 43.71 43.72 43.73 43.73 43.74 43.75 43.76 43.77 43.78 43.79 43.80 43.81 43.82 43.82 43.83 43.84 43.85 43.86 43.87 43.88 43.89 43.90 43.91 43.91 43.92 43.93 43.94 43.95 43.96 43.97 43.98 43.99 44.00 44.00 44.01 44.02 44.03 44.04 44.05 44.06 44.07 44.08 44.09 44.09 44.10 44.11 44.12 44.13 44.14 44.15 44.16 44.17 44.17 44.18 44.19 44.20 44.21
43.53 43.54 43.55 43.55 43.56 43.57 43.58 43.59 43.60 43.61 43.62 43.63 43.64 43.64 43.65 43.66 43.67 43.68 43.69 43.70 43.71 43.72 43.73 43.73 43.74 43.75 43.76 43.77 43.78 43.79 43.80 43.81 43.82 43.82 43.83 43.84 43.85 43.86 43.87 43.88 43.89 43.90 43.91 43.91 43.92 43.93 43.94 43.95 43.96 43.97 43.98 43.99 44.00 44.00 44.01 44.02 44.03 44.04 44.05 44.06 44.07 44.08 44.09 44.09 44.10 44.11 44.12 44.13 44.14 44.15 44.16 44.17 44.17 44.18 44.19 44.20 44.21
43.53 43.54 43.55 43.55 43.56 43.57 43.58 43.59 43.60 43.61 43.62 43.63 43.64 43.64 43.65 43.66 43.67 43.68 43.69 43.70 43.71 43.72 43.73 43.73 43.74 43.75 43.76 43.77 43.78 43.79 43.80 43.81 43.82 43.82 43.83 43.84 43.85 43.86 43.87 43.88 43.89 43.90 43.91 43.91 43.92 43.93 43.94 43.95 43.96 43.97 43.98 43.99 44.00 44.00 44.01 44.02 44.03 44.04 44.05 44.06 44.07 44.08 44.09 44.09 44.10 44.11 44.12 44.13 44.14 44.15 44.16 44.17 44.17 44.18 44.19 44.20 44.21
43.53 43.54 43.55 43.55 43.56 43.57 43.58 43.59 43.60 43.61 43.62 43.63 43.64 43.64 43.65 43.66 43.67 43.68 43.69 43.70 43.71 43.72 43.73 43.73 43.74 43.75 43.76 43.77 43.78 43.79 43.80 43.81 43.82 43.82 43.83 43.84 43.85 43.86 43.87 43.88 43.89 43.90 43.91 43.91 43.92 43.93 43.94 43.95 43.96 43.97 43.98 43.99 44.00 44.00 44.01 44.02 44.03 44.04 44.05 44.06 44.07 44.08 44.09 44.09 44.10 44.11 44.12 44.13 44.14 44.15 44.16 44.17 44.17 44.18 44.19 44.20 44.21
43.53 43.54 43.55 43.55 43.56 43.57 43.58 43.59 43.60 43.61 43.62 43.63 43.64 43.64 43.65 43.66 43.67 43.68 43.69 43.70 43.71 43.72 43.73 43.73 43.74 43.75 43.76 43.77 43.78 43.79 43.80 43.81 43.82 43.82 43.83 43.84 43.85 43.86 43.87 43.88 43.89 43.90 43.91 43.91 43.92 43.93 43.94 43.95 43.96 43.97 43.98 43.99 44.00 44.00 44.01 44.02 44.03 44.04 44.05 44.06 44.07 44.08 44.09 44.09 44.10 44.11 44.12 44.13 44.14 44.15 44.16 44.17 44.17 44.18 44.19 44.20 44.21
43.53 43.54 43.55 43.55 43.56 43.57 43.58 43.59 43.60 43.61 43.62 43.63 43.64 43.64 43.65 43.66 43.67 43.68 43.69 43.70 43.71 43.72 43.73 43.73 43.74 43.75 43.76 43.77 43.78 43.79 43.80 43.81 43.82 43.82 43.83 43.84 43.85 43.86 43.87 43.88 43.89 43.90 43.91 43.91 43.92 43.93 43.94 43.95 43.96 43.97 43.98 43.99 44.00 44.00 44.01 44.02 44.03 44.04 44.05 44.06 44.07 44.08 44.09 44.09 44.10 44.11 44.12 44.13 44.14 44.15 44.16 44.17 44.17 44.18 44.19 44.20 44.21
43.53 43.54 43.55 43.55 43.56 43.57 43.58 43.59 43.60 43.61 43.62 43.63 43.64 43.64 43.65 43.66 43.67 43.68 43.69 43.70 43.71 43.72 43.73 43.73 43.74 43.75 43.76 43.77 43.78 43.79 43.80 43.81 43.82 43.82 43.83 43.84 43.85 43.86 43.87 43.88 43.89 43.90 43.91 43.91 43.92 43.93 43.94 43.95 43.96 43.97 43.98 43.99 44.00 44.00 44.01 44.02 44.03 44.04 44.05 44.06 44.07 44.08 44.09 44.09 44.10 44.11 44.12 44.13 44.14 44.15 44.16 44.17 44.17 44.18 44.19 44.20 44.21
43.53 43.54 43.55 43.55 43.56 43.57 43.58 43.59 43.60 43.61 43.62 43.63 43.64 43.64 43.65 43.66 43.67 43.68 43.69 43.70 43.71 43.72 43.73 43.73 43.74 43.75 43.76 43.77 43.78 43.79 43.80 43.81 43.82 43.82 43.83 43.84 43.85 43.86 43.87 43.88 43.89 43.90 43.91 43.91 43.92 43.93 43.94 43.95 43.96 43.97 43.98 43.99 44.00 44.00 44.01 44.02 44.03 44.04 44.05 44.06 44.07 44.08 44.09 44.09 44.10 44.11 44.12 44.13 44.14 44.15 44.16 44.17 44.17 44.18 44.19 44.20 44.21
43.53 43.54 43.55 43.55 43.56 43.57 43.58 43.59 43.60 43.61 43.62 43.63 43.64 43.64 43.65 43.66 43.67 43.68 43.69 43.70 43.71 43.72 43.73 43.73 43.74 43.75 43.76 43.77 43.78 43.79 43.80 43.81 43.82 43.82 43.83 43.84 43.85 43.86 43.87 43.88 43.89 43.90 43.91 43.91 43.92 43.93 43.94 43.95 43.96 43.97 43.98 43.99 44.00 44.00 44.01 44.02 44.03 44.04 44.05 44.06 44.07 44.08 44.09 44.09 44.10 44.11 44.12 44.13 44.14 44.15 44.16 44.17 44.17 44.18 44.19 44.20 44.21
43.53 43.54 43.55 43.55 43.56 43.57 43.58 43.59 43.60 43.61 43.62 43.63 43.64 43.64 43.65 43.66 43.67 43.68 43.69 43.70 43.71 43.72 43.73 43.73 43.74 43.75 43.76 43.77 43.78 43.79 43.80 43.81 43.82 43.82 43.83 43.84 43.85 43.86 43.87 43.88 43.89 43.90 43.91 43.91 43.92 43.93 43.94 43.95 43.96 43.97 43.98 43.99 44.00 44.00 44.01 44.02 44.03 44.04 44.05 44.06 44.07 44.08 44.09 44.09 44.10 44.11 44.12 44.13 44.14 44.15 44.16 44.17 44.17 44.18 44.19 44.20 44.21
43.53 43.54 43.55 43.55 43.56 43.57 43.58 43.59 43.60 43.61 43.62 43.63 43.64 43.64 43.65 43.66 43.67 43.68 43.69 43.70 43.71 43.72 43.73 43.73 43.74 43.75 43.76 43.77 43.78 43.79 43.80 43.81 43.82 43.82 43.83 43.84 43.85 43.86 43.87 43.88 43.89 43.90 43.91 43.91 43.92 43.93 43.94 43.95 43.96 43.97 43.98 43.99 44.00 44.00 44.01 44.02 44.03 44.04 44.05 44.06 44.07 44.08 44.09 44.09 44.10 44.11 44.12 44.13 44.14 44.15 44.16 44.17 44.17 44.18 44.19 44.20 44.21
43.53 43.54 43.55 43.55 43.56 43.57 43.58 43.59 43.60 43.61 43.62 43.63 43.64 43.64 43.65 43.66 43.67 43.68 43.69 43.70 43.71 43.72 43.73 43.73 43.74 43.75 43.76 43.77 43.78 43.79 43.80 43.81 43.82 43.82 43.83 43.84 43.85 43.86 43.87 43.88 43.89 43.90 43.91 43.91 43.92 43.93 43.94 43.95 43.96 43.97 43.98 43.99 44.00 44.00 44.01 44.02 44.03 44.04 44.05 44.06 44.07 44.08 44.09 44.09 44.10 44.11 44.12 44.13 44.14 44.15 44.16 44.17 44.17 44.18 44.19 44.20 44.21
43.53 43.54 43.55 43.55 43.56 43.57 43.58 43.59 43.60 43.61 43.62 43.63 43.64 43.64 43.65 43.66 43.67 43.68 43.69 43.70 43.71 43.72 43.73 43.73 43.74 43.75 43.76 43.77 43.78 43.79 43.80 43.81 43.82 43.82 43.83 43.84 43.85 43.86 43.87 43.88 43.89 43.90 43.91 43.91 43.92 43.93 43.94 43.95 43.96 43.97 43.98 43.99 44.00 44.00 44.01 44.02 44.03 44.04 44.05 44.06 44.07 44.08 44.09 44.09 44.10 44.11 44.12 44.13 44.14 44.15 44.16 44.17 44.17 44.18 44.19 44.20 44.21
