data/case_study_iwrn/geo/gridded/shebele.soil_ksat_infilt.txt
ncols        763
nrows        553
xllcorner    38.675613235556
yllcorner    4.620037453540
cellsize     0.008993216100
NODATA_value  -9999.00
[rows 114 to 151 of 553, columns 0 to 83 of 763]
0.20 0.20 0.20 0.22 0.23 0.24 0.25 0.26 0.27 0.27 0.25 0.26 0.24 0.23 0.22 0.22 0.22 0.21 0.21 0.20 0.20 0.20 0.21 0.22 0.23 0.25 0.30 0.35 0.36 0.35 0.33 0.36 0.38 0.37 0.29 0.25 0.22 0.22 0.23 0.22 0.22 0.21 0.21 0.21 0.21 0.21 0.22 0.22 0.23 0.23 0.23 0.23 0.22 0.23 0.23 0.23 0.23 0.22 0.21 0.20 0.20 0.21 0.24 0.25 0.25 2.51 2.51 2.51 2.51 0.43 0.41 0.39 0.36 0.31 0.28 0.27 0.27 0.29 0.35 0.38 0.35 0.35 0.41 0.43
0.21 0.20 0.20 0.22 0.22 0.22 0.23 0.25 0.27 0.26 0.26 0.26 0.24 0.23 0.23 0.22 0.22 0.21 0.21 0.21 0.21 0.20 0.20 0.23 0.24 0.24 0.29 0.33 0.35 0.33 0.33 0.32 0.32 0.33 0.28 0.25 0.23 0.23 0.24 0.23 0.22 0.21 0.21 0.21 0.21 0.21 0.22 0.22 0.23 0.23 0.23 0.23 0.22 0.22 0.22 0.22 0.23 0.22 0.20 0.20 0.21 0.22 0.24 0.25 0.24 2.51 2.51 2.51 2.51 0.35 0.36 0.33 0.29 0.28 0.28 0.27 0.29 0.30 0.33 0.39 0.39 0.38 0.41 0.44
0.22 0.21 0.21 0.22 0.22 0.22 0.22 0.23 0.24 0.24 0.25 0.25 0.22 0.22 0.22 0.22 0.22 0.22 0.21 0.21 0.21 0.20 0.20 0.23 0.25 0.24 0.29 0.35 0.36 0.33 0.33 0.34 0.32 0.33 0.29 0.28 0.25 0.25 0.24 0.22 0.21 0.22 0.22 0.21 0.22 0.23 0.22 0.22 0.23 0.23 0.22 0.22 0.22 0.22 0.22 0.22 0.22 0.21 0.21 0.21 0.22 0.23 0.24 0.25 2.51 2.51 2.51 2.51 2.51 0.33 0.34 0.31 0.27 0.26 0.28 0.28 0.29 0.30 0.32 0.39 0.42 0.39 0.40 0.41
0.22 0.21 0.22 0.22 0.22 0.24 0.23 0.23 0.24 0.22 0.23 0.23 0.22 0.22 0.22 0.21 0.22 0.21 0.20 0.20 0.20 0.20 0.20 0.22 0.24 0.24 0.28 0.34 0.36 0.34 0.32 0.31 0.30 0.32 0.32 0.31 0.26 0.23 0.23 0.22 0.22 0.22 0.23 0.22 0.22 0.23 0.22 0.21 0.21 0.22 0.22 0.22 0.22 0.23 0.24 0.23 0.23 0.20 0.22 0.23 0.22 0.23 0.24 2.51 2.51 2.51 2.51 2.51 0.35 0.35 0.34 0.31 0.28 0.26 0.29 0.31 0.30 0.30 0.31 0.37 0.41 0.40 0.42 0.43
0.21 0.21 0.22 0.22 0.22 0.23 0.25 0.24 0.23 0.22 0.22 0.22 0.23 0.23 0.23 0.21 0.21 0.20 0.20 0.21 0.21 0.21 0.21 0.23 0.25 0.25 0.28 0.33 0.34 0.33 0.31 0.30 0.29 0.31 0.31 0.29 0.24 0.22 0.22 0.23 0.23 0.21 0.21 0.22 0.22 0.23 0.21 0.21 0.20 0.21 0.22 0.22 0.22 0.23 0.23 0.23 0.22 0.21 0.23 0.24 0.23 0.24 0.25 0.26 2.51 2.51 2.51 2.51 0.35 0.35 0.35 0.33 0.31 0.29 0.33 0.35 0.33 0.32 0.30 0.32 0.34 0.36 0.38 0.39
0.20 0.22 0.22 0.21 0.22 0.24 0.25 0.25 0.25 0.24 0.22 0.23 0.24 0.25 0.24 0.22 0.21 0.21 0.20 0.21 0.21 0.23 0.23 0.23 0.26 0.28 0.30 0.33 0.34 0.33 0.31 0.31 0.31 0.29 0.30 0.30 0.25 0.23 0.22 0.23 0.23 0.20 0.21 0.23 0.23 0.23 0.21 0.21 0.21 0.22 0.23 0.23 0.24 0.23 0.23 0.22 0.21 0.21 0.23 0.24 0.24 0.25 0.26 0.29 0.31 2.51 0.33 2.51 0.34 0.36 0.39 0.37 0.36 0.32 0.34 0.38 0.39 0.38 0.34 0.34 0.36 0.37 0.38 0.36
0.20 0.21 0.23 0.23 0.24 0.26 0.26 0.25 0.25 0.24 0.22 0.22 0.23 0.24 0.23 0.22 0.20 0.21 0.21 0.22 0.25 0.26 0.25 0.24 0.26 0.32 0.32 0.35 0.41 0.40 0.36 0.34 0.33 0.32 0.31 0.27 0.24 0.24 0.22 0.22 0.23 0.20 0.21 0.22 0.23 0.25 0.25 0.23 0.24 0.23 0.23 0.23 0.23 0.21 0.22 0.22 0.22 0.23 0.23 0.23 0.26 0.30 0.31 0.37 0.40 0.44 0.38 0.35 0.36 0.40 0.40 0.38 0.36 0.33 0.35 0.38 0.40 0.42 0.43 0.39 0.35 0.37 0.39 0.35
0.20 0.21 0.22 0.23 0.23 0.25 0.25 0.25 0.23 0.22 0.22 0.23 0.22 0.22 0.22 0.21 0.20 0.21 0.23 0.23 0.24 0.24 0.25 0.23 0.25 0.33 0.34 0.37 0.43 0.44 0.40 0.35 0.33 0.34 0.31 0.26 0.24 0.24 0.22 0.23 0.24 0.21 0.21 0.21 0.23 0.24 0.25 0.23 0.24 0.23 0.23 0.23 0.22 0.21 0.21 0.23 0.23 0.24 0.26 0.30 0.32 0.33 0.34 0.41 0.45 0.47 0.42 0.40 0.42 0.43 0.41 0.40 0.36 0.37 0.37 0.37 0.42 0.43 0.44 0.35 0.32 0.33 0.36 0.37
0.20 0.21 0.22 0.22 0.24 0.25 0.25 0.25 0.23 0.22 0.23 0.23 0.24 0.23 0.21 0.21 0.20 0.21 0.21 0.22 0.24 0.25 0.25 0.25 0.27 0.33 0.34 0.33 0.35 0.37 0.35 0.32 0.30 0.29 0.29 0.27 0.27 0.26 0.25 0.24 0.24 0.22 0.21 0.21 0.23 0.24 0.25 0.23 0.22 0.22 0.22 0.23 0.22 0.21 0.22 0.22 0.23 0.24 0.32 0.35 0.34 0.33 0.38 0.41 0.41 0.38 0.36 0.42 0.41 0.39 0.38 0.41 0.42 0.42 0.40 0.40 0.41 0.41 0.39 0.35 0.32 0.33 0.34 0.38
0.20 0.21 0.22 0.22 0.24 0.25 0.25 0.25 0.23 0.24 0.25 0.24 0.26 0.24 0.22 0.22 0.21 0.21 0.21 0.23 0.26 0.24 0.26 0.30 0.33 0.33 0.33 0.31 0.29 0.28 0.29 0.28 0.28 0.27 0.28 0.26 0.26 0.27 0.26 0.26 0.26 0.23 0.23 0.24 0.24 0.24 0.22 0.22 0.22 0.23 0.24 0.25 0.24 0.23 0.24 0.24 0.25 0.28 0.32 0.34 0.32 0.35 0.41 0.41 0.35 0.31 0.34 0.38 0.37 0.37 0.40 0.41 0.43 0.49 0.45 0.44 0.42 0.39 0.35 0.33 0.33 0.32 0.33 0.35
0.20 0.20 0.22 0.23 0.23 0.24 0.25 0.24 0.23 0.24 0.26 0.25 0.25 0.24 0.24 0.23 0.22 0.21 0.22 0.24 0.26 0.25 0.31 0.38 0.39 0.36 0.32 0.30 0.27 0.26 0.25 0.25 0.25 0.25 0.26 0.26 0.25 0.26 0.25 0.25 0.27 0.25 0.25 0.26 0.25 0.23 0.23 100.00 100.00 100.00 0.25 0.25 0.26 0.25 0.26 0.27 0.29 0.30 0.31 0.32 0.31 0.30 0.36 0.41 0.38 0.34 0.40 0.35 0.34 0.36 0.38 0.37 0.42 0.48 0.45 0.44 0.43 0.39 0.35 0.33 0.34 0.33 0.34 0.34
0.21 0.20 0.21 0.23 0.23 0.23 0.24 0.24 0.24 0.26 0.29 0.30 0.29 0.28 0.28 0.27 0.26 0.24 0.28 0.31 0.33 0.32 0.37 0.39 0.40 0.33 0.27 0.25 0.25 0.27 0.28 0.27 0.25 0.25 0.25 0.25 0.24 0.26 0.26 0.26 0.27 0.28 0.28 0.26 0.26 2.51 100.00 100.00 100.00 100.00 2.51 2.51 100.00 0.27 0.26 0.29 0.38 0.35 0.36 0.35 0.34 0.33 0.34 0.38 0.39 0.37 0.39 0.37 0.36 0.36 0.37 0.36 0.39 0.43 0.46 0.45 0.40 0.36 0.30 0.30 0.32 0.32 0.36 0.34
0.20 0.20 0.22 0.23 0.23 0.23 0.23 0.25 0.27 0.29 0.29 0.30 0.30 0.29 0.29 0.28 0.28 0.27 0.30 0.31 0.34 0.38 0.41 0.40 0.40 0.33 0.27 0.26 0.25 0.26 0.27 0.29 0.28 0.27 0.27 0.25 0.25 0.28 0.28 0.26 0.26 0.27 0.27 0.28 0.29 100.00 100.00 100.00 100.00 100.00 100.00 100.00 0.27 0.26 0.25 0.30 0.37 0.41 0.40 0.38 2.51 0.30 0.28 0.31 0.33 0.34 0.38 0.40 0.43 0.40 0.42 0.38 0.40 0.41 0.45 0.44 0.40 0.36 0.30 0.29 0.33 0.33 0.37 0.36
0.20 0.20 0.23 0.23 0.23 0.24 0.25 0.26 0.26 0.30 0.31 0.30 0.30 0.28 0.32 0.32 0.31 0.32 0.34 0.37 0.39 0.41 0.43 0.39 0.33 0.30 0.28 0.27 0.26 0.26 0.28 0.30 0.31 0.31 0.31 0.29 0.29 0.30 0.29 0.27 0.26 0.26 0.27 0.30 0.30 100.00 100.00 100.00 100.00 100.00 100.00 100.00 0.28 0.27 0.29 0.32 0.36 0.40 0.41 0.38 0.32 0.27 0.26 0.25 0.26 0.26 0.29 0.33 0.38 0.45 0.43 0.40 0.42 0.42 0.46 0.42 0.43 0.38 0.30 0.29 0.33 0.33 0.34 0.34
0.20 0.20 0.22 0.22 0.23 0.24 0.26 0.26 0.27 0.31 0.31 0.30 0.30 0.31 0.35 0.36 0.37 0.38 0.41 0.41 0.40 0.37 0.39 0.36 0.30 0.28 0.30 0.31 0.32 0.31 2.51 2.51 2.51 2.51 0.34 0.33 0.32 0.32 0.31 0.29 0.27 0.29 0.33 0.36 100.00 100.00 100.00 100.00 100.00 100.00 100.00 2.51 0.28 0.29 0.32 0.32 0.37 0.38 0.39 0.38 0.33 0.28 0.25 0.25 0.23 0.22 0.22 0.24 0.25 0.35 0.39 0.40 0.40 0.42 0.47 0.42 0.42 0.39 0.33 0.29 0.30 0.31 0.30 0.31
0.20 0.21 0.22 0.22 0.23 0.26 0.27 0.27 0.28 0.31 0.30 0.30 0.33 0.37 0.39 0.40 0.41 0.40 0.40 0.36 0.33 0.32 0.33 0.34 0.31 0.29 0.31 0.41 0.41 0.33 0.34 0.36 2.51 2.51 0.33 0.33 0.33 0.30 0.29 0.29 0.31 0.34 0.37 0.35 100.00 100.00 100.00 100.00 100.00 100.00 100.00 2.51 0.29 0.31 0.31 0.33 0.39 0.44 0.42 0.41 0.36 0.29 0.25 0.25 0.23 0.23 0.22 0.23 0.23 0.31 0.40 0.38 0.40 0.42 0.42 0.38 0.40 0.38 0.34 0.28 0.28 0.28 0.29 0.29
0.20 0.20 0.21 0.23 0.24 0.27 0.29 0.28 0.29 0.30 0.31 0.30 0.34 0.41 0.45 0.46 0.45 0.46 0.41 0.34 0.31 0.32 0.31 0.33 0.33 0.29 0.30 0.40 0.38 0.31 0.33 0.38 0.39 0.38 2.51 0.36 0.32 0.28 0.28 0.31 0.33 0.34 0.33 100.00 100.00 100.00 100.00 100.00 100.00 100.00 100.00 0.27 0.30 0.34 0.34 0.31 0.35 0.42 0.41 0.37 0.35 0.29 0.24 0.24 0.24 0.23 0.22 0.22 0.22 0.27 0.35 0.40 0.41 0.42 0.41 0.38 0.36 0.33 0.32 0.28 0.28 0.30 0.29 0.27
0.19 0.20 0.21 0.22 0.24 0.26 0.28 0.29 0.30 0.32 0.34 0.35 0.39 0.43 0.47 0.47 0.49 0.51 0.46 0.36 0.31 0.30 0.29 0.32 0.33 0.30 0.30 0.34 0.33 0.31 0.33 0.37 0.40 0.40 0.39 0.38 0.34 0.31 0.32 0.35 100.00 100.00 2.51 100.00 100.00 100.00 100.00 100.00 100.00 100.00 2.51 0.30 0.33 0.34 0.39 0.36 0.38 0.39 0.38 0.36 0.36 0.29 0.23 0.23 0.23 0.24 0.23 0.22 0.23 0.24 0.23 0.24 0.31 0.39 0.38 0.37 0.33 0.31 0.30 0.27 0.27 0.29 0.29 0.27
0.20 0.21 0.23 0.22 0.25 0.27 0.29 0.28 0.30 0.34 0.37 0.43 0.47 0.48 0.48 0.49 0.51 0.53 0.51 0.37 0.31 0.28 0.27 0.29 0.35 0.34 0.33 0.33 0.32 0.32 0.33 0.35 0.37 0.38 0.40 2.51 0.37 0.36 0.36 100.00 100.00 100.00 100.00 100.00 100.00 100.00 100.00 100.00 100.00 100.00 100.00 0.30 0.32 0.34 0.41 0.43 0.44 0.39 0.37 2.51 0.36 0.33 0.25 0.22 0.23 0.25 0.25 0.25 0.25 0.24 0.24 0.22 0.22 2.51 0.35 0.34 0.32 0.29 0.28 0.27 0.26 0.26 0.26 0.27
0.20 0.21 0.23 0.22 0.24 0.27 0.28 0.29 0.30 0.36 0.41 0.45 0.51 0.53 0.50 0.53 0.53 0.49 0.49 0.36 0.30 0.27 0.27 0.31 0.36 0.37 0.36 0.34 0.33 0.33 0.34 0.37 0.39 0.36 0.36 2.51 2.51 0.36 100.00 100.00 100.00 100.00 100.00 100.00 100.00 100.00 100.00 100.00 100.00 100.00 100.00 0.31 0.31 0.37 0.43 0.44 0.41 0.37 0.36 0.36 0.37 0.34 0.29 0.22 0.22 0.25 0.27 0.26 0.24 0.25 0.26 0.27 0.30 0.34 0.35 0.32 0.32 0.31 0.29 0.28 0.24 0.25 0.25 0.26
0.21 0.22 0.24 0.24 0.24 0.30 0.32 0.36 0.36 0.38 0.44 0.48 0.51 0.53 0.53 0.52 0.50 0.47 0.42 0.33 0.28 0.29 0.31 0.31 0.31 0.33 0.37 0.39 0.36 0.34 0.35 2.51 0.39 0.38 0.37 0.34 2.51 2.51 100.00 100.00 100.00 100.00 100.00 100.00 100.00 100.00 100.00 100.00 100.00 0.29 0.33 0.36 0.36 0.37 0.38 0.40 0.44 0.41 0.37 0.37 0.40 0.35 0.31 0.25 0.24 0.26 0.28 0.28 0.30 0.31 0.32 0.35 0.34 0.36 0.36 0.32 0.29 0.28 0.27 0.27 0.26 0.25 0.25 0.27
0.22 0.23 0.25 0.27 0.26 0.32 0.39 0.39 0.40 0.39 0.41 0.46 0.51 0.56 0.56 0.56 0.52 0.45 0.39 0.35 0.32 0.32 0.33 0.32 0.29 0.32 0.39 0.39 0.36 2.51 0.38 0.36 0.34 0.36 0.39 0.34 0.34 0.35 0.35 100.00 100.00 100.00 100.00 100.00 100.00 100.00 100.00 100.00 2.51 0.29 0.32 0.35 0.36 0.38 0.39 0.36 0.42 0.44 0.40 0.44 0.45 0.39 0.32 0.28 0.28 0.29 0.30 0.32 0.33 0.35 0.36 0.41 0.39 0.34 0.33 0.30 0.28 0.26 0.27 0.26 0.27 0.27 0.27 0.29
0.22 0.23 0.25 0.27 0.26 0.26 0.34 0.38 0.40 0.42 0.41 0.46 0.55 0.56 0.54 0.54 0.48 0.41 0.36 0.36 0.33 0.32 0.34 0.40 0.35 0.33 0.34 0.35 0.35 0.35 2.51 0.36 0.35 0.35 0.38 0.35 0.33 0.34 100.00 100.00 100.00 100.00 100.00 100.00 100.00 100.00 100.00 100.00 0.27 0.28 0.31 0.32 0.33 0.35 0.39 0.39 0.42 0.43 0.42 0.48 0.46 0.40 0.35 0.31 0.31 0.31 0.33 0.33 0.32 0.34 0.34 0.33 0.38 0.36 0.32 0.33 0.30 0.28 0.27 0.27 0.29 0.29 0.29 0.30
0.21 0.22 0.22 0.24 0.24 0.25 0.27 0.33 0.40 0.42 0.46 0.53 0.57 0.58 0.58 0.55 0.49 0.45 0.39 0.38 0.34 0.32 0.36 0.40 0.37 0.38 0.36 0.38 0.39 0.37 2.51 0.32 0.35 0.37 0.36 0.33 2.51 100.00 100.00 100.00 100.00 100.00 100.00 100.00 100.00 100.00 100.00 100.00 0.29 0.30 0.33 0.32 0.31 0.31 0.39 0.48 0.46 0.44 0.41 0.40 0.38 0.37 0.34 0.35 0.35 0.33 0.36 0.35 0.33 0.33 0.35 0.35 0.38 0.42 0.38 0.36 0.33 0.31 0.30 0.30 0.29 0.30 0.30 0.32
0.20 0.20 0.22 0.24 0.25 0.26 0.26 0.29 0.41 0.48 0.54 0.58 0.61 0.63 0.74 0.71 0.71 0.68 0.61 0.45 0.40 0.37 0.39 0.41 0.41 0.46 0.46 0.48 0.43 0.39 0.34 0.29 0.30 0.32 0.32 0.30 0.28 100.00 100.00 100.00 100.00 100.00 100.00 100.00 100.00 100.00 100.00 100.00 0.29 0.30 0.32 0.36 0.33 0.31 0.38 0.48 0.47 0.43 0.42 0.35 0.36 0.39 0.35 0.36 0.36 0.36 0.38 0.39 0.36 0.35 0.35 0.34 0.43 0.48 0.37 0.35 0.35 0.32 0.31 0.33 0.31 0.31 0.30 0.32
0.20 0.21 0.23 0.25 0.27 0.30 0.29 0.31 0.37 0.54 0.63 0.67 0.70 0.67 0.76 0.83 0.89 0.89 0.78 0.62 0.55 0.49 0.47 0.42 0.36 0.44 0.49 0.51 0.48 0.42 0.35 0.31 0.30 0.31 0.30 0.30 100.00 100.00 100.00 100.00 100.00 100.00 100.00 100.00 100.00 100.00 100.00 100.00 0.30 0.30 0.32 0.36 0.36 0.35 0.37 0.42 0.45 0.43 0.42 0.39 0.39 0.39 0.35 0.36 0.37 0.41 0.41 0.40 0.39 0.35 0.37 0.38 0.45 0.43 0.35 0.35 0.36 0.33 0.33 0.36 0.33 0.33 0.34 0.33
0.22 0.23 0.24 0.28 0.31 0.34 0.32 0.34 0.43 0.59 0.65 0.78 0.77 0.75 0.85 1.00 0.93 0.87 0.80 0.75 0.70 0.63 0.59 0.46 0.36 0.39 0.45 0.48 0.45 0.43 0.37 0.34 0.33 0.31 0.31 0.30 2.51 100.00 100.00 100.00 2.51 100.00 100.00 100.00 0.33 100.00 2.51 2.51 2.51 0.35 0.35 0.39 0.37 0.33 0.31 0.37 0.43 0.45 0.41 0.36 0.37 0.35 0.34 0.34 0.36 0.40 0.42 0.42 0.42 0.39 0.39 2.51 0.43 0.42 0.40 0.38 0.37 0.37 0.38 0.38 0.35 0.36 0.39 0.39
0.22 0.23 0.26 0.32 0.35 0.36 0.32 0.34 0.43 0.58 0.78 0.90 0.86 0.79 1.03 0.99 0.78 0.77 0.82 0.75 0.65 0.62 0.56 0.52 0.44 0.39 0.43 0.46 0.44 0.39 0.37 0.36 0.35 0.33 0.33 0.32 0.32 0.32 0.34 0.32 0.34 0.34 0.36 2.51 100.00 100.00 0.32 0.36 0.39 0.38 0.37 0.40 0.38 0.33 0.30 0.34 0.38 0.37 0.36 0.34 0.34 0.33 0.32 0.36 0.39 0.40 0.38 0.39 0.36 0.34 0.36 2.51 0.39 0.39 0.41 0.37 0.33 0.35 0.36 0.35 0.38 0.40 0.40 0.41
0.22 0.24 0.28 0.32 0.36 0.34 0.27 0.25 0.32 0.42 0.76 1.05 1.11 1.14 1.23 0.86 0.59 0.66 0.82 0.75 0.63 0.60 0.57 0.56 0.52 0.45 0.48 0.46 0.41 0.38 0.34 0.34 0.36 0.35 0.36 0.37 0.35 0.36 0.38 0.36 0.37 0.39 0.40 0.41 100.00 100.00 0.39 0.40 0.39 0.36 0.33 0.37 0.40 0.38 0.33 0.38 0.40 0.36 0.34 0.34 0.34 0.34 0.34 0.36 0.36 0.34 0.35 0.36 0.34 0.34 0.35 0.35 0.36 0.37 0.36 0.34 0.34 0.34 0.33 0.35 0.37 0.41 0.42 0.38
0.22 0.23 0.25 0.29 0.34 0.31 0.26 0.24 0.27 0.32 0.48 1.01 1.61 1.70 1.31 0.75 0.42 0.44 0.66 0.76 0.67 0.62 0.60 0.57 0.54 0.49 0.48 0.50 0.43 0.42 0.38 0.38 0.39 0.37 0.38 0.44 0.44 0.44 0.46 0.43 0.38 0.38 0.39 0.42 0.40 0.41 0.46 0.46 0.43 0.36 0.34 0.36 0.44 0.46 0.41 0.42 0.41 0.39 0.36 0.35 0.34 0.36 0.39 0.34 0.32 0.33 0.34 0.36 0.36 0.36 0.35 0.31 0.32 0.39 0.39 0.34 0.33 0.33 0.32 0.34 0.37 0.39 0.41 0.38
0.22 0.24 0.26 0.29 0.32 0.27 0.25 0.24 0.25 0.28 0.40 0.64 1.55 1.85 1.17 0.78 0.47 0.40 0.44 0.65 0.70 0.62 0.64 0.56 0.54 0.50 0.49 0.51 0.51 0.55 0.55 0.52 0.52 0.50 0.49 0.52 0.52 0.50 0.53 0.50 0.40 0.40 0.44 0.41 0.40 0.45 0.47 0.45 0.43 0.40 0.39 0.39 0.45 0.48 0.42 0.42 0.42 0.43 0.43 0.42 0.40 0.44 0.41 0.33 0.33 0.37 0.38 0.36 0.33 0.36 0.33 0.30 0.34 0.43 0.45 0.37 0.33 0.31 0.30 0.32 0.35 0.37 0.42 0.43
0.21 0.23 0.26 0.31 0.32 0.26 0.24 0.23 0.24 0.26 0.31 0.47 1.00 1.10 0.94 0.82 0.49 0.38 0.40 0.63 0.70 0.63 0.59 0.57 0.57 0.64 0.62 0.55 0.56 0.60 0.60 0.61 0.59 0.58 0.56 0.46 0.43 0.43 0.43 0.43 0.41 0.44 0.46 0.44 0.43 0.45 0.43 0.39 0.40 0.40 0.40 0.41 0.44 0.49 0.46 0.44 0.41 0.43 0.45 0.43 0.46 0.52 0.44 0.35 0.36 0.35 0.33 0.29 0.28 0.30 0.31 0.31 0.33 0.38 0.41 0.36 0.32 0.29 0.29 0.31 0.33 0.36 0.42 0.40
0.21 0.23 0.24 0.28 0.29 0.26 0.24 0.23 0.23 0.24 0.25 0.36 0.57 0.60 0.55 0.55 0.43 0.36 0.40 0.66 0.72 0.66 0.59 0.60 0.62 0.87 0.80 0.63 0.63 0.61 0.60 0.60 0.60 0.58 0.53 0.42 0.35 0.34 0.30 0.29 0.29 0.36 0.37 0.40 0.42 0.41 0.43 0.37 0.36 0.36 0.39 0.41 0.45 0.52 0.51 0.51 0.46 0.53 0.53 0.50 0.52 0.46 0.41 0.39 0.41 0.32 0.26 0.25 0.26 0.27 0.31 0.30 0.31 0.33 0.35 0.33 0.32 0.30 0.31 0.33 0.35 0.37 0.40 0.37
0.23 0.23 0.23 0.25 0.29 0.29 0.25 0.23 0.22 0.22 0.24 0.34 0.51 0.56 0.52 0.50 0.40 0.37 0.46 0.76 0.74 0.70 0.70 0.64 0.66 0.84 0.85 0.71 0.69 0.65 0.64 0.64 0.54 0.44 0.42 0.40 0.35 0.29 0.24 0.22 0.23 0.29 0.34 0.38 0.38 0.39 0.43 0.37 0.35 0.37 0.40 0.42 0.43 0.48 0.47 0.49 0.52 0.57 0.53 0.44 0.40 0.38 0.40 0.42 0.43 0.31 0.24 0.23 0.23 0.25 0.29 0.31 0.34 0.37 0.36 0.35 0.34 0.31 0.32 0.37 0.39 0.41 0.38 0.31
0.24 0.23 0.25 0.27 0.32 0.32 0.28 0.26 0.24 0.24 0.28 0.38 0.50 0.55 0.59 0.57 0.49 0.46 0.52 0.79 0.73 0.80 0.82 0.81 0.84 0.81 0.80 0.72 0.63 0.57 0.57 0.55 0.44 0.33 0.31 0.32 0.31 0.28 0.24 0.23 0.22 0.23 0.29 0.35 0.38 0.43 0.44 0.38 0.34 0.35 0.35 0.38 0.41 0.46 0.47 0.50 0.57 0.59 0.44 0.34 0.35 0.38 0.40 0.42 0.35 0.26 0.22 0.22 0.23 0.24 0.26 0.31 0.37 0.42 0.46 0.44 0.36 0.30 0.32 0.35 0.38 0.39 0.32 0.27
0.22 0.23 0.26 0.30 0.32 0.34 0.33 0.30 0.27 0.28 0.35 0.44 0.46 0.48 0.55 0.58 0.66 0.79 0.76 0.84 0.81 0.85 0.87 0.94 0.91 0.89 0.87 0.73 0.52 0.41 0.38 0.33 0.29 0.25 0.25 0.27 0.27 0.26 0.24 0.23 0.23 0.25 0.30 0.32 0.37 0.46 0.44 0.41 0.37 0.34 0.34 0.38 0.39 0.40 0.41 0.48 0.52 0.54 0.48 0.40 0.37 0.34 0.32 0.31 0.27 0.24 0.25 0.26 0.26 0.28 0.32 0.33 0.36 0.41 0.45 0.45 0.35 0.28 0.29 0.31 0.34 0.34 0.30 0.26
0.21 0.23 0.26 0.27 0.30 0.35 0.35 0.34 0.33 0.35 0.41 0.51 0.47 0.44 0.50 0.55 0.68 0.92 0.88 0.78 0.89 0.89 0.89 1.05 1.07 1.23 1.11 0.66 0.43 0.36 0.31 0.27 0.25 0.25 0.25 0.25 0.27 0.28 0.29 0.28 0.29 0.34 0.36 0.37 0.38 0.41 0.36 0.36 0.35 0.34 0.36 0.37 0.40 0.39 0.40 0.46 0.44 0.46 0.44 0.39 0.32 0.25 0.24 0.24 0.25 0.25 0.28 0.30 0.31 0.34 0.34 0.32 0.35 0.39 0.41 0.39 0.33 0.27 0.27 0.31 0.32 0.29 0.26 0.24
0.21 0.22 0.27 0.28 0.30 0.34 0.34 0.34 0.36 0.40 0.48 0.56 0.52 0.49 0.48 0.51 0.60 0.66 0.66 0.69 0.96 1.00 0.87 1.04 1.41 1.63 1.14 0.59 0.37 0.32 0.27 0.25 0.24 0.23 0.25 0.25 0.25 0.27 0.31 0.35 0.38 0.40 0.45 0.46 0.42 0.37 0.31 0.29 0.29 0.29 0.30 0.33 0.35 0.32 0.34 0.39 0.39 0.39 0.40 0.39 0.26 0.21 0.22 0.24 0.26 0.25 0.25 0.25 0.27 0.28 0.28 0.32 0.35 0.36 0.36 0.33 0.28 0.27 0.29 0.32 0.31 0.26 0.23 0.22
