data/case_study_iwrn/geo/gridded/shebele.soil_ksat_infilt.txt
ncols        763
nrows        553
xllcorner    38.675613235556
yllcorner    4.620037453540
cellsize     0.008993216100
NODATA_value  -9999.00
[rows 228 to 265 of 553, columns 0 to 83 of 763]
0.38 100.00 100.00 100.00 100.00 100.00 100.00 100.00 100.00 100.00 100.00 100.00 100.00 100.00 0.30 0.34 0.35 0.31 0.26 0.23 0.21 0.20 0.21 0.21 0.22 0.23 0.22 0.19 0.20 0.21 0.21 0.21 0.21 0.20 0.21 0.21 0.21 0.21 0.21 0.21 0.22 0.23 0.22 0.22 0.23 0.21 0.20 0.20 0.21 0.22 0.22 0.21 0.21 0.21 0.20 0.21 0.20 0.19 0.20 0.21 0.22 0.20 0.20 0.20 0.20 0.20 0.20 0.20 0.21 0.24 0.25 0.22 0.21 0.22 0.21 0.21 0.20 0.19 0.19 0.19 0.20 0.20 0.20 0.20
0.53 0.43 100.00 0.32 100.00 100.00 100.00 100.00 100.00 100.00 100.00 100.00 100.00 0.31 0.32 0.35 0.33 0.24 0.23 0.22 0.22 0.20 0.20 0.21 0.21 0.21 0.20 0.20 0.20 0.20 0.21 0.21 0.21 0.20 0.20 0.21 0.21 0.22 0.22 0.21 0.22 0.22 0.21 0.22 0.21 0.19 0.20 0.20 0.20 0.20 0.21 0.21 0.22 0.21 0.20 0.20 0.20 0.20 0.20 0.21 0.23 0.22 0.21 0.20 0.20 0.20 0.20 0.20 0.21 0.22 0.24 0.22 0.22 0.21 0.20 0.20 0.19 0.18 0.19 0.19 0.20 0.20 0.20 0.20
0.53 0.47 0.44 0.38 100.00 100.00 100.00 100.00 100.00 100.00 100.00 0.31 0.32 0.32 0.32 0.32 0.29 0.24 0.23 0.22 0.21 0.20 0.20 0.21 0.20 0.20 0.19 0.20 0.20 0.20 0.21 0.22 0.21 0.21 0.21 0.22 0.22 0.23 0.22 0.21 0.21 0.21 0.22 0.22 0.21 0.20 0.20 0.20 0.20 0.20 0.21 0.21 0.22 0.21 0.21 0.21 0.20 0.20 0.21 0.22 0.23 0.23 0.21 0.21 0.20 0.21 0.21 0.21 0.21 0.22 0.22 0.21 0.21 0.21 0.20 0.20 0.20 0.19 0.19 0.19 0.19 0.20 0.20 0.19
0.44 0.49 0.49 0.43 0.38 0.36 0.36 0.36 100.00 0.34 0.32 0.33 0.34 0.34 0.33 0.29 0.26 0.26 0.26 0.22 0.21 0.20 0.20 0.21 0.21 0.20 0.20 0.21 0.21 0.21 0.21 0.22 0.22 0.22 0.21 0.21 0.22 0.25 0.23 0.22 0.21 0.22 0.23 0.23 0.22 0.22 0.21 0.21 0.21 0.22 0.22 0.21 0.21 0.21 0.21 0.21 0.20 0.21 0.21 0.22 0.24 0.23 0.22 0.20 0.20 0.21 0.21 0.22 0.23 0.23 0.22 0.22 0.22 0.21 0.21 0.21 0.20 0.19 0.20 0.20 0.20 0.20 0.20 0.19
0.47 0.50 0.50 0.50 0.41 0.38 0.35 0.36 0.38 0.36 0.36 0.36 0.36 0.34 0.31 0.28 0.26 0.26 0.25 0.22 0.22 0.21 0.20 0.20 0.20 0.21 0.21 0.21 0.21 0.22 0.22 0.23 0.23 0.22 0.22 0.21 0.23 0.25 0.24 0.23 0.22 0.22 0.22 0.22 0.22 0.22 0.21 0.22 0.22 0.23 0.22 0.22 0.22 0.21 0.20 0.21 0.21 0.21 0.22 0.23 0.24 0.23 0.22 0.20 0.20 0.21 0.21 0.22 0.22 0.22 0.22 0.22 0.21 0.21 0.22 0.21 0.20 0.20 0.21 0.21 0.21 0.21 0.20 0.19
0.43 0.43 0.45 0.46 0.40 0.40 0.38 0.37 0.40 0.40 0.38 0.36 0.35 0.32 0.31 0.32 0.27 0.26 0.23 0.22 0.22 0.20 0.20 0.19 0.20 0.21 0.21 0.21 0.21 0.22 0.23 0.24 0.24 0.23 0.23 0.21 0.22 0.23 0.24 0.25 0.23 0.21 0.21 0.22 0.22 0.22 0.22 0.22 0.22 0.23 0.23 0.23 0.22 0.21 0.21 0.21 0.22 0.22 0.23 0.23 0.23 0.23 0.21 0.20 0.20 0.20 0.20 0.20 0.21 0.22 0.22 0.21 0.21 0.21 0.22 0.20 0.19 0.19 0.20 0.20 0.22 0.22 0.20 0.18
0.39 0.41 0.48 0.47 0.41 0.40 0.37 0.35 0.34 0.36 0.34 0.34 0.33 0.31 0.33 0.31 0.27 0.25 0.24 0.22 0.20 0.20 0.20 0.19 0.20 0.21 0.21 0.21 0.21 0.22 0.22 0.23 0.23 0.23 0.22 0.20 0.20 0.21 0.24 0.26 0.25 0.23 0.23 0.22 0.22 0.22 0.22 0.23 0.23 0.23 0.23 0.24 0.24 0.24 0.23 0.22 0.23 0.23 0.24 0.22 0.22 0.21 0.21 0.20 0.20 0.21 0.21 0.21 0.20 0.22 0.23 0.22 0.22 0.22 0.21 0.20 0.19 0.19 0.19 0.20 0.22 0.22 0.20 0.18
0.34 0.37 0.42 0.45 0.43 0.39 0.37 0.33 0.31 0.31 0.33 0.33 0.32 0.30 0.28 0.27 0.29 0.26 0.23 0.21 0.20 0.20 0.20 0.20 0.22 0.22 0.21 0.20 0.21 0.22 0.22 0.22 0.22 0.22 0.22 0.20 0.20 0.20 0.23 0.26 0.28 0.25 0.23 0.22 0.21 0.21 0.22 0.22 0.22 0.21 0.21 0.22 0.25 0.24 0.22 0.22 0.24 0.24 0.23 0.23 0.22 0.21 0.20 0.20 0.20 0.20 0.21 0.21 0.21 0.22 0.22 0.21 0.21 0.21 0.21 0.22 0.20 0.19 0.19 0.20 0.23 0.21 0.20 0.19
0.33 0.34 0.35 0.36 0.36 0.35 0.33 0.32 0.31 0.30 0.32 0.30 0.30 0.25 0.24 0.25 0.28 0.24 0.21 0.20 0.20 0.20 0.20 0.22 0.23 0.21 0.21 0.21 0.21 0.22 0.22 0.22 0.21 0.21 0.21 0.21 0.20 0.21 0.23 0.25 0.27 0.24 0.23 0.23 0.22 0.22 0.21 0.21 0.20 0.19 0.20 0.20 0.21 0.20 0.19 0.20 0.21 0.22 0.22 0.23 0.23 0.22 0.21 0.20 0.20 0.20 0.20 0.20 0.22 0.23 0.22 0.21 0.21 0.21 0.21 0.21 0.20 0.19 0.19 0.20 0.21 0.21 0.20 0.19
0.32 0.34 0.35 0.35 0.34 0.30 0.30 0.30 0.29 0.30 0.25 0.24 0.23 0.23 0.24 0.25 0.24 0.22 0.21 0.20 0.18 0.19 0.20 0.22 0.21 0.20 0.20 0.21 0.23 0.22 0.22 0.22 0.21 0.21 0.21 0.21 0.22 0.24 0.24 0.25 0.26 0.24 0.22 0.23 0.22 0.22 0.21 0.20 0.20 0.20 0.20 0.19 0.19 0.19 0.19 0.20 0.20 0.20 0.20 0.21 0.22 0.21 0.20 0.20 0.20 0.20 0.20 0.20 0.21 0.21 0.22 0.22 0.22 0.22 0.22 0.21 0.19 0.19 0.20 0.20 0.20 0.20 0.19 0.19
0.33 0.35 0.35 0.35 0.35 0.31 0.31 0.30 0.29 0.25 0.23 0.23 0.22 0.23 0.25 0.24 0.23 0.21 0.20 0.19 0.19 0.20 0.22 0.22 0.21 0.20 0.20 0.22 0.22 0.23 0.24 0.22 0.21 0.21 0.21 0.21 0.25 0.25 0.25 0.25 0.26 0.23 0.22 0.22 0.22 0.22 0.22 0.21 0.20 0.21 0.20 0.19 0.19 0.19 0.20 0.20 0.20 0.19 0.19 0.20 0.21 0.20 0.20 0.20 0.20 0.20 0.20 0.20 0.21 0.21 0.21 0.22 0.22 0.22 0.23 0.20 0.19 0.19 0.20 0.20 0.20 0.21 0.20 0.19
0.35 0.35 0.35 0.34 0.31 0.29 0.27 0.28 0.25 0.23 0.23 0.22 0.22 0.23 0.23 0.22 0.21 0.21 0.20 0.19 0.19 0.21 0.23 0.22 0.21 0.21 0.21 0.22 0.22 0.24 0.24 0.23 0.22 0.21 0.21 0.21 0.25 0.25 0.25 0.25 0.25 0.23 0.22 0.24 0.27 0.25 0.24 0.21 0.21 0.21 0.21 0.21 0.20 0.20 0.21 0.21 0.21 0.21 0.20 0.19 0.20 0.20 0.20 0.20 0.21 0.20 0.21 0.21 0.20 0.20 0.20 0.22 0.21 0.20 0.20 0.19 0.19 0.20 0.20 0.20 0.21 0.21 0.20 0.19
0.35 0.34 0.34 0.32 0.27 0.24 0.23 0.24 0.21 0.22 0.22 0.21 0.20 0.21 0.21 0.21 0.21 0.21 0.21 0.20 0.19 0.21 0.23 0.22 0.21 0.21 0.21 0.22 0.22 0.23 0.23 0.23 0.23 0.23 0.22 0.22 0.25 0.25 0.24 0.24 0.24 0.24 0.25 0.29 0.31 0.26 0.27 0.24 0.22 0.22 0.22 0.22 0.21 0.21 0.22 0.22 0.23 0.23 0.22 0.21 0.21 0.20 0.20 0.20 0.22 0.21 0.20 0.20 0.20 0.20 0.19 0.20 0.19 0.19 0.19 0.19 0.20 0.20 0.20 0.20 0.20 0.20 0.19 0.19
0.33 0.32 0.32 0.30 0.24 0.23 0.22 0.21 0.20 0.20 0.21 0.21 0.20 0.21 0.21 0.20 0.20 0.20 0.21 0.21 0.20 0.20 0.22 0.22 0.22 0.20 0.21 0.22 0.23 0.23 0.22 0.23 0.24 0.25 0.24 0.25 0.25 0.25 0.24 0.24 0.24 0.24 0.28 0.30 0.31 0.29 0.29 0.25 0.22 0.22 0.22 0.23 0.22 0.22 0.22 0.23 0.24 0.25 0.25 0.24 0.22 0.21 0.20 0.20 0.22 0.21 0.20 0.20 0.21 0.21 0.20 0.19 0.19 0.19 0.19 0.20 0.21 0.22 0.22 0.21 0.20 0.19 0.19 0.20
0.34 0.34 0.33 0.30 0.25 0.23 0.22 0.21 0.20 0.19 0.20 0.21 0.21 0.21 0.21 0.21 0.20 0.20 0.21 0.22 0.20 0.21 0.23 0.23 0.22 0.19 0.21 0.23 0.23 0.24 0.24 0.24 0.23 0.24 0.24 0.24 0.25 0.26 0.26 0.25 0.24 0.26 0.28 0.28 0.29 0.28 0.26 0.24 0.22 0.22 0.22 0.22 0.22 0.22 0.22 0.23 0.24 0.27 0.26 0.23 0.21 0.22 0.21 0.21 0.21 0.21 0.22 0.21 0.20 0.21 0.20 0.19 0.19 0.19 0.20 0.21 0.23 0.22 0.21 0.21 0.20 0.19 0.20 0.22
0.31 0.35 0.30 0.26 0.24 0.22 0.22 0.21 0.20 0.20 0.20 0.21 0.21 0.21 0.21 0.20 0.20 0.20 0.20 0.21 0.21 0.21 0.23 0.23 0.22 0.20 0.21 0.23 0.24 0.25 0.25 0.26 0.25 0.24 0.24 0.26 0.27 0.31 0.29 0.25 0.25 0.27 0.27 0.27 0.26 0.25 0.24 0.23 0.24 0.24 0.23 0.23 0.23 0.23 0.22 0.24 0.26 0.29 0.25 0.23 0.21 0.21 0.22 0.22 0.22 0.21 0.21 0.20 0.20 0.20 0.19 0.19 0.19 0.20 0.21 0.22 0.23 0.22 0.22 0.21 0.20 0.20 0.21 0.22
0.25 0.29 0.26 0.24 0.22 0.21 0.22 0.21 0.20 0.20 0.21 0.21 0.21 0.21 0.21 0.20 0.20 0.21 0.21 0.21 0.20 0.20 0.23 0.24 0.23 0.21 0.22 0.23 0.24 0.25 0.25 0.26 0.27 0.26 0.27 0.27 0.28 0.32 0.30 0.27 0.27 0.27 0.25 0.25 0.24 0.24 0.23 0.23 0.25 0.28 0.26 0.25 0.24 0.24 0.23 0.25 0.29 0.31 0.29 0.24 0.21 0.21 0.22 0.22 0.23 0.20 0.20 0.20 0.20 0.20 0.19 0.19 0.20 0.21 0.22 0.23 0.23 0.23 0.24 0.23 0.21 0.21 0.22 0.23
0.24 0.24 0.23 0.22 0.21 0.20 0.20 0.20 0.20 0.20 0.21 0.22 0.22 0.22 0.22 0.22 0.21 0.22 0.22 0.22 0.20 0.21 0.23 0.24 0.24 0.22 0.22 0.23 0.24 0.25 0.25 0.26 0.27 0.27 0.27 0.26 0.28 0.31 0.31 0.30 0.30 0.28 0.25 0.24 0.24 0.24 0.23 0.23 0.25 0.26 0.25 0.25 0.24 0.24 0.25 0.29 0.34 0.34 0.32 0.25 0.22 0.21 0.22 0.22 0.23 0.21 0.19 0.20 0.20 0.20 0.19 0.19 0.21 0.22 0.23 0.24 0.24 0.24 0.25 0.23 0.23 0.23 0.23 0.23
0.23 0.22 0.21 0.20 0.19 0.19 0.19 0.20 0.20 0.19 0.19 0.21 0.21 0.22 0.23 0.23 0.24 0.24 0.22 0.21 0.21 0.21 0.22 0.23 0.23 0.22 0.22 0.23 0.24 0.24 0.25 0.25 0.26 0.24 0.24 0.25 0.27 0.31 0.34 0.33 0.31 0.28 0.27 0.26 0.26 0.26 0.25 0.24 0.24 0.24 0.24 0.26 0.27 0.26 0.29 0.36 0.38 0.35 0.32 0.26 0.22 0.22 0.22 0.21 0.22 0.22 0.20 0.19 0.19 0.19 0.20 0.20 0.20 0.23 0.23 0.25 0.24 0.25 0.27 0.24 0.23 0.23 0.23 0.23
0.21 0.21 0.20 0.19 0.19 0.19 0.19 0.20 0.20 0.19 0.19 0.19 0.20 0.21 0.21 0.23 0.25 0.24 0.22 0.21 0.21 0.22 0.23 0.23 0.23 0.22 0.22 0.24 0.24 0.24 0.24 0.24 0.24 0.23 0.24 0.25 0.25 0.30 0.33 0.34 0.33 0.29 0.28 0.27 0.26 0.27 0.26 0.24 0.23 0.23 0.24 0.28 0.31 0.29 0.32 0.37 0.37 0.35 0.31 0.26 0.22 0.22 0.22 0.21 0.21 0.20 0.20 0.19 0.19 0.19 0.19 0.20 0.21 0.23 0.24 0.26 0.27 0.27 0.27 0.23 0.21 0.22 0.21 0.22
2.51 0.19 0.19 0.19 0.19 0.19 0.20 0.21 0.21 0.20 0.19 0.18 0.20 0.21 0.22 0.24 0.24 0.22 0.21 0.22 0.22 0.22 0.23 0.23 0.23 0.22 0.22 0.23 0.25 0.25 0.24 0.24 0.24 0.24 0.24 0.26 0.26 0.28 0.29 0.30 0.30 0.29 0.29 0.27 0.25 0.26 0.26 0.24 0.23 0.25 0.28 0.32 0.34 0.31 0.31 0.36 0.34 0.31 0.28 0.26 0.22 0.21 0.21 0.21 0.20 0.20 0.20 0.20 0.20 0.19 0.20 0.20 0.22 0.23 0.24 0.30 0.31 0.27 0.23 0.21 0.20 0.21 0.22 0.23
0.20 0.19 0.19 0.19 0.19 0.20 0.20 0.21 0.21 0.21 0.19 0.19 0.20 0.22 0.23 0.23 0.22 0.21 0.21 0.22 0.22 0.23 0.23 0.24 0.24 0.22 0.22 0.22 0.23 0.24 0.23 0.24 0.24 0.24 0.24 0.24 0.25 0.25 0.27 0.29 0.29 0.29 0.29 0.29 0.29 0.30 0.30 0.26 0.24 0.29 0.32 0.33 0.33 0.32 0.31 0.32 0.29 0.28 0.26 0.28 0.25 0.22 0.21 0.20 0.20 0.19 0.19 0.20 0.20 0.21 0.21 0.21 0.22 0.24 0.25 0.27 0.27 0.24 0.21 0.20 0.21 0.22 0.23 0.23
0.20 0.20 0.19 0.19 0.19 0.19 0.19 0.19 0.20 0.20 0.19 0.19 0.19 0.20 0.21 0.21 0.21 0.21 0.21 0.22 0.23 0.23 0.24 0.24 0.23 0.22 0.22 0.22 0.22 0.23 0.24 0.25 0.24 0.23 0.23 0.22 0.23 0.24 0.26 0.27 0.28 0.29 0.32 0.34 0.33 0.34 0.34 0.30 0.27 0.28 0.30 0.28 0.30 0.31 0.31 0.30 0.28 0.28 0.26 0.28 0.25 0.23 0.21 0.22 0.21 0.20 0.19 0.20 0.21 0.21 0.21 0.22 0.22 0.23 0.23 0.23 0.23 0.20 0.19 0.20 0.22 0.22 0.23 0.23
0.19 0.19 0.19 0.19 0.20 0.19 0.19 0.19 0.19 0.19 0.19 0.19 0.19 0.19 0.19 0.20 0.21 0.20 0.21 0.22 0.22 0.22 0.23 0.23 0.23 0.22 0.22 0.23 0.23 0.24 0.25 0.25 0.24 0.23 0.22 0.22 0.22 0.23 0.25 0.26 0.27 0.30 0.33 0.33 0.31 0.32 0.35 0.34 0.31 0.27 0.25 0.26 0.28 0.27 0.27 0.27 0.27 0.25 0.21 0.21 0.22 0.23 0.22 0.24 0.23 0.20 0.20 0.21 0.21 0.21 0.22 0.22 0.22 0.21 0.21 0.21 0.21 0.19 0.20 0.20 0.22 0.24 0.24 0.23
0.18 0.18 0.19 0.19 0.19 0.19 0.19 0.18 0.19 0.20 0.20 0.20 0.19 0.19 0.19 0.20 0.20 0.20 0.20 0.22 0.22 0.22 0.23 0.23 0.22 0.22 0.21 0.23 0.24 0.24 0.24 0.23 0.23 0.23 0.23 0.22 0.22 0.22 0.24 0.25 0.26 0.29 0.31 0.33 0.31 0.31 0.33 0.38 0.33 0.28 0.25 0.27 0.28 0.27 0.26 0.25 0.23 0.21 0.20 0.21 0.24 0.24 0.23 0.26 0.26 0.23 0.23 0.25 0.23 0.22 0.22 0.22 0.22 0.22 0.21 0.20 0.20 0.20 0.21 0.21 0.25 0.26 0.24 0.23
0.18 0.18 0.19 0.19 0.19 0.19 0.19 0.18 0.19 0.19 0.20 0.19 0.19 0.19 0.20 0.20 0.20 0.20 0.22 0.22 0.22 0.23 0.22 0.22 0.21 0.20 0.21 0.21 0.21 0.22 0.23 0.23 0.24 0.24 0.23 0.23 0.23 0.23 0.23 0.23 0.26 0.28 0.31 0.33 0.33 0.33 0.34 0.34 0.31 0.28 0.28 0.30 0.29 0.26 0.24 0.24 0.21 0.21 0.21 0.24 0.24 0.26 0.28 0.28 0.26 0.25 0.27 0.27 0.25 0.25 0.23 0.23 0.23 0.22 0.21 0.21 0.21 0.21 0.21 0.21 0.23 0.24 0.24 0.23
0.18 0.18 0.19 0.20 0.20 0.20 0.19 0.19 0.18 0.18 0.19 0.19 0.20 0.20 0.20 0.20 0.20 0.21 0.23 0.22 0.22 0.22 0.22 0.22 0.20 0.20 0.22 0.22 0.21 0.22 0.23 0.24 0.24 0.25 0.25 0.24 0.24 0.23 0.22 0.24 0.27 0.30 0.32 0.35 0.36 0.37 0.37 0.35 0.30 0.28 0.30 0.31 0.28 0.25 0.25 0.25 0.23 0.21 0.23 0.24 0.24 0.26 0.28 0.27 0.23 0.23 0.23 0.23 0.23 0.23 0.22 0.21 0.22 0.21 0.21 0.22 0.23 0.23 0.23 0.22 0.21 0.21 0.20 0.20
0.18 0.18 0.19 0.20 0.19 0.19 0.19 0.19 0.18 0.19 0.19 0.19 0.19 0.20 0.19 0.20 0.20 0.22 0.23 0.23 0.23 0.22 0.22 0.21 0.21 0.21 0.23 0.23 0.24 0.24 0.23 0.23 0.25 0.25 0.25 0.25 0.24 0.23 0.23 0.25 0.26 0.30 0.37 0.37 0.38 0.35 0.33 0.32 0.28 0.27 0.28 0.27 0.24 0.24 0.24 0.25 0.24 0.22 0.23 0.25 0.25 0.28 0.27 0.24 0.22 0.22 0.21 0.21 0.22 0.22 0.21 0.21 0.20 0.20 0.21 0.21 0.21 0.21 0.21 0.20 0.19 0.19 0.20 0.20
0.18 0.18 0.19 0.19 0.19 0.19 0.19 0.19 0.19 0.19 0.20 0.19 0.19 0.19 0.20 0.20 0.21 0.23 0.24 0.23 0.23 0.23 0.22 0.21 0.22 0.22 0.22 0.23 0.24 0.24 0.24 0.24 0.24 0.25 0.25 0.25 0.24 0.25 0.24 0.24 0.25 0.29 0.34 0.37 0.36 0.28 0.27 0.26 0.24 0.24 0.24 0.24 0.23 0.23 0.22 0.23 0.23 0.23 0.23 0.27 0.27 0.27 0.25 0.24 0.24 0.23 0.22 0.21 0.21 0.22 0.21 0.20 0.20 0.20 0.21 0.21 0.21 0.20 0.20 0.20 0.20 0.20 0.21 0.21
0.18 0.18 0.19 0.19 0.19 0.19 0.19 0.19 0.18 0.18 0.19 0.19 0.18 0.20 0.21 0.20 0.21 0.23 0.23 0.22 0.22 0.22 0.22 0.22 0.24 0.24 0.23 0.22 0.22 0.23 0.24 0.24 0.24 0.24 0.24 0.24 0.24 0.24 0.23 0.25 0.26 0.28 0.30 0.34 0.31 0.24 0.22 0.22 0.22 0.23 0.24 0.24 0.24 0.22 0.22 0.23 0.23 0.24 0.25 0.25 0.25 0.24 0.24 0.23 0.23 0.23 0.21 0.20 0.20 0.21 0.21 0.20 0.19 0.19 0.20 0.19 0.19 0.18 0.19 0.19 0.20 0.21 0.21 0.22
0.18 0.18 0.18 0.18 0.19 0.19 0.18 0.18 0.18 0.18 0.19 0.18 0.19 0.20 0.20 0.20 0.20 0.21 0.21 0.21 0.21 0.22 0.22 0.23 0.24 0.24 0.23 0.22 0.22 0.23 0.24 0.23 0.23 0.22 0.23 0.23 0.23 0.23 0.23 0.24 0.25 0.26 0.29 0.31 0.25 0.22 0.21 0.22 0.23 0.24 0.25 0.24 0.24 0.24 0.24 0.24 0.24 0.25 0.25 0.23 0.23 0.23 0.23 0.22 0.22 0.21 0.20 0.19 0.19 0.19 0.19 0.19 0.19 0.18 0.18 0.18 0.18 0.18 0.18 0.19 0.19 0.20 0.21 0.21
0.18 0.18 0.18 0.18 0.18 0.18 0.18 0.18 0.18 0.18 0.19 0.19 0.21 0.21 0.21 0.20 0.20 0.20 0.21 0.21 0.20 0.21 0.21 0.22 0.23 0.24 0.24 0.24 0.23 0.23 0.24 0.23 0.22 0.21 0.22 0.22 0.21 0.21 0.22 0.23 0.24 0.24 0.25 0.24 0.21 0.21 0.23 0.23 0.24 0.23 0.24 0.24 0.25 0.28 0.27 0.25 0.26 0.24 0.23 0.21 0.22 0.22 0.22 0.21 0.21 0.20 0.18 0.18 0.18 0.18 0.18 0.18 0.19 0.19 0.19 0.19 0.18 0.18 0.18 0.19 0.19 0.19 0.20 0.20
0.18 0.18 0.18 0.18 0.18 0.18 0.19 0.19 0.19 0.19 0.19 0.20 0.21 0.20 0.20 0.21 0.21 0.22 0.22 0.21 0.21 0.20 0.20 0.21 0.21 0.22 0.25 0.26 0.23 0.24 0.24 0.23 0.23 0.23 0.22 0.21 0.20 0.21 0.22 0.23 0.24 0.24 0.23 0.21 0.21 0.22 0.24 0.24 0.25 0.24 0.24 0.26 0.27 0.29 0.27 0.25 0.26 0.24 0.22 0.21 0.21 0.21 0.21 0.20 0.20 0.19 0.18 0.18 0.19 0.18 0.18 0.18 0.19 0.19 0.19 0.19 0.19 0.19 0.19 0.19 0.19 0.19 0.20 0.21
0.18 0.19 0.19 0.18 0.18 0.18 0.19 0.19 0.20 0.20 0.20 0.21 0.20 0.20 0.22 0.23 0.24 0.24 0.24 0.24 0.22 0.20 0.20 0.21 0.22 0.22 0.24 0.25 0.23 0.23 0.24 0.22 0.23 0.24 0.23 0.22 0.21 0.20 0.21 0.21 0.22 0.23 0.22 0.22 0.23 0.25 0.25 0.25 0.26 0.25 0.25 0.28 0.28 0.27 0.25 0.24 0.24 0.24 0.22 0.21 0.20 0.20 0.19 0.19 0.19 0.19 0.18 0.18 0.19 0.18 0.19 0.19 0.20 0.20 0.21 0.20 0.20 0.20 0.19 0.19 0.19 0.20 0.21 0.21
0.19 0.19 0.19 0.20 0.19 0.20 0.20 0.20 0.20 0.20 0.20 0.21 0.21 0.22 0.23 0.24 0.25 0.26 0.26 0.26 0.25 0.22 0.22 0.23 0.24 0.24 0.24 0.24 0.23 0.24 0.24 0.23 0.23 0.24 0.25 0.23 0.20 0.19 0.20 0.20 0.21 0.22 0.24 0.24 0.25 0.25 0.25 0.26 0.27 0.27 0.27 0.27 0.27 0.25 0.23 0.23 0.23 0.23 0.23 0.21 0.19 0.19 0.19 0.19 0.19 0.19 0.19 0.19 0.18 0.19 0.20 0.20 0.20 0.20 0.21 0.21 0.20 0.20 0.20 0.20 0.20 0.21 0.21 0.20
0.18 0.19 0.20 0.20 0.20 0.20 0.21 0.21 0.20 0.20 0.20 0.20 0.21 0.22 0.22 0.25 0.28 0.26 0.26 0.27 0.28 0.25 0.24 0.26 0.26 0.27 0.25 0.24 0.23 0.23 0.23 0.23 0.22 0.22 0.23 0.23 0.20 0.19 0.19 0.20 0.21 0.23 0.25 0.25 0.24 0.23 0.23 0.25 0.27 0.27 0.26 0.25 0.24 0.23 0.22 0.23 0.22 0.22 0.22 0.20 0.18 0.18 0.19 0.18 0.18 0.19 0.20 0.20 0.19 0.19 0.20 0.20 0.20 0.20 0.21 0.21 0.21 0.21 0.21 0.21 0.21 0.21 0.20 0.20
0.18 0.19 0.19 0.19 0.19 0.20 0.21 0.21 0.21 0.20 0.19 0.20 0.21 0.22 0.23 0.26 0.27 0.28 0.27 0.27 0.27 0.25 0.26 0.25 0.25 0.26 0.25 0.24 0.22 0.21 0.22 0.22 0.21 0.20 0.21 0.21 0.19 0.18 0.19 0.20 0.23 0.23 0.24 0.25 0.23 0.23 0.24 0.26 0.26 0.25 0.24 0.23 0.23 0.22 0.23 0.23 0.22 0.21 0.20 0.19 0.18 0.18 0.19 0.19 0.19 0.21 0.22 0.21 0.20 0.20 0.20 0.21 0.21 0.20 0.20 0.20 0.20 0.20 0.21 0.21 0.21 0.21 0.20 0.21
0.19 0.19 0.19 0.20 0.19 0.20 0.20 0.21 0.21 0.20 0.19 0.20 0.21 0.23 0.24 0.26 0.27 0.27 0.28 0.27 0.26 0.25 0.26 0.24 0.24 0.24 0.23 0.22 0.21 0.21 0.21 0.22 0.20 0.20 0.21 0.21 0.20 0.20 0.22 0.24 0.24 0.25 0.24 0.24 0.25 0.25 0.25 0.24 0.24 0.23 0.23 0.24 0.24 0.23 0.22 0.22 0.21 0.20 0.19 0.19 0.20 0.20 0.20 0.20 0.21 0.22 0.23 0.23 0.21 0.21 0.21 0.21 0.21 0.20 0.20 0.19 0.19 0.19 0.19 0.19 0.19 0.20 0.20 0.20
