data/case_study_iwrn/geo/gridded/shebele.dem.txt
ncols        763
nrows        553
xllcorner    38.675613235556
yllcorner    4.620037453540
cellsize     0.008993216100
NODATA_value  -9999.00
[rows 384 to 415 of 553, columns 504 to 575 of 763]
316.25 319.03 321.46 319.40 314.81 321.29 325.91 330.11 332.51 337.75 335.22 337.06 342.46 347.85 351.28 346.72 334.25 324.68 318.74 315.81 317.77 323.21 325.18 330.36 335.00 328.21 323.22 320.82 321.61 323.61 326.83 333.30 341.48 338.99 332.44 325.71 324.48 328.01 332.06 334.26 330.73 326.18 327.08 326.70 327.11 327.64 328.53 329.39 329.59 330.66 333.22 335.61 339.00 343.20 348.76 353.67 358.43 364.05 370.62 376.40 381.57 388.95 399.65 410.37 424.09 429.42 432.21 451.71 551.75 574.89 584.38 579.39
318.48 316.52 311.28 311.24 312.02 318.98 324.48 330.02 341.50 342.85 333.31 337.57 344.16 348.50 346.31 341.00 335.35 328.84 323.75 318.75 317.17 321.01 326.67 334.11 332.02 323.12 320.14 319.08 319.48 322.37 329.67 335.66 340.18 336.74 330.99 324.48 322.33 325.17 328.66 328.58 326.85 324.64 324.57 324.61 325.06 325.45 326.12 326.39 326.54 327.84 330.57 333.68 337.57 342.39 346.88 351.46 356.78 363.77 370.69 377.33 384.29 392.01 400.01 408.69 415.50 442.38 515.89 474.94 509.21 540.62 570.83 580.35
315.92 311.72 308.23 314.34 313.03 328.69 334.71 330.46 333.25 341.48 329.62 334.55 339.38 345.90 338.18 333.96 332.53 331.75 331.73 328.18 319.65 321.97 329.50 337.73 331.40 320.95 318.36 317.42 316.97 324.75 341.82 338.93 339.37 336.76 328.83 322.53 320.57 322.32 325.28 323.58 323.25 321.56 321.85 322.22 323.25 323.30 323.69 323.57 323.85 325.09 328.51 332.03 335.60 339.82 344.48 349.83 356.48 362.48 369.04 378.08 386.10 393.07 410.22 414.84 412.81 464.89 558.82 562.70 577.09 569.51 551.16 562.20
312.30 307.44 309.24 318.90 321.39 327.79 327.70 320.27 322.35 333.28 323.99 324.33 329.87 337.77 333.67 326.60 327.38 328.33 326.57 325.39 320.58 321.40 327.23 329.89 327.44 320.53 316.72 315.78 316.42 323.58 331.99 332.64 338.47 339.95 331.93 331.42 323.08 318.20 319.56 319.99 319.98 319.40 319.97 320.55 321.56 321.08 320.85 320.85 321.61 323.30 326.48 329.75 333.79 337.77 342.96 349.81 358.86 361.56 368.40 376.30 381.00 388.73 417.36 436.74 424.60 439.09 459.53 508.52 546.49 586.88 589.88 589.04
309.73 304.76 311.93 332.75 329.77 323.84 316.75 311.89 324.03 327.01 318.57 317.46 321.46 330.21 333.47 323.51 320.92 321.72 321.35 319.32 317.17 318.23 321.47 323.56 324.52 319.12 314.07 313.97 320.45 330.07 326.74 328.30 333.16 336.15 338.54 340.57 338.83 321.77 316.68 317.73 317.92 317.08 317.31 318.07 318.52 319.24 318.56 318.60 319.53 322.09 326.96 331.15 337.46 344.52 347.60 352.22 357.10 358.25 365.56 370.75 374.51 384.71 401.08 460.84 482.74 492.34 540.98 579.39 571.21 579.99 585.52 589.87
305.54 303.62 303.12 317.99 329.95 325.72 313.30 308.93 316.89 316.12 314.15 312.49 319.65 328.95 325.81 319.98 316.28 318.84 318.82 315.15 313.20 313.79 315.38 317.11 316.42 313.33 311.86 313.70 320.09 328.80 325.85 328.31 332.26 330.19 338.73 349.38 358.74 332.15 315.87 316.24 315.67 314.32 314.95 316.44 316.57 317.13 316.88 316.44 318.00 329.91 343.32 342.69 353.72 367.12 367.69 363.89 356.22 354.19 360.55 364.64 370.19 381.44 400.67 514.49 573.87 516.59 589.14 589.56 581.06 573.85 580.11 583.81
300.74 302.08 299.77 301.96 310.39 307.38 303.16 309.17 313.93 309.20 308.57 312.90 317.51 317.27 317.26 313.61 312.61 317.02 316.91 312.23 310.31 310.40 311.27 311.63 311.14 309.55 310.86 316.00 319.61 323.51 322.79 327.36 329.76 330.64 338.69 339.63 350.37 335.97 317.75 320.95 314.39 311.72 313.23 314.23 315.07 314.95 314.24 320.38 325.99 336.98 357.39 355.01 354.89 358.65 355.84 353.08 348.79 351.19 356.55 361.81 369.37 382.40 400.60 511.00 602.49 582.58 585.86 588.62 582.42 568.34 572.02 576.57
299.05 301.26 299.15 300.05 305.73 299.16 301.21 306.95 309.50 304.86 305.29 311.41 309.70 308.94 312.78 310.04 309.10 314.18 317.94 312.28 307.90 307.06 307.50 308.18 307.69 307.33 311.27 317.41 320.75 319.40 318.34 321.85 323.33 326.41 332.61 333.45 345.73 337.93 319.19 314.20 312.01 309.81 311.10 311.82 312.86 312.30 316.98 337.70 333.71 337.34 342.02 341.31 338.80 340.09 340.08 341.11 344.45 348.45 354.50 361.42 371.54 383.06 404.67 480.75 568.37 594.57 591.50 586.67 578.78 563.07 557.66 568.19
296.89 298.60 298.12 296.51 295.07 296.66 311.61 313.41 305.63 300.21 306.44 306.94 303.90 304.02 306.98 305.56 307.00 311.98 318.48 314.00 307.03 303.08 303.28 304.68 305.09 305.36 309.82 315.23 317.37 314.80 313.10 315.56 317.80 321.20 323.52 330.47 337.90 329.40 313.22 310.58 308.99 308.18 309.39 309.69 310.35 310.63 326.14 330.90 326.09 330.72 331.82 330.00 331.44 332.96 334.92 338.97 343.42 349.36 357.13 365.34 376.29 405.10 445.10 566.48 587.40 585.56 586.44 585.52 575.82 550.07 537.93 543.33
295.13 295.74 295.92 295.31 292.83 296.72 310.78 311.95 304.10 296.84 302.85 306.16 300.81 298.91 298.62 302.50 306.71 310.07 313.76 311.49 306.05 302.36 300.90 301.85 302.45 303.08 305.66 310.66 313.04 310.66 308.55 309.62 311.87 315.70 318.46 323.53 327.19 329.71 312.38 308.13 307.20 306.59 307.69 307.86 308.58 315.55 321.55 318.65 322.55 324.03 324.25 325.65 327.83 330.61 336.65 342.81 347.95 353.64 363.77 373.99 383.71 492.67 579.57 582.39 579.38 571.34 578.05 579.68 576.54 567.38 525.54 532.72
294.95 294.17 294.44 294.50 292.59 292.92 296.13 298.74 300.08 294.31 298.33 302.88 298.37 294.88 306.23 316.82 315.62 313.27 309.00 310.27 307.34 301.74 298.46 298.73 299.82 301.34 306.12 311.89 311.09 307.93 304.67 304.50 307.80 310.70 315.53 318.30 321.06 326.29 316.49 306.88 304.95 304.96 306.00 306.95 307.75 311.93 314.22 315.36 317.49 318.48 320.85 322.66 325.34 332.31 341.87 352.60 357.35 365.36 385.27 387.20 461.67 573.17 587.15 583.44 553.08 537.96 577.94 568.25 561.12 568.98 546.42 503.13
295.42 293.73 293.01 293.07 292.20 291.30 290.98 292.03 293.71 293.18 299.24 294.66 292.28 297.65 313.85 305.95 313.53 321.40 309.20 310.88 307.78 301.53 297.18 296.99 297.63 300.31 304.63 309.01 308.06 304.71 301.36 301.64 305.35 308.57 312.83 314.04 318.00 322.38 318.39 306.23 303.22 303.01 304.16 305.20 306.12 310.24 313.23 312.67 314.22 316.47 316.68 321.50 326.93 332.77 345.06 365.56 368.60 377.54 438.46 470.92 519.98 589.17 581.37 567.78 526.16 510.95 570.87 566.38 530.84 532.83 551.56 498.47
293.92 293.02 292.25 291.95 291.50 290.85 290.32 289.95 289.60 293.36 295.58 290.18 288.82 292.87 298.22 303.06 308.23 315.81 308.09 310.04 308.05 300.60 295.85 294.99 295.09 298.59 304.68 308.63 305.07 301.19 298.46 298.86 302.21 306.46 310.26 309.22 314.12 320.09 319.89 309.28 302.23 301.72 302.77 302.01 303.92 309.14 309.19 309.84 313.23 312.89 315.46 320.44 324.67 331.97 341.27 352.64 371.89 411.34 482.97 566.64 580.80 580.78 578.60 572.73 556.63 491.94 505.29 541.97 531.25 500.62 538.61 507.01
293.05 292.27 291.97 291.47 290.88 290.44 290.15 289.77 289.43 289.47 289.31 288.54 289.86 294.17 301.16 302.89 308.57 308.71 304.07 313.25 318.25 308.68 298.20 292.68 292.87 299.19 304.82 307.25 302.90 297.89 295.31 295.73 298.66 303.82 306.16 305.69 311.62 314.50 313.94 308.24 302.71 300.60 301.11 300.74 302.09 304.01 304.41 308.41 310.93 309.58 314.26 317.01 322.39 331.14 342.10 354.84 387.95 463.19 541.47 567.21 580.10 577.05 574.30 571.45 572.15 538.03 450.62 509.06 545.83 476.98 489.54 525.44
292.78 292.05 291.59 291.07 290.57 290.25 289.71 289.55 289.16 288.79 288.54 288.44 292.54 293.25 297.04 302.49 311.13 301.62 301.59 314.65 316.28 313.85 301.62 292.40 290.49 294.56 299.44 304.72 303.74 295.81 292.55 292.54 296.64 300.89 300.65 303.67 308.16 309.20 304.40 301.99 301.00 299.31 299.08 299.38 299.55 299.56 302.94 309.18 308.63 306.70 310.27 313.45 320.29 330.07 346.74 381.17 400.06 389.08 409.07 541.83 579.85 573.18 571.45 567.46 526.98 529.40 465.31 469.19 510.78 515.13 451.89 513.07
292.89 291.84 291.25 290.49 290.27 289.71 289.19 289.02 288.87 288.51 288.27 287.96 288.09 289.27 295.18 314.24 303.82 296.87 303.24 314.21 308.66 303.98 300.44 292.10 288.64 293.85 295.93 300.63 304.01 295.81 290.27 290.32 297.30 299.69 296.98 300.36 304.36 308.81 303.15 298.43 297.82 297.98 297.25 298.09 298.14 296.82 300.18 303.94 303.38 304.31 307.50 312.67 317.72 328.32 345.98 378.51 366.73 356.13 385.96 537.83 576.04 562.37 523.76 559.24 546.08 471.26 481.31 426.65 488.57 532.90 461.43 458.54
292.71 292.04 291.19 290.51 289.96 289.62 289.24 288.94 288.78 288.45 288.06 288.15 287.35 286.77 295.92 308.00 294.99 296.47 301.67 306.51 303.25 297.23 293.47 288.28 286.25 288.71 290.78 295.01 295.11 292.25 287.78 288.87 297.41 296.57 293.63 296.83 303.64 309.63 305.00 300.11 298.73 296.14 295.37 297.29 296.58 294.38 297.22 299.09 302.00 307.07 314.30 314.54 313.92 322.83 338.06 355.71 343.94 345.22 394.75 507.62 464.49 518.37 482.49 524.07 550.07 494.33 442.18 414.46 469.02 516.24 477.64 423.70
292.73 292.45 291.89 291.21 290.44 289.93 289.49 288.95 288.46 288.17 287.88 287.68 286.99 286.92 295.69 295.53 290.07 291.56 296.48 299.33 301.37 296.35 290.63 285.42 283.19 286.52 298.03 299.72 290.76 288.02 286.59 284.92 288.73 290.23 291.76 296.68 302.65 307.38 304.72 300.91 301.53 294.96 292.60 294.08 293.19 292.53 294.79 298.18 305.14 308.35 310.22 307.82 308.46 316.53 325.24 329.21 332.28 343.27 392.90 442.09 429.49 515.79 435.12 470.45 527.67 534.76 502.93 439.86 414.78 476.12 452.89 413.32
293.47 293.38 293.84 292.49 291.14 290.35 289.07 288.66 288.31 288.20 287.81 287.22 286.59 287.33 303.09 294.18 286.87 293.12 308.14 303.18 302.11 299.79 298.52 290.98 281.83 287.29 297.58 298.54 290.55 283.11 282.91 281.56 283.54 287.08 292.79 294.47 297.48 300.33 302.71 298.78 294.73 292.64 291.84 290.76 289.58 291.17 294.77 306.09 315.79 308.32 301.57 300.47 303.70 308.41 315.13 321.17 327.74 345.68 386.96 378.09 436.48 521.39 416.08 485.84 483.85 502.87 472.59 427.49 400.44 412.11 421.21 392.36
293.51 294.58 295.28 293.06 291.69 290.43 289.12 288.73 288.54 287.99 287.57 287.25 286.54 285.86 298.55 302.40 290.02 289.59 290.16 288.44 290.40 291.44 290.23 290.51 284.19 282.71 285.83 286.33 284.26 281.52 280.57 280.78 284.20 287.45 290.95 286.93 289.17 293.60 299.90 298.62 291.88 289.93 289.84 289.43 288.43 291.81 300.64 309.67 307.62 300.82 296.26 296.92 301.59 305.41 310.93 315.92 324.99 365.18 408.01 358.59 439.75 467.51 390.42 498.91 490.77 419.68 474.04 486.57 440.72 379.26 378.91 412.73
294.25 292.48 294.06 292.64 290.78 289.48 289.21 289.60 288.92 288.11 287.89 287.73 287.11 286.50 287.40 289.77 286.86 284.32 283.61 283.65 283.83 282.77 282.56 282.40 282.31 281.87 281.91 281.56 281.54 280.65 279.96 282.02 288.41 288.45 282.85 281.18 283.00 289.64 294.56 294.36 289.50 287.44 287.48 287.58 288.04 292.93 302.59 305.42 296.48 294.20 292.56 295.52 299.33 301.17 305.80 310.78 325.36 365.38 384.00 347.57 403.56 450.10 380.28 422.26 494.85 443.77 399.36 474.10 461.84 392.37 379.69 464.82
297.54 294.01 293.66 291.99 291.31 290.21 289.64 289.59 289.36 288.37 288.36 288.35 287.80 287.18 285.67 285.30 285.32 285.04 284.63 284.17 283.67 283.37 282.80 281.97 282.01 281.58 281.06 281.08 280.49 280.72 280.20 279.81 283.27 286.73 278.44 277.88 277.99 284.29 288.84 291.40 288.16 285.28 285.31 286.25 285.86 291.93 302.41 298.53 290.57 290.13 290.01 291.85 294.81 296.65 299.99 305.19 318.06 348.05 363.82 338.83 381.07 446.94 368.06 368.44 441.71 454.27 379.44 418.10 446.11 422.59 372.17 404.90
299.88 296.10 293.56 292.42 292.15 290.52 289.74 288.95 289.38 288.69 288.56 287.99 286.98 286.88 286.18 285.55 285.39 284.66 283.97 283.48 282.80 282.43 282.02 281.49 281.48 281.45 281.58 281.45 281.16 280.89 280.28 280.35 279.96 279.52 279.07 279.97 277.48 280.88 284.15 286.97 286.55 283.70 283.75 284.47 284.77 294.23 302.66 291.48 284.82 285.61 287.83 291.40 290.67 292.18 294.32 299.41 310.02 333.79 335.39 333.01 373.45 430.55 373.35 354.70 374.20 416.48 374.21 375.99 419.53 436.23 355.57 389.54
305.18 300.79 295.88 294.40 292.37 290.76 290.68 289.66 288.76 288.14 287.64 286.79 285.83 286.00 286.43 285.66 284.97 284.66 283.88 284.01 282.49 282.04 281.96 281.37 281.27 281.30 281.62 281.04 280.86 280.49 279.53 279.90 279.79 279.45 280.36 279.34 277.80 277.51 278.90 281.91 282.35 281.63 282.19 282.92 284.64 291.48 292.65 285.56 281.43 282.37 286.01 289.32 286.97 288.31 291.73 297.34 306.35 318.41 321.12 326.56 344.02 398.88 384.48 344.63 349.66 359.95 356.69 370.93 380.62 397.68 353.98 382.86
312.79 305.41 307.44 305.66 300.92 291.74 289.34 288.97 288.25 287.98 287.49 286.45 286.01 286.09 286.53 285.92 285.12 284.51 283.78 283.55 282.46 282.28 281.65 281.74 281.14 280.89 280.68 280.67 279.95 279.58 279.34 279.58 280.05 281.09 280.43 279.53 278.95 278.19 276.10 277.69 278.55 279.84 280.66 281.61 281.64 287.17 288.56 282.42 279.15 280.20 281.70 282.67 283.85 285.95 297.17 300.22 304.70 312.88 312.29 318.30 332.45 383.38 364.57 336.09 336.13 338.76 342.33 355.45 385.11 350.78 347.22 349.03
318.32 313.30 313.91 310.32 301.84 292.39 291.48 288.14 287.68 287.41 287.37 287.21 286.32 285.80 285.92 285.18 284.11 283.98 284.28 283.87 283.67 283.39 282.83 282.47 281.34 280.24 279.67 279.25 278.87 279.08 279.20 279.57 281.21 288.62 288.07 280.74 278.62 278.14 277.24 275.85 276.31 278.02 279.04 279.72 279.26 284.69 287.69 281.04 277.85 277.78 277.81 278.69 279.22 282.24 289.27 291.60 299.38 304.74 306.19 309.48 321.98 341.21 340.94 326.55 324.14 327.40 333.05 340.21 360.28 344.25 341.49 360.88
322.98 316.01 309.51 302.99 297.34 297.51 297.32 293.84 290.70 286.96 286.89 287.62 286.20 284.92 284.42 283.83 283.26 283.23 283.62 283.39 283.05 282.74 282.41 281.61 280.50 279.68 278.95 278.48 278.01 278.34 278.43 278.59 277.92 278.41 285.88 283.34 278.66 277.97 277.78 277.46 276.66 275.52 276.42 276.92 277.71 279.63 282.37 277.04 275.14 275.33 275.11 275.45 276.67 277.41 279.97 288.66 299.63 298.19 299.35 300.26 305.82 314.53 315.35 316.60 317.19 319.84 324.08 326.87 330.79 334.07 336.80 384.22
319.59 313.27 308.70 303.40 305.71 304.77 302.44 301.51 293.21 289.61 287.63 286.39 286.05 285.08 284.10 283.35 282.67 282.63 282.95 282.66 282.02 281.66 281.57 281.29 279.89 279.43 278.47 277.55 277.39 277.33 277.66 277.31 276.80 275.64 276.09 283.27 278.89 278.01 277.75 277.39 276.98 276.38 275.15 275.95 276.61 276.79 277.85 274.44 273.56 273.00 272.58 272.38 273.39 274.67 275.12 283.00 288.39 291.41 292.58 292.64 295.18 301.09 305.42 308.40 308.80 311.42 316.31 321.22 326.46 329.09 332.61 358.75
324.19 316.06 312.35 308.27 311.16 309.04 306.04 300.82 297.61 295.94 295.55 292.45 287.67 284.36 283.76 283.29 282.60 281.91 282.65 281.98 281.48 281.38 280.89 280.80 279.94 278.98 278.24 277.45 276.89 276.57 276.59 276.18 275.87 275.46 276.59 282.46 279.72 278.07 277.52 277.13 276.73 276.77 275.70 274.67 275.38 275.43 274.69 273.09 272.42 271.60 271.22 270.97 271.14 271.24 273.13 278.00 282.16 287.89 291.48 286.30 287.97 292.93 298.32 301.73 302.00 306.56 311.81 317.06 320.91 342.02 359.22 348.56
329.56 323.39 320.35 315.49 315.20 314.82 309.98 305.13 304.01 302.35 300.36 294.53 286.83 285.09 283.93 283.25 282.56 281.80 281.39 281.73 281.53 281.81 280.90 280.17 279.51 278.56 278.08 277.51 276.55 275.87 275.91 275.52 275.11 275.32 278.77 283.62 279.09 277.63 277.04 276.89 276.36 276.60 275.94 274.43 273.87 274.18 274.04 272.89 271.23 270.20 269.67 269.98 269.91 270.24 270.78 273.13 276.31 287.09 293.02 281.53 282.85 287.77 292.12 295.82 299.47 304.64 309.41 313.21 319.86 350.44 424.43 431.70
345.40 335.71 328.44 323.01 324.36 323.61 321.35 319.12 316.72 313.04 308.67 300.87 295.44 290.30 286.67 284.83 286.34 285.40 291.50 283.93 280.08 280.32 280.13 279.65 278.78 278.03 277.51 276.98 276.12 275.52 275.45 275.24 275.14 275.57 276.32 277.59 276.80 277.11 276.56 276.73 276.19 275.99 275.54 274.66 273.94 273.97 274.29 272.80 271.75 271.30 270.37 270.23 270.21 270.00 269.15 270.32 270.93 274.69 281.60 278.70 279.78 284.43 288.76 293.57 298.87 301.74 305.80 311.06 318.77 352.87 442.49 483.73
358.56 349.44 342.74 334.74 334.89 337.95 344.80 343.96 332.16 328.08 326.82 316.31 304.85 296.64 294.52 291.28 297.90 296.19 304.02 295.87 286.85 280.73 279.06 278.67 278.08 277.51 276.60 276.55 276.55 275.73 275.63 275.54 275.53 275.18 275.67 276.19 275.45 275.99 276.22 276.17 275.97 275.91 275.09 273.96 273.63 274.08 275.40 274.21 273.57 272.19 270.34 270.33 270.68 270.65 269.52 269.53 269.45 268.95 272.32 274.79 277.20 281.17 286.18 289.99 293.36 298.37 303.93 305.61 325.20 396.60 409.36 402.20
