data/case_study_iwrn/geo/gridded/shebele.area.txt
ncols        763
nrows        553
xllcorner    38.675613235556
yllcorner    4.620037453540
cellsize     0.008993216100
NODATA_value -9999
[rows 144 to 191 of 553, columns 480 to 575 of 763]
1 1 1 3 1 1 3 21 22 23 53 2 2 3 4 1 2 4837 25 2 2 2 2 1 4 1 3 1 1 153 2 1 1 1 2 52 1 12 4 1 2 4 3 1 1 1 2 3 6 7 1 1 4955 119 38 8 8 7 1 14 11 5 4 1 3 10 1 15 3 3 5 3 1 1 2 2 1 3 130 3 1 944 2 1 1 4 1 4 1 1 2 1 1 1 28 86
2 1 1 1 6 2 1 1 2 29 1 1 1 2 3 4 5 6 4863 3 3 3 2 5 3 1 4 1 156 1 1 2 2 1 1 57 13 1 1 1 4 5 4 3 1 1 1 2 2 5 6 7 1 4968 5134 9 8 2 1 26 6 5 2 1 14 2 16 4 4 8 2 1 1 1 1 1 1 1 2 133 4 1 947 19 17 11 9 3 1 1 4 9 13 19 1 1
2 1 1 1 1 8 1 1 22 4 1 2 12 13 14 15 16 27 4897 7 4 3 6 4 1 1 1 5 158 3 1 8 3 1 1 72 2 1 3 1 1 10 8 1 3 1 1 1 2 2 5 8 11 1 4 5149 11 1 2 33 6 3 2 1 17 17 1 9 11 2 1 1 2 3 1 1 1 1 1 2 150 5 970 2 1 1 1 1 1 1 2 2 3 1 2 4
2 2 1 1 2 4 14 20 3 1 5 9 1 3 6 9 10 6 7 4909 1 4 11 2 2 1 1 2 166 5 11 2 1 1 1 73 4 4 3 1 1 20 3 1 1 6 1 1 1 2 2 2 1 2 1 1 5163 1 3 40 4 3 2 18 18 2 10 12 2 1 1 2 3 6 1 1 4 8 10 14 1 152 978 2 1 1 1 1 1 1 1 1 1 1 1 1
5 2 1 1 1 1 3 1 2 3 2 1 1 2 2 1 5 1 5 4923 1 5 14 3 2 2 1 1 2 187 2 1 1 1 3 91 12 6 1 1 1 25 1 1 2 8 1 1 1 1 1 2 4 5 6 7 5172 1 4 41 8 3 19 19 3 11 13 3 1 1 2 3 10 2 1 1 1 1 3 1 1 2 1135 4 3 1 6 3 1 1 1 1 1 1 1 2
1 2 1 2 1 1 1 1 2 1 1 1 1 1 1 3 2 3 3 5 4935 1 15 6 3 2 1 1 1 189 1 1 1 6 94 1 1 1 1 1 3 28 1 1 4 12 2 1 1 1 1 1 1 3 4 5 6 5178 1 42 12 20 20 4 12 14 4 2 1 2 3 4 13 2 1 1 1 1 1 1 3 6 1150 14 13 11 3 1 2 1 1 2 3 2 1 1
1 4 3 1 2 1 1 1 1 3 5 8 1 1 1 1 1 2 1 51 55 4952 1 13 3 2 1 1 192 1 1 3 1 102 1 1 2 1 1 1 34 1 1 2 18 1 2 1 2 2 1 1 1 1 3 4 5 5195 44 1 13 41 1 17 15 5 1 4 1 3 4 18 3 1 2 2 1 1 1 1 2 1159 3 2 1 1 1 1 4 1 1 3 9 3 1 2
1 9 2 1 1 4 2 1 1 1 1 2 10 2 1 2 45 49 50 3 1 5010 14 1 1 4 1 1 196 1 1 5 105 1 7 6 2 1 1 3 37 1 1 22 2 1 3 2 5 2 1 1 2 1 1 3 5 2 5246 5261 1 42 2 33 6 2 1 5 5 1 5 22 2 3 1 3 2 4 1 1 2 1169 4 3 2 1 1 1 6 1 1 1 1 14 1 1
1 13 2 1 1 6 4 1 1 1 1 6 10 38 40 42 1 2 2 7 8 9 5026 1 2 5 2 198 1 1 132 130 18 13 2 1 1 1 1 1 42 1 1 29 2 1 1 11 3 1 1 3 4 1 1 1 1 4 4 6 5276 5319 36 7 3 1 2 6 6 7 1 25 4 2 1 4 8 1 1 2 3 1173 2 1 1 1 1 4 8 1 2 1 2 19 1 1
1 17 1 2 1 2 12 2 1 1 4 1 1 14 1 1 1 1 6 2 3 4 5040 4 6 3 1 199 2 135 1 1 2 2 3 2 1 1 4 1 43 1 33 1 1 1 1 14 6 1 1 9 1 1 1 1 3 3 1 3 4 4 5363 11 2 1 3 7 14 2 1 30 10 7 5 13 4 2 1 1 3 4 1176 2 2 1 1 1 14 2 4 1 1 20 2 1
2 20 1 3 1 2 20 3 1 1 1 2 5 7 1 1 2 5 1 2 4 8 9 5056 10 2 1 1 340 3 2 1 1 1 1 1 1 1 2 6 45 34 1 1 2 1 1 21 1 1 1 12 2 2 1 1 1 1 2 3 3 3 1 5380 4 1 4 22 3 1 32 12 1 1 14 2 1 1 1 1 1 2 1183 5 4 2 1 1 2 20 5 2 2 21 3 229
24 1 1 4 1 24 2 1 1 1 1 2 3 2 1 1 1 1 1 1 3 1 2 1 5075 3 2 2 343 2 1 1 1 1 1 5 1 1 1 54 1 35 8 6 1 1 2 25 1 1 3 13 8 3 1 1 1 1 2 2 2 1 4 2 5397 5399 27 4 1 2 46 1 2 15 3 2 1 1 1 3 1 2 3 1196 1 2 1 1 1 1 22 30 3 22 4 236
1 2 1 5 1 29 1 1 3 1 1 1 1 1 1 2 2 1 1 2 1 4 6 7 1 5088 3 346 5 4 3 1 2 2 9 2 1 1 2 58 2 46 2 1 1 1 30 2 1 1 3 25 1 1 2 2 1 1 1 1 1 2 1 9 1 7 5437 6 1 49 1 3 16 4 3 1 2 1 1 1 5 6 7 8 1200 2 2 1 1 1 1 2 34 291 264 27
1 3 2 6 31 3 2 1 4 3 1 1 1 1 2 4 7 4 1 1 2 1 2 4 8 1 5090 355 1 1 1 1 1 14 2 1 1 1 3 1 110 2 1 1 1 1 34 1 1 1 1 47 16 13 3 2 1 1 1 2 4 6 8 3 6 3 2 5451 51 2 4 17 5 4 1 4 2 2 1 1 1 2 3 4 1213 3 3 2 2 2 1 3 336 10 1 1
238 4 3 38 5 1 1 2 5 4 3 1 2 1 1 1 3 11 20 21 23 1 1 3 1 2 3 5454 5 2 2 1 2 18 1 2 1 1 2 4 112 1 2 1 2 1 38 1 1 3 50 1 1 1 7 4 2 1 1 1 1 1 2 2 2 1 5 3 5509 7 18 6 5 2 5 3 3 2 1 2 1 1 3 4 5 1217 4 3 3 3 2 340 2 1 8 1
247 1 4 44 1 1 1 9 1 1 9 1 4 1 1 1 1 2 1 1 1 26 1 1 1 2 5 2 5462 3 1 1 22 1 1 5 1 1 2 9 113 3 1 1 4 1 39 1 1 57 2 1 1 1 1 1 4 2 1 1 1 1 1 1 1 4 2 3 2 5537 7 6 3 6 4 4 3 2 3 2 1 1 1 2 3 1226 1 8 4 6 347 6 3 2 4 2
2 249 5 48 2 2 1 10 2 1 12 1 6 1 2 1 1 2 1 1 1 1 28 1 1 2 1 4 6 5467 1 2 24 10 8 2 1 1 2 3 126 2 2 1 1 6 41 1 59 1 1 2 2 1 2 9 3 1 3 1 1 2 1 1 2 1 2 1 1 7 5551 4 7 5 5 4 3 4 3 2 1 1 1 1 2 3 1228 13 7 348 5 4 3 2 1 3
1 4 303 1 3 2 1 11 3 2 23 10 1 1 6 1 1 2 6 2 1 1 2 99 1 2 3 1 1 5475 4 25 15 4 3 1 1 1 1 2 132 5 2 1 1 8 42 2 61 1 4 3 1 2 14 2 1 1 1 6 1 1 4 1 1 1 2 4 5 1 5568 12 6 6 5 4 5 4 3 2 1 2 2 1 1 1 4 1249 349 6 4 3 2 1 1 1
1 1 310 4 3 2 1 1 15 29 2 1 1 1 2 10 1 1 2 9 4 63 67 1 102 117 118 123 124 125 5505 16 1 1 1 1 1 3 1 1 2 140 3 1 1 10 46 1 1 63 10 2 21 18 3 2 1 1 2 4 8 6 1 3 1 1 1 1 4 8 2 5589 7 6 5 6 5 4 1 4 1 3 3 1 2 3 1 1603 7 9 4 3 2 1 1 1
17 1 311 8 3 1 2 17 31 1 1 1 1 1 3 4 21 22 1 2 58 1 2 1 13 1 4 1 2 3 5634 19 1 4 1 1 1 3 8 1 1 146 1 1 1 59 1 1 1 110 35 34 11 4 3 2 1 1 2 1 5 15 5 2 1 1 1 2 3 1 1 9 5606 12 7 6 5 2 1 5 2 4 4 2 1 3 1608 1 22 5 4 3 2 1 2 4
27 1 1 326 2 1 3 50 1 1 2 2 1 1 1 3 2 2 25 42 3 1 1 3 9 1 2 2 4 5 1 5654 1 5 2 1 1 1 1 9 2 151 2 1 1 1 62 1 2 115 4 2 1 6 2 1 1 1 1 4 1 21 16 7 3 1 1 2 1 1 7 9 11 5637 7 6 3 2 1 6 3 5 5 3 2 4 1610 23 10 9 8 5 4 3 6 1
16 29 1 328 1 1 5 56 5 3 3 2 1 1 1 1 1 1 2 14 1 1 2 1 8 1 1 1 2 4 10 5657 1 6 3 4 1 1 4 1 12 152 1 2 2 1 64 1 119 2 1 1 1 1 2 1 1 2 2 6 1 40 1 1 2 1 1 2 3 5 8 1 2 4 5655 4 3 2 1 7 4 6 6 4 3 1615 24 16 5 4 2 2 1 7 1 1
4 21 359 2 1 1 63 2 1 4 3 2 1 2 1 1 1 2 11 1 1 1 1 4 1 1 1 1 1 11 13 5681 8 1 8 2 1 1 2 7 166 1 1 6 2 1 1 185 5 2 1 1 1 1 3 2 1 1 4 7 48 5 4 3 2 1 1 3 5 7 1 1 1 12 14 5676 6 2 1 8 5 7 7 5 4 1640 17 3 2 1 1 1 1 9 1 2
10 11 383 1 1 2 67 1 5 4 3 2 3 2 2 1 1 3 4 1 1 2 1 1 1 1 1 8 10 1 1 2 5778 5796 1 3 1 1 1 1 174 2 2 9 1 2 1 192 1 3 2 1 3 4 1 1 2 1 1 1 63 2 1 3 2 1 1 1 1 1 3 6 11 1 2 2 5686 4 1 9 6 8 8 6 1645 1 25 4 3 2 1 1 1 11 2 10
2 4 400 1 2 70 8 7 1 8 3 4 3 5 2 1 1 1 1 1 1 2 5 1 1 3 5 1 1 2 3 94 3 4 5811 5815 2 2 2 2 175 1 5 10 4 1 1 195 4 2 1 5 1 5 2 5 1 1 2 66 1 1 4 1 1 1 1 1 1 1 1 2 2 1 1 1 6 5698 11 1 15 9 7 1 1646 27 2 1 1 1 1 1 3 12 3 11
1 1 4 402 73 10 1 1 9 13 9 4 6 1 2 1 1 1 1 1 2 1 2 9 1 1 1 1 1 1 90 2 1 9 1 3 5820 7 1 1 178 2 1 16 6 1 1 197 10 2 1 6 17 10 7 1 1 2 1 69 3 5 3 1 1 3 3 2 1 1 1 1 1 3 4 5 1 1 5746 35 18 8 1 1648 28 3 1 2 2 2 1 2 4 13 4 12
1 2 1 409 84 1 2 1 23 1 1 7 2 3 2 1 2 3 1 1 1 3 1 2 11 1 2 4 81 86 2 1 2 7 1 1 1 5873 5883 1 5919 181 1 2 23 2 199 12 1 1 7 20 2 1 1 1 1 4 1 74 11 5 1 1 2 12 8 1 2 2 1 1 1 1 2 3 4 5 5752 1 1 1 1650 29 4 2 3 3 3 1 2 3 5 18 1 13
1 1 1 1 499 3 2 1 25 2 8 3 4 3 2 1 3 4 1 3 1 2 4 1 4 12 67 72 2 4 1 1 1 3 48 50 51 1 1 5916 1 6102 1 2 3 225 14 1 1 8 21 1 1 1 2 2 2 1 99 19 6 4 3 1 19 3 1 1 1 6 2 2 1 1 1 2 3 4 5 5756 1 1652 30 5 3 1 7 4 1 2 3 4 6 19 2 14
1 3 1 1 500 3 3 1 37 9 4 1 8 3 2 4 6 1 1 3 7 2 5 5 42 53 3 1 1 2 1 1 2 47 1 2 4 5 30 1 1 3 6107 6 1 240 1 1 10 22 1 3 1 4 1 3 1 103 2 1 1 1 1 21 1 1 1 1 2 1 7 5 2 2 1 1 2 3 4 5766 1653 31 6 5 1 2 8 5 2 3 4 5 7 20 3 15
2 4 2 2 504 4 1 38 1 5 2 9 7 3 5 9 2 1 1 2 3 19 20 36 4 2 1 1 1 1 1 1 45 1 1 1 10 14 24 1 1 1 4 6118 2 242 1 2 33 1 2 10 5 2 1 4 1 107 1 1 1 2 24 2 1 1 1 1 1 4 1 8 16 4 1 1 2 3 4 5775 1685 7 6 1 1 3 9 6 3 4 5 6 8 21 4 16
9 7 3 1 511 2 39 2 6 3 10 8 1 6 10 3 2 1 1 1 4 4 1 9 3 1 1 2 3 1 2 37 5 1 2 9 1 2 6 2 1 1 1 1 6120 245 4 1 34 2 13 1 1 4 5 1 2 111 2 1 4 26 1 1 1 2 4 1 1 3 6 1 1 24 1 1 2 3 4 1 7462 14 2 2 4 1 10 7 4 5 6 7 9 22 5 25
5 17 5 1 514 40 3 7 4 63 52 9 7 17 6 2 1 2 1 1 1 3 1 7 1 1 1 2 12 22 31 2 4 1 3 3 1 2 2 1 1 1 1 2 3 6124 250 2 35 3 14 3 1 12 2 1 114 1 2 5 28 1 1 2 2 10 2 1 1 2 12 2 26 1 1 1 2 3 4 5 6 7491 5 5 2 1 11 8 5 6 7 8 10 23 6 26
1 24 6 2 555 4 8 5 64 1 1 34 33 15 14 12 10 6 3 1 1 1 2 3 1 1 2 9 2 3 8 1 3 1 1 2 1 1 1 2 4 2 1 2 3 140 6271 6525 6564 1 15 5 13 1 1 2 116 39 35 29 1 1 2 18 12 1 1 1 1 1 2 15 28 1 1 1 1 1 2 4 8 1 7498 8 2 1 12 9 6 7 8 9 11 30 1 136
1 4 29 564 5 9 1 6 66 2 1 1 4 3 2 1 1 1 1 1 1 1 1 1 1 3 6 1 2 3 3 1 1 1 1 1 2 3 4 5 110 118 119 134 136 4 2 1 1 6582 1 19 2 1 1 120 42 1 1 1 1 5 20 1 1 1 2 2 1 1 2 5 45 1 2 1 3 1 1 3 2 3 4 7509 2 1 13 10 7 8 9 10 42 1 138 35
1 1 1 595 6 10 75 67 3 1 2 6 1 1 1 1 1 1 1 1 2 1 1 1 1 1 1 1 1 1 1 1 1 2 1 1 2 1 2 104 1 2 13 1 1 3 1 1 2 3 6584 20 5 1 122 44 1 1 1 1 8 21 1 1 1 2 9 3 1 1 2 3 9 47 3 2 6 1 2 1 1 2 3 14 7513 1 14 11 8 9 10 11 43 2 174 1
3 4 1 2 794 182 104 103 28 14 11 4 2 2 1 1 3 2 2 1 1 4 2 1 2 1 1 1 1 1 1 1 1 2 4 1 1 80 99 2 1 3 10 1 1 1 1 3 4 5 14 6610 1 1 167 1 1 2 1 1 31 2 2 1 4 12 1 1 1 1 1 1 2 57 4 13 4 1 1 2 4 5 6 9 7544 7560 12 1 9 10 11 12 44 3 176 1
1 2 5 797 3 1 2 3 68 12 11 9 6 5 2 5 6 3 2 1 1 6 3 2 1 3 2 2 2 4 10 13 1 2 5 66 76 17 1 1 2 2 3 1 1 1 1 1 4 5 1 6626 4 1 168 3 3 1 2 2 34 3 1 6 14 1 1 1 3 1 1 2 1 61 18 1 1 1 1 1 1 2 8 3 4 4 7582 1 10 11 12 13 45 4 178 1
1 1 4 807 1 1 1 2 67 2 1 1 2 1 14 8 1 1 4 1 1 8 4 3 2 1 4 3 3 4 1 2 51 1 56 8 14 1 1 1 1 1 1 1 5 2 1 1 1 1 2 3 6631 1 1 172 5 1 3 37 5 1 25 16 1 1 1 2 4 1 3 3 1 1 83 2 1 1 1 1 2 5 2 3 3 4 4 7592 22 1 13 14 46 183 1 2
2 1 813 5 4 1 1 1 6 58 38 35 34 28 2 1 1 2 5 2 2 9 5 4 3 2 1 5 4 1 1 35 2 54 6 1 13 1 1 1 1 1 1 1 16 24 26 1 1 1 2 1 6636 3 1 1 178 43 38 6 1 26 1 1 1 3 1 7 1 1 5 5 1 1 93 3 2 2 1 1 2 1 2 2 3 3 4 4 7600 7628 14 1 61 185 1 3
1 3 819 3 1 2 1 1 3 3 16 2 1 4 11 7 4 1 6 3 3 10 6 5 4 3 2 6 1 6 33 1 1 5 1 11 1 1 3 6 2 1 3 15 1 3 4 133 2 1 2 5 232 6869 5 2 179 44 1 7 28 4 2 1 1 6 1 8 2 2 11 1 1 96 1 5 4 1 1 2 1 1 1 2 2 3 3 3 4 4 7656 7658 62 187 1 4
1 5 858 1 1 1 1 1 1 2 2 13 1 1 2 3 1 1 10 1 4 11 7 6 5 4 3 7 1 17 8 1 3 2 5 3 1 1 2 7 1 5 8 2 1 1 101 1 135 141 143 226 2 4 6879 1 4 225 1 36 5 2 1 1 1 8 2 9 3 14 1 1 3 100 1 1 1 1 2 3 2 1 1 1 2 2 2 3 3 4 5 5 7726 188 6 1
888 861 1 34 28 4 2 1 1 1 1 4 8 1 1 1 1 12 2 1 5 12 8 7 6 8 8 1 1 14 7 1 1 2 1 1 1 1 2 13 1 1 1 1 96 99 1 2 3 1 81 1 1 1 4 6884 6885 7115 2 42 3 1 2 2 1 1 12 10 18 1 1 3 106 1 1 4 1 2 3 4 4 1 1 1 1 1 2 2 3 4 4 5 10 7742 7937 10
2 3 1 1 4 22 3 2 3 2 1 2 2 4 1 1 2 15 1 1 7 13 9 8 15 15 6 4 1 2 11 6 1 1 2 3 1 3 1 38 53 1 1 95 1 1 6 8 9 78 2 1 1 3 1 2 1 1 7119 46 1 4 3 2 1 1 2 23 19 2 2 111 1 1 5 1 1 6 1 5 6 2 1 1 1 1 1 2 3 3 4 4 5 1 2 7950
1 1 2 1 1 2 18 16 3 2 1 1 1 1 1 1 2 20 3 1 8 14 18 42 26 10 9 4 2 1 3 7 5 1 3 4 18 20 37 1 2 57 91 1 1 5 1 2 6 4 58 1 1 1 2 5 1 2 1 7167 1 8 3 1 2 1 1 26 20 5 120 8 7 6 1 2 2 8 1 12 3 1 1 4 1 1 1 2 2 3 3 4 2 4 5 6
1 1 6 4 1 1 1 6 3 1 1 1 1 1 1 1 1 1 24 2 9 33 60 17 16 11 5 4 3 1 2 6 4 1 2 10 1 3 10 1 1 3 33 1 2 2 1 2 1 3 20 36 1 1 3 4 10 2 3 7170 1 9 5 1 1 4 2 27 21 130 4 3 2 1 1 4 11 2 1 16 2 1 6 2 2 1 1 1 2 2 3 1 1 1 2 3
20 17 1 1 2 1 1 3 1 1 1 2 2 1 2 2 2 2 2 27 122 76 9 3 2 4 5 4 3 2 1 5 3 1 1 6 2 2 6 1 1 1 28 1 1 1 1 1 2 19 2 1 31 1 1 3 4 21 24 7199 1 10 6 3 1 5 3 28 157 5 3 1 1 1 4 6 14 1 18 32 29 27 19 13 4 2 1 1 1 2 1 2 3 4 5 6
1 1 9 7 4 3 1 1 1 1 2 3 3 1 2 3 5 1 32 126 1 3 6 5 1 1 3 4 3 2 1 4 2 1 5 1 1 3 2 1 2 3 21 1 1 1 1 2 18 1 2 9 29 1 1 2 6 2 3 4 7211 1 1 10 2 6 193 161 3 1 1 1 1 1 1 98 72 70 49 13 7 2 1 3 6 2 1 1 1 1 2 3 8 11 12 13
1 1 1 1 2 1 1 1 1 2 3 4 4 1 2 3 4 39 135 1 2 1 2 5 3 2 1 2 3 2 1 3 1 1 2 1 2 1 1 11 14 16 3 1 1 7 8 12 3 1 2 4 4 15 1 1 2 1 1 2 7229 3 1 1 19 197 3 2 1 1 1 1 2 1 1 101 2 2 1 2 5 4 1 2 2 1 1 2 1 1 2 4 2 3 4 9
