data/case_study_iwrn/geo/gridded/shebele.lat.txt
ncols        763
nrows        553
xllcorner    38.675613235556
yllcorner    4.620037453540
cellsize     0.008993216100
NODATA_value  -9999.00
[rows 380 to 417 of 553, columns 0 to 83 of 763]
6.17 6.17 6.17 6.17 6.17 6.17 6.17 6.17 6.17 6.17 6.17 6.17 6.17 6.17 6.17 6.17 6.17 6.17 6.17 6.17 6.17 6.17 6.17 6.17 6.17 6.17 6.17 6.17 6.17 6.17 6.17 6.17 6.17 6.17 6.17 6.17 6.17 6.17 6.17 6.17 6.17 6.17 6.17 6.17 6.17 6.17 6.17 6.17 6.17 6.17 6.17 6.17 6.17 6.17 6.17 6.17 6.17 6.17 6.17 6.17 6.17 6.17 6.17 6.17 6.17 6.17 6.17 6.17 6.17 6.17 6.17 6.17 6.17 6.17 6.17 6.17 6.17 6.17 6.17 6.17 6.17 6.17 6.17 6.17
6.16 6.16 6.16 6.16 6.16 6.16 6.16 6.16 6.16 6.16 6.16 6.16 6.16 6.16 6.16 6.16 6.16 6.16 6.16 6.16 6.16 6.16 6.16 6.16 6.16 6.16 6.16 6.16 6.16 6.16 6.16 6.16 6.16 6.16 6.16 6.16 6.16 6.16 6.16 6.16 6.16 6.16 6.16 6.16 6.16 6.16 6.16 6.16 6.16 6.16 6.16 6.16 6.16 6.16 6.16 6.16 6.16 6.16 6.16 6.16 6.16 6.16 6.16 6.16 6.16 6.16 6.16 6.16 6.16 6.16 6.16 6.16 6.16 6.16 6.16 6.16 6.16 6.16 6.16 6.16 6.16 6.16 6.16 6.16
6.15 6.15 6.15 6.15 6.15 6.15 6.15 6.15 6.15 6.15 6.15 6.15 6.15 6.15 6.15 6.15 6.15 6.15 6.15 6.15 6.15 6.15 6.15 6.15 6.15 6.15 6.15 6.15 6.15 6.15 6.15 6.15 6.15 6.15 6.15 6.15 6.15 6.15 6.15 6.15 6.15 6.15 6.15 6.15 6.15 6.15 6.15 6.15 6.15 6.15 6.15 6.15 6.15 6.15 6.15 6.15 6.15 6.15 6.15 6.15 6.15 6.15 6.15 6.15 6.15 6.15 6.15 6.15 6.15 6.15 6.15 6.15 6.15 6.15 6.15 6.15 6.15 6.15 6.15 6.15 6.15 6.15 6.15 6.15
6.14 6.14 6.14 6.14 6.14 6.14 6.14 6.14 6.14 6.14 6.14 6.14 6.14 6.14 6.14 6.14 6.14 6.14 6.14 6.14 6.14 6.14 6.14 6.14 6.14 6.14 6.14 6.14 6.14 6.14 6.14 6.14 6.14 6.14 6.14 6.14 6.14 6.14 6.14 6.14 6.14 6.14 6.14 6.14 6.14 6.14 6.14 6.14 6.14 6.14 6.14 6.14 6.14 6.14 6.14 6.14 6.14 6.14 6.14 6.14 6.14 6.14 6.14 6.14 6.14 6.14 6.14 6.14 6.14 6.14 6.14 6.14 6.14 6.14 6.14 6.14 6.14 6.14 6.14 6.14 6.14 6.14 6.14 6.14
6.14 6.14 6.14 6.14 6.14 6.14 6.14 6.14 6.14 6.14 6.14 6.14 6.14 6.14 6.14 6.14 6.14 6.14 6.14 6.14 6.14 6.14 6.14 6.14 6.14 6.14 6.14 6.14 6.14 6.14 6.14 6.14 6.14 6.14 6.14 6.14 6.14 6.14 6.14 6.14 6.14 6.14 6.14 6.14 6.14 6.14 6.14 6.14 6.14 6.14 6.14 6.14 6.14 6.14 6.14 6.14 6.14 6.14 6.14 6.14 6.14 6.14 6.14 6.14 6.14 6.14 6.14 6.14 6.14 6.14 6.14 6.14 6.14 6.14 6.14 6.14 6.14 6.14 6.14 6.14 6.14 6.14 6.14 6.14
6.13 6.13 6.13 6.13 6.13 6.13 6.13 6.13 6.13 6.13 6.13 6.13 6.13 6.13 6.13 6.13 6.13 6.13 6.13 6.13 6.13 6.13 6.13 6.13 6.13 6.13 6.13 6.13 6.13 6.13 6.13 6.13 6.13 6.13 6.13 6.13 6.13 6.13 6.13 6.13 6.13 6.13 6.13 6.13 6.13 6.13 6.13 6.13 6.13 6.13 6.13 6.13 6.13 6.13 6.13 6.13 6.13 6.13 6.13 6.13 6.13 6.13 6.13 6.13 6.13 6.13 6.13 6.13 6.13 6.13 6.13 6.13 6.13 6.13 6.13 6.13 6.13 6.13 6.13 6.13 6.13 6.13 6.13 6.13
6.12 6.12 6.12 6.12 6.12 6.12 6.12 6.12 6.12 6.12 6.12 6.12 6.12 6.12 6.12 6.12 6.12 6.12 6.12 6.12 6.12 6.12 6.12 6.12 6.12 6.12 6.12 6.12 6.12 6.12 6.12 6.12 6.12 6.12 6.12 6.12 6.12 6.12 6.12 6.12 6.12 6.12 6.12 6.12 6.12 6.12 6.12 6.12 6.12 6.12 6.12 6.12 6.12 6.12 6.12 6.12 6.12 6.12 6.12 6.12 6.12 6.12 6.12 6.12 6.12 6.12 6.12 6.12 6.12 6.12 6.12 6.12 6.12 6.12 6.12 6.12 6.12 6.12 6.12 6.12 6.12 6.12 6.12 6.12
6.11 6.11 6.11 6.11 6.11 6.11 6.11 6.11 6.11 6.11 6.11 6.11 6.11 6.11 6.11 6.11 6.11 6.11 6.11 6.11 6.11 6.11 6.11 6.11 6.11 6.11 6.11 6.11 6.11 6.11 6.11 6.11 6.11 6.11 6.11 6.11 6.11 6.11 6.11 6.11 6.11 6.11 6.11 6.11 6.11 6.11 6.11 6.11 6.11 6.11 6.11 6.11 6.11 6.11 6.11 6.11 6.11 6.11 6.11 6.11 6.11 6.11 6.11 6.11 6.11 6.11 6.11 6.11 6.11 6.11 6.11 6.11 6.11 6.11 6.11 6.11 6.11 6.11 6.11 6.11 6.11 6.11 6.11 6.11
6.10 6.10 6.10 6.10 6.10 6.10 6.10 6.10 6.10 6.10 6.10 6.10 6.10 6.10 6.10 6.10 6.10 6.10 6.10 6.10 6.10 6.10 6.10 6.10 6.10 6.10 6.10 6.10 6.10 6.10 6.10 6.10 6.10 6.10 6.10 6.10 6.10 6.10 6.10 6.10 6.10 6.10 6.10 6.10 6.10 6.10 6.10 6.10 6.10 6.10 6.10 6.10 6.10 6.10 6.10 6.10 6.10 6.10 6.10 6.10 6.10 6.10 6.10 6.10 6.10 6.10 6.10 6.10 6.10 6.10 6.10 6.10 6.10 6.10 6.10 6.10 6.10 6.10 6.10 6.10 6.10 6.10 6.10 6.10
6.09 6.09 6.09 6.09 6.09 6.09 6.09 6.09 6.09 6.09 6.09 6.09 6.09 6.09 6.09 6.09 6.09 6.09 6.09 6.09 6.09 6.09 6.09 6.09 6.09 6.09 6.09 6.09 6.09 6.09 6.09 6.09 6.09 6.09 6.09 6.09 6.09 6.09 6.09 6.09 6.09 6.09 6.09 6.09 6.09 6.09 6.09 6.09 6.09 6.09 6.09 6.09 6.09 6.09 6.09 6.09 6.09 6.09 6.09 6.09 6.09 6.09 6.09 6.09 6.09 6.09 6.09 6.09 6.09 6.09 6.09 6.09 6.09 6.09 6.09 6.09 6.09 6.09 6.09 6.09 6.09 6.09 6.09 6.09
6.08 6.08 6.08 6.08 6.08 6.08 6.08 6.08 6.08 6.08 6.08 6.08 6.08 6.08 6.08 6.08 6.08 6.08 6.08 6.08 6.08 6.08 6.08 6.08 6.08 6.08 6.08 6.08 6.08 6.08 6.08 6.08 6.08 6.08 6.08 6.08 6.08 6.08 6.08 6.08 6.08 6.08 6.08 6.08 6.08 6.08 6.08 6.08 6.08 6.08 6.08 6.08 6.08 6.08 6.08 6.08 6.08 6.08 6.08 6.08 6.08 6.08 6.08 6.08 6.08 6.08 6.08 6.08 6.08 6.08 6.08 6.08 6.08 6.08 6.08 6.08 6.08 6.08 6.08 6.08 6.08 6.08 6.08 6.08
6.07 6.07 6.07 6.07 6.07 6.07 6.07 6.07 6.07 6.07 6.07 6.07 6.07 6.07 6.07 6.07 6.07 6.07 6.07 6.07 6.07 6.07 6.07 6.07 6.07 6.07 6.07 6.07 6.07 6.07 6.07 6.07 6.07 6.07 6.07 6.07 6.07 6.07 6.07 6.07 6.07 6.07 6.07 6.07 6.07 6.07 6.07 6.07 6.07 6.07 6.07 6.07 6.07 6.07 6.07 6.07 6.07 6.07 6.07 6.07 6.07 6.07 6.07 6.07 6.07 6.07 6.07 6.07 6.07 6.07 6.07 6.07 6.07 6.07 6.07 6.07 6.07 6.07 6.07 6.07 6.07 6.07 6.07 6.07
6.06 6.06 6.06 6.06 6.06 6.06 6.06 6.06 6.06 6.06 6.06 6.06 6.06 6.06 6.06 6.06 6.06 6.06 6.06 6.06 6.06 6.06 6.06 6.06 6.06 6.06 6.06 6.06 6.06 6.06 6.06 6.06 6.06 6.06 6.06 6.06 6.06 6.06 6.06 6.06 6.06 6.06 6.06 6.06 6.06 6.06 6.06 6.06 6.06 6.06 6.06 6.06 6.06 6.06 6.06 6.06 6.06 6.06 6.06 6.06 6.06 6.06 6.06 6.06 6.06 6.06 6.06 6.06 6.06 6.06 6.06 6.06 6.06 6.06 6.06 6.06 6.06 6.06 6.06 6.06 6.06 6.06 6.06 6.06
6.05 6.05 6.05 6.05 6.05 6.05 6.05 6.05 6.05 6.05 6.05 6.05 6.05 6.05 6.05 6.05 6.05 6.05 6.05 6.05 6.05 6.05 6.05 6.05 6.05 6.05 6.05 6.05 6.05 6.05 6.05 6.05 6.05 6.05 6.05 6.05 6.05 6.05 6.05 6.05 6.05 6.05 6.05 6.05 6.05 6.05 6.05 6.05 6.05 6.05 6.05 6.05 6.05 6.05 6.05 6.05 6.05 6.05 6.05 6.05 6.05 6.05 6.05 6.05 6.05 6.05 6.05 6.05 6.05 6.05 6.05 6.05 6.05 6.05 6.05 6.05 6.05 6.05 6.05 6.05 6.05 6.05 6.05 6.05
6.05 6.05 6.05 6.05 6.05 6.05 6.05 6.05 6.05 6.05 6.05 6.05 6.05 6.05 6.05 6.05 6.05 6.05 6.05 6.05 6.05 6.05 6.05 6.05 6.05 6.05 6.05 6.05 6.05 6.05 6.05 6.05 6.05 6.05 6.05 6.05 6.05 6.05 6.05 6.05 6.05 6.05 6.05 6.05 6.05 6.05 6.05 6.05 6.05 6.05 6.05 6.05 6.05 6.05 6.05 6.05 6.05 6.05 6.05 6.05 6.05 6.05 6.05 6.05 6.05 6.05 6.05 6.05 6.05 6.05 6.05 6.05 6.05 6.05 6.05 6.05 6.05 6.05 6.05 6.05 6.05 6.05 6.05 6.05
6.04 6.04 6.04 6.04 6.04 6.04 6.04 6.04 6.04 6.04 6.04 6.04 6.04 6.04 6.04 6.04 6.04 6.04 6.04 6.04 6.04 6.04 6.04 6.04 6.04 6.04 6.04 6.04 6.04 6.04 6.04 6.04 6.04 6.04 6.04 6.04 6.04 6.04 6.04 6.04 6.04 6.04 6.04 6.04 6.04 6.04 6.04 6.04 6.04 6.04 6.04 6.04 6.04 6.04 6.04 6.04 6.04 6.04 6.04 6.04 6.04 6.04 6.04 6.04 6.04 6.04 6.04 6.04 6.04 6.04 6.04 6.04 6.04 6.04 6.04 6.04 6.04 6.04 6.04 6.04 6.04 6.04 6.04 6.04
6.03 6.03 6.03 6.03 6.03 6.03 6.03 6.03 6.03 6.03 6.03 6.03 6.03 6.03 6.03 6.03 6.03 6.03 6.03 6.03 6.03 6.03 6.03 6.03 6.03 6.03 6.03 6.03 6.03 6.03 6.03 6.03 6.03 6.03 6.03 6.03 6.03 6.03 6.03 6.03 6.03 6.03 6.03 6.03 6.03 6.03 6.03 6.03 6.03 6.03 6.03 6.03 6.03 6.03 6.03 6.03 6.03 6.03 6.03 6.03 6.03 6.03 6.03 6.03 6.03 6.03 6.03 6.03 6.03 6.03 6.03 6.03 6.03 6.03 6.03 6.03 6.03 6.03 6.03 6.03 6.03 6.03 6.03 6.03
6.02 6.02 6.02 6.02 6.02 6.02 6.02 6.02 6.02 6.02 6.02 6.02 6.02 6.02 6.02 6.02 6.02 6.02 6.02 6.02 6.02 6.02 6.02 6.02 6.02 6.02 6.02 6.02 6.02 6.02 6.02 6.02 6.02 6.02 6.02 6.02 6.02 6.02 6.02 6.02 6.02 6.02 6.02 6.02 6.02 6.02 6.02 6.02 6.02 6.02 6.02 6.02 6.02 6.02 6.02 6.02 6.02 6.02 6.02 6.02 6.02 6.02 6.02 6.02 6.02 6.02 6.02 6.02 6.02 6.02 6.02 6.02 6.02 6.02 6.02 6.02 6.02 6.02 6.02 6.02 6.02 6.02 6.02 6.02
6.01 6.01 6.01 6.01 6.01 6.01 6.01 6.01 6.01 6.01 6.01 6.01 6.01 6.01 6.01 6.01 6.01 6.01 6.01 6.01 6.01 6.01 6.01 6.01 6.01 6.01 6.01 6.01 6.01 6.01 6.01 6.01 6.01 6.01 6.01 6.01 6.01 6.01 6.01 6.01 6.01 6.01 6.01 6.01 6.01 6.01 6.01 6.01 6.01 6.01 6.01 6.01 6.01 6.01 6.01 6.01 6.01 6.01 6.01 6.01 6.01 6.01 6.01 6.01 6.01 6.01 6.01 6.01 6.01 6.01 6.01 6.01 6.01 6.01 6.01 6.01 6.01 6.01 6.01 6.01 6.01 6.01 6.01 6.01
6.00 6.00 6.00 6.00 6.00 6.00 6.00 6.00 6.00 6.00 6.00 6.00 6.00 6.00 6.00 6.00 6.00 6.00 6.00 6.00 6.00 6.00 6.00 6.00 6.00 6.00 6.00 6.00 6.00 6.00 6.00 6.00 6.00 6.00 6.00 6.00 6.00 6.00 6.00 6.00 6.00 6.00 6.00 6.00 6.00 6.00 6.00 6.00 6.00 6.00 6.00 6.00 6.00 6.00 6.00 6.00 6.00 6.00 6.00 6.00 6.00 6.00 6.00 6.00 6.00 6.00 6.00 6.00 6.00 6.00 6.00 6.00 6.00 6.00 6.00 6.00 6.00 6.00 6.00 6.00 6.00 6.00 6.00 6.00
5.99 5.99 5.99 5.99 5.99 5.99 5.99 5.99 5.99 5.99 5.99 5.99 5.99 5.99 5.99 5.99 5.99 5.99 5.99 5.99 5.99 5.99 5.99 5.99 5.99 5.99 5.99 5.99 5.99 5.99 5.99 5.99 5.99 5.99 5.99 5.99 5.99 5.99 5.99 5.99 5.99 5.99 5.99 5.99 5.99 5.99 5.99 5.99 5.99 5.99 5.99 5.99 5.99 5.99 5.99 5.99 5.99 5.99 5.99 5.99 5.99 5.99 5.99 5.99 5.99 5.99 5.99 5.99 5.99 5.99 5.99 5.99 5.99 5.99 5.99 5.99 5.99 5.99 5.99 5.99 5.99 5.99 5.99 5.99
5.98 5.98 5.98 5.98 5.98 5.98 5.98 5.98 5.98 5.98 5.98 5.98 5.98 5.98 5.98 5.98 5.98 5.98 5.98 5.98 5.98 5.98 5.98 5.98 5.98 5.98 5.98 5.98 5.98 5.98 5.98 5.98 5.98 5.98 5.98 5.98 5.98 5.98 5.98 5.98 5.98 5.98 5.98 5.98 5.98 5.98 5.98 5.98 5.98 5.98 5.98 5.98 5.98 5.98 5.98 5.98 5.98 5.98 5.98 5.98 5.98 5.98 5.98 5.98 5.98 5.98 5.98 5.98 5.98 5.98 5.98 5.98 5.98 5.98 5.98 5.98 5.98 5.98 5.98 5.98 5.98 5.98 5.98 5.98
5.97 5.97 5.97 5.97 5.97 5.97 5.97 5.97 5.97 5.97 5.97 5.97 5.97 5.97 5.97 5.97 5.97 5.97 5.97 5.97 5.97 5.97 5.97 5.97 5.97 5.97 5.97 5.97 5.97 5.97 5.97 5.97 5.97 5.97 5.97 5.97 5.97 5.97 5.97 5.97 5.97 5.97 5.97 5.97 5.97 5.97 5.97 5.97 5.97 5.97 5.97 5.97 5.97 5.97 5.97 5.97 5.97 5.97 5.97 5.97 5.97 5.97 5.97 5.97 5.97 5.97 5.97 5.97 5.97 5.97 5.97 5.97 5.97 5.97 5.97 5.97 5.97 5.97 5.97 5.97 5.97 5.97 5.97 5.97
5.96 5.96 5.96 5.96 5.96 5.96 5.96 5.96 5.96 5.96 5.96 5.96 5.96 5.96 5.96 5.96 5.96 5.96 5.96 5.96 5.96 5.96 5.96 5.96 5.96 5.96 5.96 5.96 5.96 5.96 5.96 5.96 5.96 5.96 5.96 5.96 5.96 5.96 5.96 5.96 5.96 5.96 5.96 5.96 5.96 5.96 5.96 5.96 5.96 5.96 5.96 5.96 5.96 5.96 5.96 5.96 5.96 5.96 5.96 5.96 5.96 5.96 5.96 5.96 5.96 5.96 5.96 5.96 5.96 5.96 5.96 5.96 5.96 5.96 5.96 5.96 5.96 5.96 5.96 5.96 5.96 5.96 5.96 5.96
5.96 5.96 5.96 5.96 5.96 5.96 5.96 5.96 5.96 5.96 5.96 5.96 5.96 5.96 5.96 5.96 5.96 5.96 5.96 5.96 5.96 5.96 5.96 5.96 5.96 5.96 5.96 5.96 5.96 5.96 5.96 5.96 5.96 5.96 5.96 5.96 5.96 5.96 5.96 5.96 5.96 5.96 5.96 5.96 5.96 5.96 5.96 5.96 5.96 5.96 5.96 5.96 5.96 5.96 5.96 5.96 5.96 5.96 5.96 5.96 5.96 5.96 5.96 5.96 5.96 5.96 5.96 5.96 5.96 5.96 5.96 5.96 5.96 5.96 5.96 5.96 5.96 5.96 5.96 5.96 5.96 5.96 5.96 5.96
5.95 5.95 5.95 5.95 5.95 5.95 5.95 5.95 5.95 5.95 5.95 5.95 5.95 5.95 5.95 5.95 5.95 5.95 5.95 5.95 5.95 5.95 5.95 5.95 5.95 5.95 5.95 5.95 5.95 5.95 5.95 5.95 5.95 5.95 5.95 5.95 5.95 5.95 5.95 5.95 5.95 5.95 5.95 5.95 5.95 5.95 5.95 5.95 5.95 5.95 5.95 5.95 5.95 5.95 5.95 5.95 5.95 5.95 5.95 5.95 5.95 5.95 5.95 5.95 5.95 5.95 5.95 5.95 5.95 5.95 5.95 5.95 5.95 5.95 5.95 5.95 5.95 5.95 5.95 5.95 5.95 5.95 5.95 5.95
5.94 5.94 5.94 5.94 5.94 5.94 5.94 5.94 5.94 5.94 5.94 5.94 5.94 5.94 5.94 5.94 5.94 5.94 5.94 5.94 5.94 5.94 5.94 5.94 5.94 5.94 5.94 5.94 5.94 5.94 5.94 5.94 5.94 5.94 5.94 5.94 5.94 5.94 5.94 5.94 5.94 5.94 5.94 5.94 5.94 5.94 5.94 5.94 5.94 5.94 5.94 5.94 5.94 5.94 5.94 5.94 5.94 5.94 5.94 5.94 5.94 5.94 5.94 5.94 5.94 5.94 5.94 5.94 5.94 5.94 5.94 5.94 5.94 5.94 5.94 5.94 5.94 5.94 5.94 5.94 5.94 5.94 5.94 5.94
5.93 5.93 5.93 5.93 5.93 5.93 5.93 5.93 5.93 5.93 5.93 5.93 5.93 5.93 5.93 5.93 5.93 5.93 5.93 5.93 5.93 5.93 5.93 5.93 5.93 5.93 5.93 5.93 5.93 5.93 5.93 5.93 5.93 5.93 5.93 5.93 5.93 5.93 5.93 5.93 5.93 5.93 5.93 5.93 5.93 5.93 5.93 5.93 5.93 5.93 5.93 5.93 5.93 5.93 5.93 5.93 5.93 5.93 5.93 5.93 5.93 5.93 5.93 5.93 5.93 5.93 5.93 5.93 5.93 5.93 5.93 5.93 5.93 5.93 5.93 5.93 5.93 5.93 5.93 5.93 5.93 5.93 5.93 5.93
5.92 5.92 5.92 5.92 5.92 5.92 5.92 5.92 5.92 5.92 5.92 5.92 5.92 5.92 5.92 5.92 5.92 5.92 5.92 5.92 5.92 5.92 5.92 5.92 5.92 5.92 5.92 5.92 5.92 5.92 5.92 5.92 5.92 5.92 5.92 5.92 5.92 5.92 5.92 5.92 5.92 5.92 5.92 5.92 5.92 5.92 5.92 5.92 5.92 5.92 5.92 5.92 5.92 5.92 5.92 5.92 5.92 5.92 5.92 5.92 5.92 5.92 5.92 5.92 5.92 5.92 5.92 5.92 5.92 5.92 5.92 5.92 5.92 5.92 5.92 5.92 5.92 5.92 5.92 5.92 5.92 5.92 5.92 5.92
5.91 5.91 5.91 5.91 5.91 5.91 5.91 5.91 5.91 5.91 5.91 5.91 5.91 5.91 5.91 5.91 5.91 5.91 5.91 5.91 5.91 5.91 5.91 5.91 5.91 5.91 5.91 5.91 5.91 5.91 5.91 5.91 5.91 5.91 5.91 5.91 5.91 5.91 5.91 5.91 5.91 5.91 5.91 5.91 5.91 5.91 5.91 5.91 5.91 5.91 5.91 5.91 5.91 5.91 5.91 5.91 5.91 5.91 5.91 5.91 5.91 5.91 5.91 5.91 5.91 5.91 5.91 5.91 5.91 5.91 5.91 5.91 5.91 5.91 5.91 5.91 5.91 5.91 5.91 5.91 5.91 5.91 5.91 5.91
5.90 5.90 5.90 5.90 5.90 5.90 5.90 5.90 5.90 5.90 5.90 5.90 5.90 5.90 5.90 5.90 5.90 5.90 5.90 5.90 5.90 5.90 5.90 5.90 5.90 5.90 5.90 5.90 5.90 5.90 5.90 5.90 5.90 5.90 5.90 5.90 5.90 5.90 5.90 5.90 5.90 5.90 5.90 5.90 5.90 5.90 5.90 5.90 5.90 5.90 5.90 5.90 5.90 5.90 5.90 5.90 5.90 5.90 5.90 5.90 5.90 5.90 5.90 5.90 5.90 5.90 5.90 5.90 5.90 5.90 5.90 5.90 5.90 5.90 5.90 5.90 5.90 5.90 5.90 5.90 5.90 5.90 5.90 5.90
5.89 5.89 5.89 5.89 5.89 5.89 5.89 5.89 5.89 5.89 5.89 5.89 5.89 5.89 5.89 5.89 5.89 5.89 5.89 5.89 5.89 5.89 5.89 5.89 5.89 5.89 5.89 5.89 5.89 5.89 5.89 5.89 5.89 5.89 5.89 5.89 5.89 5.89 5.89 5.89 5.89 5.89 5.89 5.89 5.89 5.89 5.89 5.89 5.89 5.89 5.89 5.89 5.89 5.89 5.89 5.89 5.89 5.89 5.89 5.89 5.89 5.89 5.89 5.89 5.89 5.89 5.89 5.89 5.89 5.89 5.89 5.89 5.89 5.89 5.89 5.89 5.89 5.89 5.89 5.89 5.89 5.89 5.89 5.89
5.88 5.88 5.88 5.88 5.88 5.88 5.88 5.88 5.88 5.88 5.88 5.88 5.88 5.88 5.88 5.88 5.88 5.88 5.88 5.88 5.88 5.88 5.88 5.88 5.88 5.88 5.88 5.88 5.88 5.88 5.88 5.88 5.88 5.88 5.88 5.88 5.88 5.88 5.88 5.88 5.88 5.88 5.88 5.88 5.88 5.88 5.88 5.88 5.88 5.88 5.88 5.88 5.88 5.88 5.88 5.88 5.88 5.88 5.88 5.88 5.88 5.88 5.88 5.88 5.88 5.88 5.88 5.88 5.88 5.88 5.88 5.88 5.88 5.88 5.88 5.88 5.88 5.88 5.88 5.88 5.88 5.88 5.88 5.88
5.87 5.87 5.87 5.87 5.87 5.87 5.87 5.87 5.87 5.87 5.87 5.87 5.87 5.87 5.87 5.87 5.87 5.87 5.87 5.87 5.87 5.87 5.87 5.87 5.87 5.87 5.87 5.87 5.87 5.87 5.87 5.87 5.87 5.87 5.87 5.87 5.87 5.87 5.87 5.87 5.87 5.87 5.87 5.87 5.87 5.87 5.87 5.87 5.87 5.87 5.87 5.87 5.87 5.87 5.87 5.87 5.87 5.87 5.87 5.87 5.87 5.87 5.87 5.87 5.87 5.87 5.87 5.87 5.87 5.87 5.87 5.87 5.87 5.87 5.87 5.87 5.87 5.87 5.87 5.87 5.87 5.87 5.87 5.87
5.87 5.87 5.87 5.87 5.87 5.87 5.87 5.87 5.87 5.87 5.87 5.87 5.87 5.87 5.87 5.87 5.87 5.87 5.87 5.87 5.87 5.87 5.87 5.87 5.87 5.87 5.87 5.87 5.87 5.87 5.87 5.87 5.87 5.87 5.87 5.87 5.87 5.87 5.87 5.87 5.87 5.87 5.87 5.87 5.87 5.87 5.87 5.87 5.87 5.87 5.87 5.87 5.87 5.87 5.87 5.87 5.87 5.87 5.87 5.87 5.87 5.87 5.87 5.87 5.87 5.87 5.87 5.87 5.87 5.87 5.87 5.87 5.87 5.87 5.87 5.87 5.87 5.87 5.87 5.87 5.87 5.87 5.87 5.87
5.86 5.86 5.86 5.86 5.86 5.86 5.86 5.86 5.86 5.86 5.86 5.86 5.86 5.86 5.86 5.86 5.86 5.86 5.86 5.86 5.86 5.86 5.86 5.86 5.86 5.86 5.86 5.86 5.86 5.86 5.86 5.86 5.86 5.86 5.86 5.86 5.86 5.86 5.86 5.86 5.86 5.86 5.86 5.86 5.86 5.86 5.86 5.86 5.86 5.86 5.86 5.86 5.86 5.86 5.86 5.86 5.86 5.86 5.86 5.86 5.86 5.86 5.86 5.86 5.86 5.86 5.86 5.86 5.86 5.86 5.86 5.86 5.86 5.86 5.86 5.86 5.86 5.86 5.86 5.86 5.86 5.86 5.86 5.86
5.85 5.85 5.85 5.85 5.85 5.85 5.85 5.85 5.85 5.85 5.85 5.85 5.85 5.85 5.85 5.85 5.85 5.85 5.85 5.85 5.85 5.85 5.85 5.85 5.85 5.85 5.85 5.85 5.85 5.85 5.85 5.85 5.85 5.85 5.85 5.85 5.85 5.85 5.85 5.85 5.85 5.85 5.85 5.85 5.85 5.85 5.85 5.85 5.85 5.85 5.85 5.85 5.85 5.85 5.85 5.85 5.85 5.85 5.85 5.85 5.85 5.85 5.85 5.85 5.85 5.85 5.85 5.85 5.85 5.85 5.85 5.85 5.85 5.85 5.85 5.85 5.85 5.85 5.85 5.85 5.85 5.85 5.85 5.85
5.84 5.84 5.84 5.84 5.84 5.84 5.84 5.84 5.84 5.84 5.84 5.84 5.84 5.84 5.84 5.84 5.84 5.84 5.84 5.84 5.84 5.84 5.84 5.84 5.84 5.84 5.84 5.84 5.84 5.84 5.84 5.84 5.84 5.84 5.84 5.84 5.84 5.84 5.84 5.84 5.84 5.84 5.84 5.84 5.84 5.84 5.84 5.84 5.84 5.84 5.84 5.84 5.84 5.84 5.84 5.84 5.84 5.84 5.84 5.84 5.84 5.84 5.84 5.84 5.84 5.84 5.84 5.84 5.84 5.84 5.84 5.84 5.84 5.84 5.84 5.84 5.84 5.84 5.84 5.84 5.84 5.84 5.84 5.84
