data/case_study_iwrn/geo/gridded/shebele.dem.txt
ncols        763
nrows        553
xllcorner    38.675613235556
yllcorner    4.620037453540
cellsize     0.008993216100
NODATA_value  -9999.00
[rows 480 to 511 of 553, columns 576 to 647 of 763]
349.11 342.70 344.60 347.18 344.36 340.80 338.12 335.51 333.16 331.18 329.20 327.55 327.76 329.72 328.81 326.64 326.28 324.57 326.00 324.94 322.50 321.61 320.25 316.38 314.14 312.35 313.25 313.96 313.29 311.90 310.93 310.46 311.66 313.15 311.56 309.55 307.50 305.40 304.11 302.51 300.54 297.65 293.53 288.67 286.64 284.80 281.82 280.36 279.02 278.48 276.74 273.17 270.35 269.21 269.48 269.77 268.43 269.27 266.29 262.83 262.01 260.38 255.52 249.72 245.68 243.47 240.62 237.28 234.56 232.62 230.38 227.77
345.16 346.00 350.24 352.05 348.85 344.29 341.05 337.57 335.47 334.00 332.34 330.72 330.80 332.64 332.32 330.46 329.80 330.54 331.07 330.04 329.38 326.96 323.56 320.21 318.16 316.15 317.18 316.97 315.96 314.50 314.04 314.57 315.86 315.91 314.52 312.24 309.90 307.90 305.98 304.43 302.77 298.68 293.25 289.32 287.00 284.94 283.83 284.17 283.70 281.70 277.54 275.37 272.48 272.49 273.35 273.08 272.31 272.53 268.28 263.42 258.62 254.52 251.57 248.97 245.78 243.15 240.92 237.89 235.95 234.13 231.89 229.11
347.16 350.97 356.32 356.47 351.36 346.63 341.63 338.61 338.13 336.41 335.15 335.93 338.05 337.56 335.55 335.33 333.68 334.97 335.54 335.73 334.44 330.68 326.41 323.75 322.30 322.01 322.01 320.29 320.03 318.00 317.90 318.55 319.54 318.51 317.11 315.05 312.83 309.26 305.81 303.64 301.38 297.21 293.40 291.81 290.11 287.76 285.55 285.13 283.67 280.73 278.98 277.07 275.44 274.92 275.53 275.58 275.10 273.79 269.79 264.26 260.52 255.10 252.33 250.18 247.14 243.48 240.47 239.43 239.29 236.91 234.01 231.87
353.95 356.91 361.09 358.96 352.34 346.51 342.19 341.16 341.10 338.28 338.02 339.95 341.87 341.46 338.85 338.92 338.97 338.89 340.72 340.48 337.36 333.50 329.93 327.77 327.52 327.96 325.01 322.87 323.37 322.66 323.35 322.66 322.92 321.82 319.74 317.70 314.72 310.79 307.47 304.21 300.34 296.57 295.58 294.54 292.31 289.94 287.50 286.25 284.37 282.15 280.80 279.16 278.83 277.61 276.43 276.06 275.07 271.80 266.03 261.51 259.51 256.76 254.05 251.41 248.27 244.00 241.06 241.51 240.33 237.71 235.10 234.00
359.39 364.45 362.32 357.19 353.71 351.34 348.14 345.08 343.65 341.63 343.02 344.14 344.09 343.86 341.22 341.82 343.29 342.69 345.28 343.77 339.58 337.03 333.59 332.19 331.21 329.20 326.71 327.73 327.16 327.64 327.31 325.60 325.25 324.62 322.90 319.88 315.93 313.40 310.37 306.57 302.59 299.84 298.92 296.64 294.45 292.15 290.20 288.70 286.57 284.43 282.60 281.41 280.61 279.14 277.45 276.36 273.60 269.87 265.29 262.13 259.78 257.39 254.38 252.45 248.61 244.72 243.93 243.00 241.13 238.69 237.42 237.76
364.53 369.01 365.02 361.42 359.23 355.67 352.84 348.08 346.54 345.34 346.96 347.67 346.95 345.50 344.12 345.29 346.83 346.69 347.69 345.37 341.88 340.56 337.19 335.18 332.22 330.67 330.25 332.63 332.03 332.10 330.02 328.44 327.86 326.85 324.28 320.85 317.93 315.77 312.12 308.21 304.99 302.92 300.84 298.11 295.83 293.81 292.22 290.82 288.68 286.34 284.28 282.59 281.34 279.43 277.59 274.45 271.32 269.01 266.95 263.83 260.19 257.51 256.61 256.11 250.53 247.90 247.46 245.49 244.12 242.03 240.65 238.85
368.87 372.64 369.58 369.22 363.73 359.57 359.10 352.02 350.11 350.06 350.85 350.69 349.74 349.34 347.50 348.91 350.87 350.56 349.77 346.22 343.93 344.65 341.21 336.23 333.86 334.69 333.42 336.78 337.09 335.56 333.70 331.95 330.42 328.28 325.24 322.00 319.09 316.24 312.99 310.01 307.28 304.94 301.90 300.14 298.02 295.59 293.89 291.98 290.68 288.95 286.05 283.56 281.58 279.42 279.07 277.44 272.78 270.79 268.14 265.70 263.11 260.63 257.76 254.07 251.94 251.98 250.76 248.29 246.65 244.87 242.45 239.31
372.35 376.22 376.41 376.71 369.01 365.86 360.36 353.78 353.03 354.18 354.81 354.14 353.79 353.94 350.67 351.55 353.31 353.43 353.31 351.89 348.70 346.02 340.87 337.12 337.74 337.50 336.68 338.95 340.13 338.70 336.88 334.93 332.12 329.41 326.53 322.84 319.82 317.63 314.99 312.50 310.04 306.91 304.03 302.83 300.42 298.11 295.97 294.71 293.83 292.20 289.23 286.69 282.69 280.37 280.74 280.59 277.25 276.04 273.06 269.72 265.79 262.67 258.12 255.25 255.50 256.01 254.42 251.22 248.78 246.27 243.90 240.77
377.55 380.96 383.28 380.23 374.37 368.25 359.25 360.15 359.43 359.95 359.39 358.52 358.39 355.85 354.32 356.29 355.70 356.09 356.98 355.64 349.25 344.34 342.34 341.68 341.99 341.27 339.98 341.26 342.36 341.45 339.72 337.46 334.15 331.06 328.75 325.44 322.54 319.85 317.19 315.19 313.19 310.77 308.58 306.04 303.24 302.39 299.50 298.16 296.76 294.70 291.61 288.48 284.91 282.25 282.26 282.70 280.45 276.60 273.68 269.76 267.13 265.23 262.73 259.32 258.22 259.61 257.05 253.30 250.59 247.89 245.23 241.88
382.60 387.23 389.19 384.63 378.01 367.03 360.85 366.20 366.71 366.97 364.71 362.22 359.74 358.05 359.15 359.48 359.17 358.71 356.42 352.67 349.68 347.94 347.19 345.78 345.18 344.52 343.93 344.35 344.58 343.70 342.26 339.71 336.65 333.63 331.75 329.64 326.15 323.22 320.62 318.52 316.57 314.98 312.81 309.21 305.72 305.71 303.18 301.50 299.29 297.03 293.60 290.17 287.73 284.66 283.29 284.06 282.52 277.73 273.01 271.47 270.39 267.51 265.22 262.48 261.80 262.21 258.79 255.39 252.88 249.22 245.90 245.04
384.85 392.38 391.33 384.36 375.51 364.66 364.90 371.81 373.11 372.13 369.58 364.47 363.36 362.72 363.93 363.19 362.70 359.96 356.70 358.68 354.06 352.85 351.94 349.59 348.15 347.46 347.56 347.65 346.93 345.17 343.47 341.15 338.94 337.05 336.18 334.38 329.97 326.76 325.00 322.38 319.16 316.67 313.62 309.31 309.65 309.83 307.61 304.82 301.98 299.63 296.71 293.56 290.46 287.33 284.69 283.55 283.18 279.21 275.12 273.99 271.90 269.56 267.11 265.39 263.73 261.82 259.45 256.83 254.08 251.77 250.07 250.39
389.57 395.19 386.80 377.21 370.63 368.70 370.87 376.62 376.78 375.28 372.16 367.73 369.75 368.51 369.28 368.07 365.79 360.81 363.36 365.15 358.92 356.83 355.54 353.31 351.83 350.71 350.91 350.89 349.75 347.03 345.36 343.67 341.84 340.83 340.18 338.02 334.17 331.22 328.77 325.35 321.80 318.09 314.59 311.92 313.48 312.69 310.67 308.21 305.75 302.77 299.96 296.59 293.34 290.14 287.19 284.54 283.45 279.78 277.48 275.05 272.88 270.86 269.04 267.34 264.82 262.49 261.04 259.01 256.79 256.07 253.96 254.45
395.11 392.59 385.60 382.83 379.57 378.17 375.82 379.67 380.16 377.40 373.15 372.08 372.66 372.61 373.96 371.48 367.54 364.52 368.22 367.51 362.50 360.52 359.12 357.05 355.34 353.83 353.99 353.72 352.64 350.40 348.59 347.09 345.57 344.83 344.39 342.11 338.59 335.18 331.77 328.51 325.13 320.87 319.39 316.22 316.55 316.07 313.95 311.42 308.95 306.04 303.03 299.84 296.63 293.14 289.62 286.75 283.35 282.18 280.67 277.73 274.55 272.59 271.19 269.76 266.90 265.53 264.11 261.89 259.69 258.07 256.59 255.61
402.29 397.79 392.94 392.14 389.30 384.69 379.67 382.56 383.93 379.62 378.76 378.42 376.13 374.78 376.19 373.78 370.02 368.86 371.27 370.98 366.42 364.03 363.72 360.95 358.21 357.57 357.92 357.33 356.26 354.23 352.03 350.01 349.19 348.35 346.97 344.12 341.32 338.03 334.18 331.53 327.33 326.42 324.63 320.12 320.50 319.15 316.79 313.98 311.60 309.34 306.58 303.00 300.03 296.01 292.28 289.01 285.97 285.62 282.92 280.80 277.25 274.84 273.85 271.81 269.73 268.48 265.84 263.52 261.90 259.76 258.01 256.97
409.00 403.94 401.16 399.28 393.33 385.75 386.11 387.75 387.19 382.10 384.00 382.64 379.71 379.34 378.75 376.43 372.22 372.77 375.22 373.36 370.46 369.62 368.84 365.21 362.13 361.92 362.11 361.05 359.23 356.57 354.62 352.44 351.94 350.93 348.91 345.83 343.52 340.36 336.83 334.26 332.74 330.41 325.66 324.96 325.19 323.04 320.31 316.12 312.96 311.66 309.92 306.53 303.29 299.51 294.29 290.92 289.74 288.81 285.81 284.51 281.71 278.07 275.64 274.46 272.83 270.86 267.81 266.18 264.37 263.64 261.56 259.22
412.87 410.32 406.52 401.96 395.31 388.80 391.83 391.85 388.66 385.60 388.52 385.91 384.16 383.40 381.57 379.37 376.71 377.31 378.28 376.38 375.97 374.38 371.64 368.90 367.58 366.63 365.71 364.51 363.14 360.80 358.31 355.96 355.48 353.57 350.54 348.14 345.61 346.03 343.86 339.55 335.71 330.55 330.72 331.15 329.03 326.42 323.59 319.64 315.38 312.73 311.35 309.52 307.11 302.85 297.09 294.44 293.49 291.84 289.75 287.79 285.19 282.53 278.87 277.33 275.77 273.00 270.48 269.65 267.94 269.22 267.25 262.78
414.09 408.46 403.57 399.15 393.85 394.73 397.25 395.07 390.52 390.11 391.47 389.31 387.75 386.29 383.71 382.84 381.92 381.49 382.10 381.05 380.67 379.34 377.26 374.46 372.90 371.16 369.30 367.57 366.42 365.28 361.97 359.35 359.24 357.79 355.02 351.17 351.07 355.54 350.41 341.87 334.63 334.57 336.54 334.94 332.48 328.95 326.29 323.08 318.94 315.04 312.33 311.22 309.67 306.11 301.06 298.78 297.32 295.40 293.64 291.12 288.48 286.65 283.75 280.64 278.03 274.70 273.97 274.10 272.40 273.74 272.12 267.59
415.40 409.52 406.22 402.86 401.08 402.15 401.93 397.33 394.11 396.62 394.91 393.10 391.91 391.24 388.74 388.04 386.64 385.97 385.70 385.73 387.85 389.06 384.24 378.26 376.68 375.48 373.68 372.02 369.43 366.86 365.01 364.48 364.50 362.74 357.81 356.11 356.31 353.57 347.26 341.44 340.69 339.04 339.96 337.64 335.17 331.69 328.75 325.49 322.45 319.39 316.10 312.70 310.82 307.53 303.64 301.74 300.21 299.27 297.11 294.88 291.75 290.13 287.82 284.31 279.98 277.67 278.30 278.21 276.57 277.60 275.48 271.25
419.70 415.42 412.89 409.53 410.01 408.60 406.11 402.17 397.47 400.50 398.60 397.25 396.34 396.02 394.77 393.43 391.38 393.80 390.18 390.16 394.99 395.20 387.89 382.01 380.45 379.65 377.95 376.05 373.13 370.86 370.12 369.60 369.28 364.80 363.43 362.23 358.64 353.91 348.78 346.84 344.37 342.19 343.80 341.50 338.79 335.02 331.81 329.26 326.12 322.77 318.90 314.93 311.96 308.60 305.98 304.29 303.98 303.67 300.62 297.64 295.06 292.93 290.70 286.31 282.93 282.25 282.42 282.96 282.06 279.25 276.04 270.89
425.60 422.84 419.84 417.20 418.12 415.60 412.28 407.69 400.60 402.50 403.17 402.37 401.45 401.02 399.66 397.00 400.33 399.53 392.29 392.84 398.72 398.12 391.76 387.09 384.73 383.21 381.53 379.65 377.43 376.48 375.38 374.06 370.95 368.72 371.22 366.15 361.20 356.78 353.08 351.16 346.08 347.04 347.08 346.36 344.33 341.51 338.24 334.38 330.69 327.32 321.92 316.97 314.09 310.54 307.49 306.85 310.35 309.26 304.23 301.48 301.24 298.09 293.49 288.83 288.39 286.60 286.04 286.71 283.98 278.93 274.97 272.67
433.90 431.85 428.46 425.50 424.68 421.94 415.66 407.56 402.61 407.22 408.96 407.41 406.04 404.72 402.07 401.21 405.68 403.23 397.78 397.18 402.80 402.18 396.09 390.84 388.06 386.23 384.89 383.71 383.01 382.38 379.75 376.55 370.76 373.90 376.48 370.53 365.45 361.26 358.09 354.22 350.41 352.11 350.95 350.56 350.52 349.47 344.73 339.53 334.91 331.03 326.10 320.48 317.31 313.20 311.23 313.25 315.58 314.31 308.51 305.59 305.50 302.15 297.75 294.29 294.90 291.32 289.30 287.90 284.48 280.87 279.85 277.17
441.87 438.43 432.70 427.13 420.99 414.10 409.66 408.37 410.49 412.57 413.03 411.37 409.50 407.27 404.38 406.02 408.80 406.14 401.40 402.01 404.24 401.32 396.88 392.87 390.78 390.16 389.97 388.99 388.05 384.72 380.14 375.36 377.18 379.99 379.41 375.57 370.41 365.51 361.59 356.08 356.09 355.95 354.11 353.86 354.65 352.42 347.42 342.46 337.82 334.01 330.36 326.19 322.53 317.69 320.35 325.05 321.53 319.66 315.81 313.39 309.81 306.11 302.43 299.74 299.70 297.58 293.67 290.32 286.59 286.43 284.33 280.19
442.84 437.10 429.93 424.67 418.89 416.40 416.94 418.54 417.70 417.23 416.41 414.36 412.92 410.60 409.86 411.84 412.76 409.54 405.97 405.82 405.28 401.44 398.21 395.76 394.18 394.69 394.98 392.95 387.92 383.08 379.56 381.60 386.43 385.09 383.34 379.92 373.77 369.27 365.31 360.83 360.53 359.37 357.17 356.84 355.91 352.81 349.65 345.19 340.69 337.91 335.04 334.79 329.65 325.59 327.45 330.70 327.45 324.91 324.24 321.25 314.04 310.11 306.97 304.32 304.24 301.38 296.24 293.28 289.88 291.51 288.59 285.03
446.56 440.69 434.41 427.74 420.22 424.09 425.31 426.10 423.98 421.57 419.49 417.43 416.70 414.28 417.39 419.61 417.14 414.47 411.64 409.67 407.36 404.14 401.33 399.74 397.42 398.15 396.95 391.49 388.67 387.96 383.88 388.36 393.52 388.81 387.63 385.33 378.16 374.11 370.17 365.28 363.99 363.09 361.36 360.98 358.58 355.03 351.78 349.03 346.43 342.78 341.07 346.35 339.12 334.24 335.85 335.60 332.96 331.25 330.05 326.34 318.85 314.49 312.02 309.72 309.35 305.76 299.81 296.44 294.47 295.60 291.59 289.32
452.10 444.51 436.32 428.45 425.49 431.61 432.20 433.64 430.69 424.73 422.59 421.70 420.51 417.86 418.08 421.92 421.14 418.75 415.66 412.62 410.71 408.68 406.78 404.42 402.02 400.73 396.35 394.66 393.94 391.30 387.94 391.84 395.28 392.31 391.01 388.71 383.50 377.53 372.71 367.82 368.53 367.36 366.45 365.81 364.61 362.52 358.66 354.53 355.56 350.73 346.15 351.46 344.60 347.12 347.09 345.90 343.09 340.95 336.68 331.35 324.36 320.31 316.75 314.14 313.50 310.69 304.21 301.42 299.75 300.17 297.29 293.43
451.37 443.07 433.24 429.34 432.94 439.41 440.54 439.77 433.26 428.49 428.04 427.73 425.37 424.22 422.95 424.94 425.41 424.00 420.96 416.88 414.88 414.49 412.41 409.96 406.34 402.25 399.66 399.19 397.70 395.87 393.79 395.08 397.87 396.89 395.64 393.44 387.62 380.89 376.71 372.20 373.23 374.84 375.59 374.63 373.18 373.43 368.12 361.76 364.56 362.71 352.45 356.07 357.53 357.67 356.12 356.35 352.53 348.95 343.87 336.52 330.66 325.45 320.71 318.86 317.49 314.16 308.17 306.66 305.92 304.10 302.23 298.13
444.84 438.86 435.41 438.90 439.14 445.92 444.87 439.01 433.58 433.21 434.13 435.41 435.26 433.08 429.40 429.45 430.20 431.60 428.85 425.14 422.97 420.48 417.93 413.89 409.04 405.51 404.94 404.06 403.35 400.95 399.18 399.66 402.64 403.33 402.01 399.19 392.10 385.28 379.58 375.39 381.46 387.37 388.12 387.14 386.06 384.75 377.46 372.48 374.93 373.03 364.63 360.42 373.16 373.06 366.04 362.79 357.34 352.88 347.51 342.18 336.06 331.73 326.93 323.13 320.65 317.48 313.34 312.19 311.10 309.24 306.45 302.37
447.61 440.81 444.74 445.79 446.01 446.52 442.74 439.75 439.63 439.49 440.65 443.64 442.99 437.08 434.75 431.98 436.26 440.39 435.98 435.59 432.61 427.47 421.71 416.72 412.02 412.68 413.33 411.93 411.03 406.46 403.65 403.72 407.09 409.98 410.12 406.61 398.30 388.44 380.88 382.55 391.64 398.70 399.88 400.73 399.06 392.55 385.58 386.31 388.49 389.06 372.50 373.55 376.66 382.50 376.27 370.84 362.72 357.17 352.00 345.33 340.95 339.62 333.70 328.34 324.78 321.27 318.44 317.16 316.04 314.21 309.48 307.15
449.33 447.54 450.88 453.85 453.00 450.76 450.84 448.15 448.73 446.41 447.70 452.56 446.75 439.99 439.37 434.38 438.39 446.58 443.85 445.86 444.47 435.75 426.74 419.18 417.87 422.17 423.19 420.30 415.47 410.74 409.64 407.42 411.05 417.19 419.79 415.22 403.59 389.91 383.76 389.98 399.62 405.07 406.20 406.83 406.29 399.55 393.36 400.03 405.19 389.95 377.48 387.71 386.72 387.32 383.20 378.51 369.70 360.61 353.55 348.91 348.14 345.43 339.00 333.31 329.48 325.85 323.75 323.46 321.55 318.37 313.44 311.85
452.42 455.35 456.44 461.82 461.21 461.30 462.63 453.98 452.32 451.70 452.52 454.09 448.28 443.23 442.21 438.42 439.93 446.46 451.61 453.40 449.14 438.65 427.64 423.06 424.82 431.84 433.38 426.21 421.49 418.63 416.33 414.67 412.61 420.37 423.12 418.64 404.43 390.31 389.48 396.48 404.97 407.71 409.65 409.84 409.56 405.30 396.94 401.14 404.61 393.18 392.58 403.20 399.80 396.98 389.99 383.53 374.25 365.61 360.28 355.93 351.65 347.23 342.66 337.16 333.81 331.54 329.44 328.79 325.67 322.07 318.79 316.09
460.13 462.33 461.81 467.42 469.13 469.50 465.00 454.03 456.58 457.66 457.57 457.53 454.22 452.42 447.97 443.24 444.15 450.68 455.49 453.44 442.08 431.53 431.21 432.55 431.94 439.98 442.89 431.28 430.89 427.29 425.95 424.70 416.23 423.58 419.32 410.44 400.10 392.48 396.88 402.07 407.54 411.26 414.26 413.58 411.58 409.19 404.35 405.92 407.99 415.51 410.30 413.74 411.06 403.72 394.43 386.31 377.55 373.99 368.44 361.76 355.45 350.56 345.88 340.45 338.19 336.65 334.72 333.12 329.43 326.92 324.22 321.45
467.57 469.44 466.93 471.47 471.40 466.11 460.84 457.98 464.52 468.03 465.06 464.44 464.18 458.33 449.63 451.77 451.03 452.78 460.35 450.94 439.20 434.15 441.35 442.63 439.14 445.95 447.11 435.83 437.40 435.33 435.19 427.81 419.59 426.82 416.98 405.95 398.02 399.59 406.74 408.28 411.64 416.12 417.40 416.19 414.36 413.77 413.57 413.43 415.61 425.70 427.29 422.74 416.31 408.29 400.74 395.59 386.38 380.75 374.89 367.96 360.79 356.53 352.98 346.14 342.76 341.46 339.38 336.33 333.70 331.95 329.05 327.22
