data/case_study_itwater/converter_hmc/geo/gridded/marche.slope.txt
ncols        643
nrows        534
xllcorner    12.041800000000
yllcorner    42.520600000000
cellsize     0.003003000000
NODATA_value  -9999
[rows 69 to 91 of 534, columns 159 to 211 of 643]
-9999 9.0859813690185546875 10.778081893920898438 -9999 -9999 -9999 -9999 -9999 7.6295366287231445312 8.134990692138671875 7.2207498550415039062 6.9988341331481933594 7.8796391487121582031 8.4365072250366210938 6.5253438949584960938 0.80957150459289550781 3.0067985057830810547 3.6444864273071289062 3.7353699207305908203 5.2237734794616699219 5.9707956314086914062 4.7394127845764160156 3.0893766880035400391 1.4220895767211914062 2.0332202911376953125 5.2858748435974121094 6.7257471084594726562 6.7118449211120605469 6.480037689208984375 6.6177515983581542969 7.5033807754516601562 7.4330158233642578125 6.3285312652587890625 5.7787618637084960938 5.8610453605651855469 5.2274050712585449219 4.2750062942504882812 4.1402001380920410156 4.6906695365905761719 4.5975451469421386719 1.0866936445236206055 3.7330536842346191406 4.8903546333312988281 4.0496339797973632812 -9999 -9999 -9999 -9999 -9999 -9999 -9999 -9999 -9999
-9999 2.5281832218170166016 6.839275360107421875 10.239009857177734375 11.131163597106933594 8.22986602783203125 8.8626317977905273438 8.4416360855102539062 8.0469865798950195312 9.080745697021484375 8.6094789505004882812 7.9517588615417480469 7.6980886459350585938 4.9161105155944824219 2.3973393440246582031 10.301093101501464844 12.979860305786132812 13.421167373657226562 13.173564910888671875 13.111081123352050781 12.581426620483398438 11.765162467956542969 10.9835357666015625 10.358782768249511719 8.6836538314819335938 4.9082779884338378906 0.96317201852798461914 1.1035493612289428711 1.4636920690536499023 2.4167146682739257812 4.255092620849609375 5.6769213676452636719 5.4652166366577148438 4.3337926864624023438 3.5859737396240234375 3.5533263683319091797 4.0903329849243164062 4.3805994987487792969 4.0086436271667480469 1.6819815635681152344 3.3721957206726074219 5.1013956069946289062 3.5081334114074707031 -9999 -9999 -9999 -9999 -9999 -9999 -9999 -9999 -9999 -9999
-9999 7.7388157844543457031 4.7206697463989257812 3.1348600387573242188 8.035663604736328125 10.316710472106933594 11.090770721435546875 10.601703643798828125 9.4749546051025390625 9.2048139572143554688 7.4137201309204101562 4.4388365745544433594 0.54798448085784912109 5.940670013427734375 10.564024925231933594 13.374721527099609375 12.618439674377441406 14.185151100158691406 15.292157173156738281 14.526705741882324219 13.049101829528808594 12.026553153991699219 12.223033905029296875 13.05112457275390625 13.237206459045410156 11.387102127075195312 7.8765201568603515625 5.5826268196105957031 4.6094422340393066406 3.6497249603271484375 2.1021430492401123047 2.4162459373474121094 3.6083626747131347656 4.0204114913940429688 3.9297263622283935547 3.7343010902404785156 3.1692214012145996094 1.3656785488128662109 1.1475301980972290039 3.5842468738555908203 5.2559494972229003906 3.9252498149871826172 -9999 -9999 -9999 -9999 -9999 -9999 -9999 -9999 -9999 -9999 -9999
-9999 5.7255706787109375 7.1615266799926757812 5.0124249458312988281 3.9050593376159667969 7.8365168571472167969 10.205830574035644531 9.35402679443359375 5.8743987083435058594 1.6586068868637084961 2.4909262657165527344 6.8053336143493652344 12.355282783508300781 14.488595008850097656 11.965303421020507812 9.69678497314453125 8.5552215576171875 9.7281780242919921875 11.482989311218261719 11.076767921447753906 11.037179946899414062 10.258504867553710938 7.872272491455078125 6.4961972236633300781 7.9602808952331542969 8.48553466796875 5.4234299659729003906 2.0170414447784423828 2.2911763191223144531 3.9221630096435546875 2.1071169376373291016 2.3707201480865478516 1.907065272331237793 0.10053098201751708984 0.63900762796401977539 1.9856951236724853516 3.83205413818359375 5.3349213600158691406 6.211124420166015625 6.1003289222717285156 4.9464368820190429688 -9999 -9999 -9999 -9999 -9999 -9999 -9999 -9999 -9999 -9999 -9999 -9999
11.908980369567871094 10.075388908386230469 9.0438070297241210938 7.6747145652770996094 6.1713461875915527344 5.947784423828125 5.2887787818908691406 1.4577659368515014648 4.2721619606018066406 7.5999321937561035156 7.8816666603088378906 9.23554229736328125 12.194092750549316406 10.680277824401855469 9.3948564529418945312 7.2552313804626464844 7.0158238410949707031 4.4276227951049804688 0.85315936803817749023 3.2300906181335449219 3.3024041652679443359 4.4361557960510253906 6.4888634681701660156 8.9916133880615234375 11.952784538269042969 11.458993911743164062 7.4710855484008789062 4.1647582054138183594 2.8424959182739257812 1.2983280420303344727 4.4736714363098144531 6.5320329666137695312 6.8987660408020019531 6.7520728111267089844 7.5070185661315917969 7.6820111274719238281 7.4772472381591796875 7.2813248634338378906 6.859607696533203125 6.0882010459899902344 -9999 -9999 -9999 -9999 -9999 -9999 -9999 -9999 -9999 -9999 -9999 -9999 -9999
8.8919439315795898438 9.98758697509765625 9.1658315658569335938 7.5930299758911132812 5.9634165763854980469 3.6604206562042236328 1.3339242935180664062 7.1061830520629882812 10.246375083923339844 8.4813604354858398438 5.4573087692260742188 5.1642012596130371094 7.7144870758056640625 4.6037316322326660156 2.7686150074005126953 2.5902037620544433594 5.4356265068054199219 6.5922932624816894531 7.3440051078796386719 8.2867307662963867188 9.4310483932495117188 9.6461658477783203125 9.9192934036254882812 12.092350959777832031 11.832788467407226562 4.2544689178466796875 5.35222625732421875 10.521463394165039062 11.275196075439453125 10.687487602233886719 10.097979545593261719 8.0777721405029296875 7.4690117835998535156 8.5816793441772460938 9.9187450408935546875 9.2330379486083984375 8.5610609054565429688 8.2007493972778320312 -9999 -9999 -9999 -9999 -9999 -9999 -9999 -9999 -9999 -9999 -9999 -9999 -9999 -9999 -9999
6.4914674758911132812 4.6971893310546875 4.346889495849609375 3.9330146312713623047 3.5793185234069824219 1.2112042903900146484 6.3131561279296875 9.8819713592529296875 9.5870008468627929688 6.9570360183715820312 6.3794488906860351562 4.7458357810974121094 3.2209501266479492188 5.762905120849609375 10.052015304565429688 11.213671684265136719 10.693697929382324219 9.0475378036499023438 8.734096527099609375 7.8044848442077636719 7.6044726371765136719 7.0779857635498046875 9.0299329757690429688 11.908596038818359375 4.9216408729553222656 8.1045331954956054688 13.410656929016113281 14.892249107360839844 16.329397201538085938 15.047429084777832031 11.891833305358886719 9.3355150222778320312 6.9771561622619628906 5.4255127906799316406 7.1743841171264648438 9.0405073165893554688 10.155285835266113281 -9999 -9999 -9999 -9999 -9999 -9999 -9999 -9999 -9999 -9999 -9999 -9999 -9999 -9999 -9999 -9999
10.276430130004882812 9.6972064971923828125 8.207958221435546875 6.3559675216674804688 5.1357059478759765625 1.7793509960174560547 8.2272243499755859375 9.3298177719116210938 5.7850751876831054688 2.9035880565643310547 3.4291698932647705078 1.0713472366333007812 0.1531251370906829834 2.6955358982086181641 4.5583372116088867188 5.2840523719787597656 8.3611774444580078125 7.2742786407470703125 7.5247287750244140625 7.4673638343811035156 4.8482236862182617188 4.7246289253234863281 8.5528516769409179688 8.1892786026000976562 4.2630109786987304688 13.044878959655761719 11.6998291015625 9.6600599288940429688 10.510901451110839844 12.588381767272949219 12.286906242370605469 10.966229438781738281 8.4636850357055664062 3.9244337081909179688 6.59667205810546875 -9999 -9999 -9999 -9999 -9999 -9999 -9999 -9999 -9999 -9999 -9999 -9999 -9999 -9999 -9999 -9999 -9999 -9999
2.0769674777984619141 5.51636505126953125 7.149311065673828125 6.7824864387512207031 4.6153225898742675781 3.1330618858337402344 9.5303983688354492188 7.5423846244812011719 2.3303217887878417969 5.4174246788024902344 6.3646831512451171875 5.7388176918029785156 4.2051248550415039062 1.4281661510467529297 6.2419571876525878906 4.0054726600646972656 5.0390763282775878906 4.9865369796752929688 5.3637523651123046875 5.7970027923583984375 5.4245214462280273438 5.4886012077331542969 9.6778879165649414062 2.1251661777496337891 10.851660728454589844 12.915836334228515625 10.570209503173828125 9.8909025192260742188 9.7747011184692382812 10.621858596801757812 10.430021286010742188 10.996630668640136719 8.8809785842895507812 6.9668321609497070312 -9999 -9999 -9999 -9999 -9999 -9999 -9999 -9999 -9999 -9999 -9999 -9999 -9999 -9999 -9999 -9999 -9999 -9999 -9999
6.9739198684692382812 8.3416528701782226562 8.71270751953125 6.0887198448181152344 1.0850024223327636719 7.0140857696533203125 8.4341526031494140625 3.2027151584625244141 4.9311571121215820312 6.5210995674133300781 6.0573148727416992188 5.2280850410461425781 6.4905829429626464844 5.5174913406372070312 6.4029955863952636719 5.8533220291137695312 4.3436274528503417969 7.2392249107360839844 8.1630697250366210938 7.3880600929260253906 8.123546600341796875 8.4877672195434570312 8.92305755615234375 3.5506131649017333984 11.35561370849609375 9.3995599746704101562 8.8702764511108398438 7.7235579490661621094 4.860904693603515625 3.7254822254180908203 7.9978251457214355469 11.036009788513183594 9.3102884292602539062 12.324125289916992188 -9999 -9999 -9999 -9999 -9999 -9999 -9999 -9999 -9999 -9999 -9999 -9999 -9999 -9999 -9999 -9999 -9999 -9999 -9999
8.0262708663940429688 8.5017480850219726562 6.3752994537353515625 0.79427552223205566406 6.6021218299865722656 8.4898118972778320312 3.0705051422119140625 3.8613843917846679688 6.1385955810546875 5.4912557601928710938 4.1845183372497558594 3.0254771709442138672 4.4077506065368652344 5.7988820075988769531 6.1026706695556640625 6.5603961944580078125 5.0882554054260253906 6.1160888671875 5.2875924110412597656 3.8902750015258789062 4.6209244728088378906 5.0037083625793457031 4.1358880996704101562 5.2589259147644042969 10.347072601318359375 8.5205812454223632812 10.084118843078613281 10.662647247314453125 9.764430999755859375 -9999 -9999 -9999 -9999 -9999 -9999 -9999 -9999 -9999 -9999 -9999 -9999 -9999 -9999 -9999 -9999 -9999 -9999 -9999 -9999 -9999 -9999 -9999 -9999
4.5540394783020019531 2.4058024883270263672 2.2298424243927001953 5.2846221923828125 7.754215240478515625 5.0960774421691894531 2.8528535366058349609 4.6008591651916503906 3.3792955875396728516 2.3481950759887695312 1.3746961355209350586 0.91003507375717163086 0.56520617008209228516 0.27070212364196777344 2.4314506053924560547 3.4551589488983154297 4.2698073387145996094 5.5545935630798339844 6.9611811637878417969 8.3935861587524414062 7.8273701667785644531 6.4243903160095214844 5.2705893516540527344 3.6603870391845703125 8.6429386138916015625 6.633266448974609375 7.9648699760437011719 9.2854213714599609375 9.2317104339599609375 -9999 -9999 -9999 -9999 -9999 -9999 -9999 -9999 -9999 -9999 -9999 -9999 -9999 -9999 -9999 -9999 -9999 -9999 -9999 -9999 -9999 -9999 -9999 -9999
6.3971304893493652344 7.863185882568359375 7.1357355117797851562 5.6117262840270996094 6.3893985748291015625 3.4757001399993896484 4.7355852127075195312 5.504024505615234375 4.0859212875366210938 3.6538012027740478516 3.6646401882171630859 3.6719934940338134766 4.9086527824401855469 5.9818816184997558594 6.6192493438720703125 8.0217981338500976562 11.115324020385742188 11.350817680358886719 11.468810081481933594 12.397847175598144531 12.252903938293457031 10.017240524291992188 8.767669677734375 1.2171033620834350586 7.2676081657409667969 6.7454652786254882812 5.971851348876953125 7.0293364524841308594 -9999 -9999 -9999 -9999 -9999 -9999 -9999 -9999 -9999 -9999 -9999 -9999 -9999 -9999 -9999 -9999 -9999 -9999 -9999 -9999 -9999 -9999 -9999 -9999 -9999
9.898754119873046875 7.9716410636901855469 5.2419576644897460938 2.6803693771362304688 5.4269776344299316406 3.73816680908203125 5.4720759391784667969 6.2251429557800292969 6.4205203056335449219 6.6715869903564453125 5.7077045440673828125 4.8292112350463867188 7.0248560905456542969 7.6706204414367675781 8.4567003250122070312 10.064925193786621094 12.398258209228515625 13.033212661743164062 12.370579719543457031 10.168956756591796875 9.1849622726440429688 7.8394055366516113281 8.8428716659545898438 4.6994128227233886719 4.6718587875366210938 6.2609167098999023438 4.5538487434387207031 6.3123645782470703125 -9999 -9999 -9999 -9999 -9999 -9999 -9999 -9999 -9999 -9999 -9999 -9999 -9999 -9999 -9999 -9999 -9999 -9999 -9999 -9999 -9999 -9999 -9999 -9999 -9999
5.0781950950622558594 5.3110818862915039062 5.5993399620056152344 4.0018854141235351562 4.520748138427734375 4.2396173477172851562 5.009235382080078125 7.9495759010314941406 9.2398557662963867188 8.9815778732299804688 7.4246883392333984375 7.4170393943786621094 11.3084716796875 11.478059768676757812 12.469199180603027344 12.992687225341796875 12.480395317077636719 11.245988845825195312 8.14989471435546875 5.5343022346496582031 9.1136837005615234375 9.2532138824462890625 9.1305456161499023438 5.7177553176879882812 4.15665435791015625 7.3657603263854980469 6.16661834716796875 -9999 -9999 -9999 -9999 -9999 -9999 -9999 -9999 -9999 -9999 -9999 -9999 -9999 -9999 -9999 -9999 -9999 -9999 -9999 -9999 -9999 -9999 -9999 -9999 -9999 -9999
4.6220703125 6.4531698226928710938 8.0991678237915039062 8.2134857177734375 5.8998689651489257812 6.2382063865661621094 6.7994093894958496094 10.157183647155761719 11.767240524291992188 12.116058349609375 12.185461997985839844 14.756591796875 16.0582275390625 12.95647430419921875 11.635277748107910156 7.6314401626586914062 2.8234016895294189453 2.3435564041137695312 5.1197409629821777344 7.0648083686828613281 7.6964745521545410156 8.8670625686645507812 9.930713653564453125 5.0785913467407226562 5.3007421493530273438 8.2848558425903320312 6.7909536361694335938 -9999 -9999 -9999 -9999 -9999 -9999 -9999 -9999 -9999 -9999 -9999 -9999 -9999 -9999 -9999 -9999 -9999 -9999 -9999 -9999 -9999 -9999 -9999 -9999 -9999 -9999
7.1146612167358398438 7.9553537368774414062 9.0968217849731445312 9.7053012847900390625 9.1852436065673828125 9.2604970932006835938 11.330933570861816406 12.734045982360839844 13.359536170959472656 14.506307601928710938 15.154644012451171875 14.302286148071289062 10.096933364868164062 5.2844333648681640625 5.1619930267333984375 4.9809012413024902344 7.798259735107421875 9.44901275634765625 8.2727565765380859375 7.9607501029968261719 8.432674407958984375 10.516034126281738281 9.634769439697265625 1.6427030563354492188 7.1645274162292480469 8.4684696197509765625 -9999 -9999 -9999 -9999 -9999 -9999 -9999 -9999 -9999 -9999 -9999 -9999 -9999 -9999 -9999 -9999 -9999 -9999 -9999 -9999 -9999 -9999 -9999 -9999 -9999 -9999 -9999
5.3597350120544433594 4.1323385238647460938 4.0047926902770996094 4.1262030601501464844 6.1294035911560058594 8.6645450592041015625 9.9449930191040039062 7.0351881980895996094 5.0571265220642089844 6.0808434486389160156 5.8869657516479492188 2.3213126659393310547 4.8606843948364257812 7.5960860252380371094 7.4132552146911621094 6.5628371238708496094 6.2124118804931640625 5.3486437797546386719 6.5285239219665527344 6.5128765106201171875 8.529476165771484375 9.2167911529541015625 2.8110604286193847656 6.8428888320922851562 10.009280204772949219 8.9896841049194335938 -9999 -9999 -9999 -9999 -9999 -9999 -9999 -9999 -9999 -9999 -9999 -9999 -9999 -9999 -9999 -9999 -9999 -9999 -9999 -9999 -9999 -9999 -9999 -9999 -9999 -9999 -9999
2.3783159255981445312 3.8884022235870361328 5.1778392791748046875 4.9365739822387695312 4.3655495643615722656 4.6117792129516601562 6.0041208267211914062 7.3145055770874023438 7.7357249259948730469 5.9320688247680664062 3.6241991519927978516 6.8364553451538085938 7.9415760040283203125 8.4901561737060546875 7.8684139251708984375 4.6572208404541015625 3.8243210315704345703 6.0397553443908691406 4.9859399795532226562 6.63547515869140625 9.4944162368774414062 5.416362762451171875 5.5682344436645507812 10.779246330261230469 10.516834259033203125 -9999 -9999 -9999 -9999 -9999 -9999 -9999 -9999 -9999 -9999 -9999 -9999 -9999 -9999 -9999 -9999 -9999 -9999 -9999 -9999 -9999 -9999 -9999 -9999 -9999 -9999 -9999 -9999
3.8163630962371826172 4.3675317764282226562 4.4638767242431640625 4.2402248382568359375 6.589080810546875 8.9720106124877929688 10.444393157958984375 11.910799980163574219 12.060337066650390625 10.320502281188964844 5.5470108985900878906 5.6303057670593261719 6.7155237197875976562 6.0584673881530761719 5.1821169853210449219 5.676631927490234375 5.67887115478515625 3.7384164333343505859 8.2224521636962890625 9.4627704620361328125 6.1533594131469726562 1.6393194198608398438 7.1649217605590820312 8.0380449295043945312 6.8172030448913574219 -9999 -9999 -9999 -9999 -9999 -9999 -9999 -9999 -9999 -9999 -9999 -9999 -9999 -9999 -9999 -9999 -9999 -9999 -9999 -9999 -9999 -9999 -9999 -9999 -9999 -9999 -9999 -9999
0.90411400794982910156 3.2205932140350341797 4.9159097671508789062 4.744632720947265625 1.6170858144760131836 2.3779561519622802734 5.4297776222229003906 8.3693408966064453125 10.882246017456054688 13.473138809204101562 12.235409736633300781 6.6561341285705566406 4.904083251953125 5.7170438766479492188 7.146251678466796875 5.4969944953918457031 6.8770570755004882812 9.9766035079956054688 11.608147621154785156 6.7801842689514160156 5.9271197319030761719 10.78136444091796875 7.9247684478759765625 5.6914882659912109375 6.8804965019226074219 -9999 -9999 -9999 -9999 -9999 -9999 -9999 -9999 -9999 -9999 -9999 -9999 -9999 -9999 -9999 -9999 -9999 -9999 -9999 -9999 -9999 -9999 -9999 -9999 -9999 -9999 -9999 -9999
4.8955965042114257812 7.4971075057983398438 8.8018140792846679688 9.8121423721313476562 9.0460786819458007812 6.8015866279602050781 4.7882413864135742188 4.6880030632019042969 3.8138394355773925781 7.3395113945007324219 13.719185829162597656 13.848383903503417969 10.68512725830078125 8.2236700057983398438 9.1372575759887695312 9.7887754440307617188 7.73363494873046875 8.1364259719848632812 5.1113643646240234375 4.5887088775634765625 11.981824874877929688 12.344354629516601562 11.367584228515625 9.0386095046997070312 -9999 -9999 -9999 -9999 -9999 -9999 -9999 -9999 -9999 -9999 -9999 -9999 -9999 -9999 9.6641721725463867188 8.9934072494506835938 9.1803579330444335938 10.197428703308105469 11.024353981018066406 -9999 -9999 -9999 11.689406394958496094 9.7321262359619140625 7.6340985298156738281 7.349773406982421875 5.6082406044006347656 8.955982208251953125 7.0885820388793945312
4.2490544319152832031 5.9437303543090820312 5.9209818840026855469 8.7468519210815429688 10.575194358825683594 10.619256019592285156 10.302289009094238281 11.759519577026367188 12.844486236572265625 8.6473054885864257812 1.1254248619079589844 7.7632842063903808594 11.542372703552246094 12.330622673034667969 11.609149932861328125 7.2882485389709472656 2.0187826156616210938 4.9688467979431152344 5.9595193862915039062 8.62906646728515625 8.5087938308715820312 5.7130064964294433594 6.5037055015563964844 -9999 -9999 -9999 -9999 -9999 -9999 -9999 -9999 -9999 -9999 -9999 -9999 -9999 -9999 7.9081912040710449219 9.608860015869140625 9.9404478073120117188 8.5738210678100585938 7.9827327728271484375 8.498432159423828125 11.438676834106445312 12.366258621215820312 11.552166938781738281 7.199275970458984375 3.3386540412902832031 6.1494469642639160156 4.3300619125366210938 5.0546064376831054688 8.8467016220092773438 5.1284012794494628906
