data/case_study_itwater/converter_hmc/geo/gridded/marche.roughness.txt
ncols        643
nrows        534
xllcorner    12.041800000000
yllcorner    42.520600000000
cellsize     0.003003000000
NODATA_value  -9999
[rows 104 to 129 of 534, columns 58 to 115 of 643]
219.0999755859375 235.60003662109375 164.29998779296875 159.4000244140625 159.4000244140625 159.4000244140625 134.100006103515625 128.000030517578125 100.899993896484375 62.899993896484375 89.600006103515625 95.199981689453125 95.199981689453125 81 88 86.29998779296875 93.499969482421875 101.100006103515625 112.79998779296875 137.60003662109375 133.10003662109375 102.79998779296875 84.79998779296875 95.70001220703125 154.0999755859375 230.79998779296875 313.199951171875 350.39996337890625 351.4000244140625 411.39996337890625 427 353.99993896484375 322.9000244140625 209.800048828125 114.9000244140625 91.4000244140625 126.7999267578125 151.7000732421875 175.4000244140625 209.2000732421875 196.2999267578125 168.800048828125 157.7000732421875 166.300048828125 211.5 169.7000732421875 168.79998779296875 166.0999755859375 156 125.5999755859375 108.39996337890625 128.20001220703125 146 167.20001220703125 154.10003662109375 165.4000244140625 177.60003662109375 180.89996337890625
203.60003662109375 168.29998779296875 129 206.60003662109375 223.20001220703125 194.70001220703125 188.300018310546875 188.300018310546875 175.100006103515625 139.20001220703125 108.20001220703125 118.0999755859375 133.70001220703125 133.70001220703125 124.20001220703125 104.29998779296875 100.300018310546875 85.000030517578125 94.39996337890625 123.20001220703125 138.0999755859375 118.29998779296875 94.70001220703125 129.0999755859375 192.20001220703125 279.9000244140625 319.2999267578125 335.300048828125 329.70001220703125 342.5 366.89996337890625 321.7999267578125 289.800048828125 190.9000244140625 50.0999755859375 67.7000732421875 134.0999755859375 188.699951171875 206.800048828125 193.5 184 167.699951171875 163.0999755859375 229.7000732421875 274.70001220703125 211.00006103515625 197.20001220703125 161.29998779296875 115.20001220703125 98.79998779296875 96.5 106.79998779296875 102.4000244140625 119.89996337890625 122.4000244140625 102 124.5 134.800018310546875
153.10003662109375 152.60003662109375 191.10003662109375 261.70001220703125 226.899993896484375 158.39996337890625 185.5 199.699981689453125 210.100006103515625 144.899993896484375 115.699981689453125 111.4000244140625 109.0999755859375 103.79998779296875 103.79998779296875 90.4000244140625 110.9000244140625 110.9000244140625 109.79998779296875 121.70001220703125 125.79998779296875 125.39996337890625 152 205.5999755859375 235.300048828125 233.800048828125 238.89996337890625 224.9000244140625 187.800048828125 182.800048828125 224.39990234375 163.9000244140625 119.300048828125 97.2000732421875 26.300048828125 75.2000732421875 96.5 138.5999755859375 169.7000732421875 171.199951171875 138 106 128.2999267578125 244.2000732421875 287.9000244140625 234.5999755859375 170.9000244140625 153.29998779296875 115.20001220703125 94.60003662109375 87.20001220703125 97.60003662109375 87 87.79998779296875 90.29998779296875 75.70001220703125 72.39996337890625 63.699981689453125
211.10003662109375 264.70001220703125 306.4000244140625 321.300018310546875 252.9000244140625 175.29998779296875 170.5 189.5999755859375 179.0999755859375 145.5 143.89996337890625 143.0999755859375 144.5 105.4000244140625 105 99.70001220703125 110.0999755859375 117.5999755859375 117.5999755859375 117.5999755859375 115.89996337890625 117.199951171875 199.0999755859375 211.5999755859375 235.300048828125 210.7000732421875 206.39996337890625 234.5 233 204.5999755859375 218.199951171875 171.7999267578125 123.800048828125 92.5 77.800048828125 76.800048828125 88.800048828125 120 194.9000244140625 238.199951171875 223.4000244140625 203 215.5 268.7000732421875 287.9000244140625 190.699951171875 125.20001220703125 112 82.39996337890625 91.9000244140625 104.5 139.10003662109375 124 86.20001220703125 92.70001220703125 101.5 93.39996337890625 75.399993896484375
264.100006103515625 298.699981689453125 282.20001220703125 265.199951171875 249.5 178.9000244140625 149.10003662109375 197.5 186.5 167.39996337890625 198.29998779296875 185.5 165.79998779296875 142.199951171875 132.29998779296875 132.29998779296875 129.9000244140625 117.5 155.89996337890625 155.89996337890625 155.89996337890625 122.89996337890625 199.0999755859375 228.699951171875 243 237.5 202.2000732421875 206.199951171875 199.5 163.5999755859375 170.699951171875 152.2000732421875 183 196.7000732421875 196.7000732421875 183.4000244140625 176.300048828125 234 288.10009765625 317 318 298 322.5 347.0999755859375 279.4000244140625 176.199951171875 119.29998779296875 94.29998779296875 104.5 122.0999755859375 119.5 147.20001220703125 127.39996337890625 138.10003662109375 158.4000244140625 177.300048828125 167.20001220703125 140.600006103515625
214.199981689453125 189.20001220703125 171.5999755859375 158.20001220703125 143.20001220703125 120.29998779296875 142.70001220703125 196.29998779296875 185 160.20001220703125 219.20001220703125 197.5999755859375 168.20001220703125 172.9000244140625 140.5999755859375 140.5999755859375 140.5999755859375 129.29998779296875 152.4000244140625 231.39996337890625 231.39996337890625 231.39996337890625 209.20001220703125 218.5999755859375 204.5999755859375 199.9000244140625 165.7000732421875 168.2999267578125 169.800048828125 140.5 175.4000244140625 214.7000732421875 236.2999267578125 253.199951171875 253.199951171875 239.300048828125 221.699951171875 261.89990234375 287.4000244140625 313.10003662109375 302.300048828125 272.5999755859375 259.5999755859375 258.29998779296875 228.89996337890625 156.89996337890625 113.79998779296875 76.89996337890625 80.9000244140625 66.5999755859375 74.39996337890625 116.5999755859375 103.5 128.300048828125 147.800048828125 184.9000244140625 181.29998779296875 160.5
119.29998779296875 117.4000244140625 112.79998779296875 105.60003662109375 90 72 116.10003662109375 169.39996337890625 169.39996337890625 169.39996337890625 196.70001220703125 171.79998779296875 144 166.20001220703125 144.4000244140625 180.5999755859375 204.20001220703125 205 233.4000244140625 279.9000244140625 310.29998779296875 310.29998779296875 256.29998779296875 294 252.79998779296875 225.800048828125 179.300048828125 143.699951171875 140.300048828125 141.2999267578125 183.5 209.699951171875 209.699951171875 217.5 219.0999755859375 237.4000244140625 237.4000244140625 263.699951171875 317.89996337890625 268.9000244140625 247.0999755859375 236.89996337890625 204.800048828125 193.0999755859375 150.39996337890625 98.29998779296875 90.60003662109375 89.0999755859375 89.5 70.29998779296875 71 108.9000244140625 108.9000244140625 109.79998779296875 111.39996337890625 157.0999755859375 156.4000244140625 140.70001220703125
106.5999755859375 108 111.70001220703125 105.60003662109375 100.60003662109375 89.9000244140625 72.4000244140625 97.5999755859375 98.199951171875 119.79998779296875 140.5 118.0999755859375 128 147.79998779296875 183.20001220703125 236.5 291.5 294.5 294.5 281.5999755859375 231 255.00006103515625 227.79998779296875 252.79998779296875 188.29998779296875 140.5 114.4000244140625 108.2999267578125 107.89990234375 121.4000244140625 155 180.800048828125 160.300048828125 185.199951171875 192.5 243.9000244140625 240.70001220703125 272.4000244140625 326.60003662109375 280.00006103515625 220.39996337890625 189.39996337890625 151.699951171875 132 110.800048828125 99.29998779296875 110.5 124.60003662109375 132 110.20001220703125 88.29998779296875 88.300048828125 70.20001220703125 57.70001220703125 73.5 118.20001220703125 106.79998779296875 115.4000244140625
102.0999755859375 99.10003662109375 97.5 106.29998779296875 115.20001220703125 101.29998779296875 79.10003662109375 71 37.29998779296875 68 91.60003662109375 91.0999755859375 109.29998779296875 130.0999755859375 175.9000244140625 216.5999755859375 218.79998779296875 170.20001220703125 153 140.0999755859375 102.5 156.50006103515625 154.60003662109375 153.29998779296875 97.10003662109375 72.4000244140625 66.20001220703125 77.0999755859375 94.89990234375 110.5999755859375 131.49993896484375 139.7000732421875 141.20001220703125 167.2999267578125 167.2999267578125 214.699951171875 213.0999755859375 250.5 270.4000244140625 245.300048828125 162.20001220703125 162 148.199951171875 120.5 100.0999755859375 89.10003662109375 104.89996337890625 120.0999755859375 106.70001220703125 97.79998779296875 112.79998779296875 136.20001220703125 130.20001220703125 125.5999755859375 107.79998779296875 117.89996337890625 89.4000244140625 115.4000244140625
124.39996337890625 123.20001220703125 116.70001220703125 111.29998779296875 108.70001220703125 106.20001220703125 101.9000244140625 99.0999755859375 79 68.79998779296875 60.10003662109375 54 72.20001220703125 77.5 118 161.0999755859375 134.70001220703125 52.5 39 35.699951171875 71.0999755859375 101 95.5 95.5 57.4000244140625 37.7000732421875 44.199951171875 63.9000244140625 79.7000732421875 94.00006103515625 106.2999267578125 116.800048828125 128.2000732421875 137.0999755859375 143.5999755859375 168.5 179.29998779296875 200.29998779296875 176.9000244140625 190.5 135 127.39996337890625 144.79998779296875 111 90.70001220703125 68.10003662109375 64.5 76 79.60003662109375 75.0999755859375 94.29998779296875 108.5999755859375 127.39996337890625 147.89996337890625 161.699951171875 161.699951171875 150.29998779296875 116.70001220703125
164.500030517578125 134.70001220703125 122.60003662109375 130.300048828125 134.5999755859375 145 152.39996337890625 151 130.300048828125 116.4000244140625 102.60003662109375 102.29998779296875 120.5 131.5 160 203.199951171875 184.70001220703125 130.4000244140625 78.4000244140625 36.199951171875 37.5999755859375 63.199951171875 68.300048828125 68.300048828125 65 53.9000244140625 51.699951171875 59.5 63.39996337890625 68.199951171875 81.4000244140625 89.79998779296875 106.4000244140625 111.0999755859375 113.0999755859375 145.300048828125 165.5 185.20001220703125 146.5 121.0999755859375 103.199951171875 90.5999755859375 117 118.20001220703125 111.10003662109375 102.89996337890625 97.0999755859375 88.89996337890625 55.70001220703125 53.79998779296875 63.4000244140625 78.70001220703125 96.5 113.0999755859375 128.89996337890625 132.5999755859375 116.79998779296875 125.4000244140625
134.699981689453125 162.399993896484375 169.5 180.199951171875 190.79998779296875 196.9000244140625 195.5999755859375 188 166.70001220703125 148.699951171875 149.39996337890625 138.300048828125 142 132.79998779296875 136.29998779296875 168.0999755859375 146.20001220703125 103.5 64.800048828125 49.89990234375 43.199951171875 59.2000732421875 68.0999755859375 68.0999755859375 63.39990234375 60.5 73.2999267578125 70.5 60.99993896484375 57.5 56.699951171875 56.9000244140625 76.60003662109375 86.0999755859375 94.70001220703125 96.20001220703125 84 99.79998779296875 86.20001220703125 88.79998779296875 87.5999755859375 58.20001220703125 63.70001220703125 81.10003662109375 80.5 95.10003662109375 107.20001220703125 106.29998779296875 101.5999755859375 60.300048828125 57.699951171875 62.20001220703125 85.20001220703125 85.20001220703125 110.0999755859375 113.5 99.29998779296875 151.70001220703125
133.399993896484375 131.999969482421875 145.5 156.199951171875 146.4000244140625 131.60003662109375 129.0999755859375 121.5 108.5 100.199951171875 85.199951171875 100.70001220703125 115 123.79998779296875 147.79998779296875 156.79998779296875 148.39996337890625 120 94.9000244140625 81 70.5 65.4000244140625 66.5 52.300048828125 52.300048828125 58.5 70.4000244140625 75.199951171875 70.99993896484375 71.199951171875 65.79998779296875 67.29998779296875 86.5 103.70001220703125 114.20001220703125 130.20001220703125 128 137.89996337890625 106 109.89996337890625 104 71.5 60.300048828125 60.60003662109375 57.60003662109375 71.20001220703125 75.4000244140625 118.5 118.5 118.5 101.39996337890625 87 82.89996337890625 82.699951171875 99.0999755859375 92.79998779296875 84.70001220703125 120.79998779296875
168.20001220703125 154.999969482421875 185.79998779296875 210.699951171875 197.79998779296875 165.4000244140625 144.4000244140625 165.70001220703125 176.5 154.89996337890625 139.89996337890625 127.20001220703125 154.89996337890625 158.79998779296875 165.9000244140625 163.60003662109375 121.9000244140625 110.5 104.20001220703125 98.5999755859375 86.5 79.5 72.9000244140625 51.0999755859375 51.300048828125 67.5999755859375 79.9000244140625 68.9000244140625 62.300048828125 66.89996337890625 71.29998779296875 77.699951171875 85.699951171875 98.10003662109375 109.89996337890625 121.39996337890625 118.0999755859375 129 120 109.89996337890625 104 71.5 71.300048828125 92 94.70001220703125 99.10003662109375 95.60003662109375 98.20001220703125 122.5999755859375 122.5999755859375 129.79998779296875 127.300018310546875 137.800018310546875 145.70001220703125 168.60003662109375 150 125.29998779296875 84.5999755859375
182.4000244140625 213.5 248.4000244140625 260 247.79998779296875 232.79998779296875 213.89996337890625 206.29998779296875 222.70001220703125 189.20001220703125 166.9000244140625 147.79998779296875 132.5 134.4000244140625 138.29998779296875 116.800048828125 84.20001220703125 87.99993896484375 92.800048828125 88.0999755859375 80.300048828125 85.699951171875 85.699951171875 76.5 85.5999755859375 90.9000244140625 81.4000244140625 69.7000732421875 80.29998779296875 88.0999755859375 87.50006103515625 85.49993896484375 87.2999267578125 78.5 72.0999755859375 68 73.5999755859375 85.5 86.20001220703125 80.20001220703125 81.79998779296875 79.79998779296875 97.79998779296875 103.79998779296875 124.9000244140625 139.20001220703125 166.4000244140625 183.0999755859375 162.399993896484375 105.0999755859375 112.699981689453125 119 107.0999755859375 117.0999755859375 144 139.60003662109375 151.29998779296875 100.29998779296875
111 116.20001220703125 151.10003662109375 147.800048828125 112.5 108.300048828125 103 106.39996337890625 138.79998779296875 108.89996337890625 93.89996337890625 101.0999755859375 125 121.10003662109375 122.9000244140625 120.5999755859375 89.4000244140625 76.99993896484375 76.5999755859375 65.699951171875 70 74.5 62.5999755859375 53.800048828125 71.7000732421875 106.4000244140625 114.2999267578125 98 94.800048828125 84.5 77.9000244140625 65.199951171875 67.50006103515625 73.39996337890625 69.20001220703125 68 67.89996337890625 85.5 96.60003662109375 111.60003662109375 102.699951171875 89.20001220703125 105.60003662109375 127.199951171875 153.0999755859375 139.5 150.9000244140625 183.0999755859375 162.399993896484375 138.20001220703125 111.199981689453125 79.89996337890625 48.29998779296875 53.300018310546875 67.100006103515625 97.800018310546875 157.999969482421875 157.999969482421875
157.300048828125 145.29998779296875 141 134.10003662109375 112.0999755859375 98.5 74.70001220703125 63.699951171875 93.5 95.5 72.5 75.5 98.70001220703125 119.70001220703125 116 95.89996337890625 69.800048828125 64.89990234375 89.199951171875 110.39990234375 118.10009765625 114.5999755859375 96.300048828125 68.60009765625 60.2000732421875 91.9000244140625 102.9000244140625 76.7000732421875 63.9000244140625 64.2999267578125 62.29998779296875 60.199951171875 67.50006103515625 73.39996337890625 73.5 78.79998779296875 76.79998779296875 106 127.0999755859375 112 99.5 115.20001220703125 130 151.60003662109375 145.5 94.39996337890625 94.9000244140625 124.79998779296875 162.399993896484375 138.20001220703125 122.100006103515625 105.5999755859375 79.0999755859375 76.699981689453125 112.60003662109375 119.300018310546875 131.60003662109375 129.4000244140625
137 122.89996337890625 143.0999755859375 161.0999755859375 160.60003662109375 159.20001220703125 140.39996337890625 132.79998779296875 146.79998779296875 142.199951171875 105.5999755859375 95.0999755859375 84.4000244140625 82.5 85.5999755859375 82.699951171875 88.7000732421875 96.2000732421875 107.7000732421875 111.4000244140625 111.4000244140625 116 101.7999267578125 72.7000732421875 67.4000244140625 67.4000244140625 93.2000732421875 81 68.5 64.2999267578125 62.29998779296875 60.199951171875 68.70001220703125 93.9000244140625 112 100.70001220703125 89.699951171875 103.0999755859375 115.70001220703125 110.79998779296875 108.0999755859375 117.4000244140625 112.70001220703125 139.39996337890625 145.5 119.29998779296875 96.29998779296875 93.9000244140625 86.29998779296875 85.300048828125 90.9000244140625 89.79998779296875 106.100006103515625 118.199981689453125 117.000030517578125 132.300018310546875 144.60003662109375 104.800018310546875
223.800048828125 139.29998779296875 116.79998779296875 146.20001220703125 173.5 172.20001220703125 154.5 153.29998779296875 146.5 103.29998779296875 89.20001220703125 106.70001220703125 108.70001220703125 110.20001220703125 114.0999755859375 119.39996337890625 108.199951171875 95.5999755859375 67.0999755859375 72.800048828125 81.199951171875 85.7999267578125 86.5999755859375 110.9000244140625 114.300048828125 109.9000244140625 93.2000732421875 81 63.5999755859375 57.89990234375 73.49993896484375 83.199951171875 89.50006103515625 91.0999755859375 99.800048828125 87.5 49.0999755859375 71.29998779296875 83.70001220703125 70.10003662109375 61.20001220703125 71 114.0999755859375 147.89996337890625 147.89996337890625 124.5999755859375 96.699951171875 84.10003662109375 62.39996337890625 56.79998779296875 60.10003662109375 73.800048828125 106.100006103515625 97.999969482421875 79.800018310546875 79.800018310546875 144.70001220703125 149.70001220703125
268.29998779296875 251.79998779296875 188.39996337890625 99.89996337890625 107.800048828125 100.79998779296875 97.0999755859375 106.60003662109375 117.0999755859375 92.70001220703125 103 110.79998779296875 101.20001220703125 138.70001220703125 158 148 116 76.70001220703125 71.7000732421875 72.800048828125 81.199951171875 81.699951171875 92.300048828125 92.300048828125 113.5999755859375 100.9000244140625 64.5 63.199951171875 58.5 77.300048828125 88.800048828125 81.89990234375 75.4000244140625 75.0999755859375 102.10003662109375 114.5999755859375 92 89.70001220703125 85.5 93.5 123.79998779296875 131.0999755859375 149.4000244140625 184.39996337890625 175.20001220703125 142.79998779296875 107.5999755859375 83.4000244140625 72.5 55.39996337890625 63.20001220703125 83.9000244140625 94.5 77.89996337890625 59.70001220703125 54.500030517578125 64.79998779296875 99.29998779296875
177.4000244140625 226 214.4000244140625 144.300048828125 69.20001220703125 56.29998779296875 45.79998779296875 97.4000244140625 112.0999755859375 121 122.70001220703125 131.5 136.5 116.5999755859375 96.70001220703125 87 80.5 84.20001220703125 88.00006103515625 85.60003662109375 80.2999267578125 62.5999755859375 85.39996337890625 83.10003662109375 105.29998779296875 94.699951171875 89 65.9000244140625 37.9000244140625 39.2000732421875 48 61.39990234375 92.2000732421875 97.99993896484375 126.7000732421875 135.5 126.199951171875 123.9000244140625 137.70001220703125 155 173.70001220703125 181.20001220703125 163.60003662109375 153.29998779296875 135.4000244140625 111.5 99.20001220703125 78.10003662109375 65 71.89996337890625 102.89996337890625 107.9000244140625 107.5999755859375 90.39996337890625 90.39996337890625 59.300018310546875 78 78
102.4000244140625 142.5 185.20001220703125 155.29998779296875 135.4000244140625 108.89996337890625 45.4000244140625 67.10003662109375 91.5999755859375 90.4000244140625 100.9000244140625 88.79998779296875 70.79998779296875 65.70001220703125 65.29998779296875 81.10003662109375 82.4000244140625 84.20001220703125 88.00006103515625 85.39996337890625 68.7999267578125 81.699951171875 124.2999267578125 100.5999755859375 126.199951171875 141.0999755859375 124.29998779296875 86.2999267578125 98.4000244140625 106.10003662109375 106.10003662109375 95.49993896484375 92.2000732421875 97.39996337890625 103.300048828125 100.5999755859375 89.79998779296875 90.9000244140625 95.39996337890625 119.29998779296875 133.39996337890625 146.5 129.4000244140625 126 104.79998779296875 76.4000244140625 71.29998779296875 60.10003662109375 65 71.89996337890625 102.89996337890625 107.9000244140625 81.29998779296875 64.0999755859375 74.29998779296875 73.600006103515625 69 65.29998779296875
98.5 99.199951171875 179.10003662109375 200.70001220703125 200.70001220703125 152.29998779296875 132.20001220703125 115.20001220703125 102.79998779296875 115.70001220703125 117.20001220703125 105.9000244140625 136.39996337890625 114.0999755859375 83 87.20001220703125 87.60003662109375 92.50006103515625 72.60003662109375 66.70001220703125 79.50006103515625 110.9000244140625 156.9000244140625 121.699951171875 118.0999755859375 137.699951171875 133.300048828125 102.199951171875 134.5 150.5 150.5 150.5 107.4000244140625 98.2000732421875 94.800048828125 89.5999755859375 84.39996337890625 90.9000244140625 92.5 94.29998779296875 74.699951171875 85 82.79998779296875 109.20001220703125 101.5 79 53.9000244140625 53.20001220703125 85 90.5 105 112.300018310546875 85.699981689453125 68.499969482421875 74.29998779296875 89.100006103515625 110.5 110.5
128.10003662109375 101.4000244140625 121.29998779296875 145.9000244140625 167.4000244140625 148.20001220703125 172.70001220703125 211.300048828125 197.70001220703125 197.29998779296875 173.20001220703125 154.0999755859375 153 148.199951171875 122.39996337890625 105.199951171875 93.10003662109375 78.10003662109375 51.4000244140625 48.39996337890625 108.9000244140625 170.9000244140625 182.50006103515625 140.20001220703125 115 153.49993896484375 132.70001220703125 120.0999755859375 154.9000244140625 146.800048828125 138.5 149.9000244140625 113.29998779296875 121.20001220703125 134.60003662109375 121.29998779296875 83.5 90.9000244140625 92.5 107.29998779296875 108.79998779296875 129.5 134.60003662109375 152.300048828125 139.70001220703125 107.10003662109375 103.20001220703125 81.20001220703125 67.20001220703125 77.70001220703125 78 91.0999755859375 59.0999755859375 70.5 59.29998779296875 50.5999755859375 68.9000244140625 68.9000244140625
123.79998779296875 122.29998779296875 91.79998779296875 116.29998779296875 166.20001220703125 149.0999755859375 168.70001220703125 193.70001220703125 167.9000244140625 178.29998779296875 178.29998779296875 132.20001220703125 135.5 143.20001220703125 98 98 76.5 63.60003662109375 45.300048828125 36.300048828125 129.5 188.5999755859375 178.0999755859375 146.70001220703125 125.89996337890625 160.70001220703125 154.89996337890625 155 197 170.20001220703125 154.60003662109375 151.29998779296875 79.5 105.70001220703125 138.70001220703125 138.29998779296875 103.60003662109375 85.29998779296875 67.20001220703125 114.70001220703125 131.5999755859375 172.4000244140625 177.79998779296875 180 146.300048828125 132.5 126.29998779296875 125.20001220703125 115.5999755859375 78.9000244140625 66.300018310546875 75.499969482421875 60.999969482421875 78.899993896484375 72.699981689453125 76 41.5999755859375 81.600006103515625
103.699951171875 92.39996337890625 58.5999755859375 85.5 146.20001220703125 146.20001220703125 135.800048828125 159.29998779296875 105.79998779296875 91 91 81.199951171875 89.0999755859375 87.60003662109375 58.20001220703125 71.800048828125 54.60003662109375 75.7000732421875 62.10003662109375 82.4000244140625 176.7000732421875 225.4000244140625 176.9000244140625 114.9000244140625 144.79998779296875 164.29998779296875 163.5 196.79998779296875 196.79998779296875 167.10003662109375 145.800048828125 118.0999755859375 67.29998779296875 122.0999755859375 169.79998779296875 145.5 106.5 104 98.20001220703125 68.4000244140625 72.5999755859375 99.0999755859375 125.5 179.79998779296875 177.20001220703125 148.5999755859375 125.79998779296875 112.0999755859375 124.699981689453125 124.699981689453125 100.800018310546875 90.9000244140625 81 96.60003662109375 93.5 75.5 52.0999755859375 99.29998779296875
