data/case_study_itwater/converter_hmc/geo/gridded/marche.slope.txt
ncols        643
nrows        534
xllcorner    12.041800000000
yllcorner    42.520600000000
cellsize     0.003003000000
NODATA_value  -9999
[rows 184 to 206 of 534, columns 477 to 529 of 643]
6.1255941390991210938 6.0739712715148925781 4.7952618598937988281 2.2514176368713378906 4.2354955673217773438 6.2808704376220703125 6.4363336563110351562 5.3797774314880371094 3.9199934005737304688 2.567913055419921875 1.3998320102691650391 0.14060878753662109375 1.8085180521011352539 2.2747781276702880859 2.5369923114776611328 1.3344923257827758789 1.3646135330200195312 1.3976171016693115234 2.1573290824890136719 3.1111586093902587891 3.022075653076171875 3.5560061931610107422 4.60015869140625 2.5997328758239746094 0.84303367137908935547 3.2212800979614257812 5.112018585205078125 -9999 -9999 -9999 -9999 -9999 -9999 -9999 -9999 -9999 -9999 -9999 -9999 -9999 -9999 -9999 -9999 -9999 -9999 -9999 -9999 -9999 -9999 -9999 -9999 -9999 -9999
5.444446563720703125 5.5592093467712402344 4.5567388534545898438 2.7213914394378662109 0.69721120595932006836 3.3997342586517333984 5.117771148681640625 4.73382568359375 3.7067630290985107422 2.6275529861450195312 1.7341535091400146484 1.0321456193923950195 1.0749403238296508789 1.527943730354309082 1.4759918451309204102 0.67231065034866333008 1.8948951959609985352 2.4550883769989013672 3.3276820182800292969 3.9085040092468261719 3.6563599109649658203 3.6189544200897216797 3.5680718421936035156 1.9054725170135498047 5.284671783447265625 6.2362060546875 5.4724192619323730469 4.0849461555480957031 -9999 -9999 -9999 -9999 -9999 -9999 -9999 -9999 -9999 -9999 -9999 -9999 -9999 -9999 -9999 -9999 -9999 -9999 -9999 -9999 -9999 -9999 -9999 -9999 -9999
3.0982048511505126953 2.2652275562286376953 2.5558557510375976562 3.6949315071105957031 3.4377200603485107422 2.4582450389862060547 4.8785772323608398438 4.9349541664123535156 3.6198353767395019531 2.9450876712799072266 2.3210296630859375 1.3956993818283081055 0.84991538524627685547 0.93486458063125610352 0.67233234643936157227 1.1181174516677856445 2.2448935508728027344 3.2584238052368164062 3.7965784072875976562 3.6050610542297363281 3.3236227035522460938 1.6023179292678833008 2.3658390045166015625 4.3253073692321777344 5.3746743202209472656 4.7228207588195800781 4.1243395805358886719 2.0764029026031494141 -9999 -9999 -9999 -9999 -9999 -9999 -9999 -9999 -9999 -9999 -9999 -9999 -9999 -9999 -9999 -9999 -9999 -9999 -9999 -9999 -9999 -9999 -9999 -9999 -9999
4.4335999488830566406 2.0816650390625 2.9198172092437744141 4.2308559417724609375 3.9161608219146728516 2.0097601413726806641 3.9080269336700439453 4.3885622024536132812 3.1629378795623779297 2.7141873836517333984 2.1538648605346679688 0.94440162181854248047 0.39290887117385864258 0.3737792670726776123 0.67681080102920532227 1.0668138265609741211 1.9894911050796508789 3.3933196067810058594 3.9522395133972167969 4.2574300765991210938 3.4426422119140625 2.4664852619171142578 4.8264379501342773438 5.8693552017211914062 5.2798380851745605469 4.3595790863037109375 2.5913345813751220703 2.0802104473114013672 5.3642072677612304688 -9999 -9999 -9999 -9999 -9999 -9999 -9999 -9999 -9999 -9999 -9999 -9999 -9999 -9999 -9999 -9999 -9999 -9999 -9999 -9999 -9999 -9999 -9999 -9999
6.6253123283386230469 5.9448332786560058594 3.1371190547943115234 2.7532293796539306641 3.1943328380584716797 2.2573575973510742188 1.7256008386611938477 4.4716410636901855469 4.5342326164245605469 3.4138846397399902344 2.2821564674377441406 0.84941214323043823242 0.16605527698993682861 0.48784932494163513184 1.2413276433944702148 1.1429235935211181641 0.91483408212661743164 2.3251590728759765625 3.4091906547546386719 3.8989453315734863281 3.7714800834655761719 1.831898808479309082 4.3241534233093261719 3.6141707897186279297 3.9378061294555664062 2.9410996437072753906 1.1291284561157226562 4.6715388298034667969 5.8098502159118652344 -9999 -9999 -9999 -9999 -9999 -9999 -9999 -9999 -9999 -9999 -9999 -9999 -9999 -9999 -9999 -9999 -9999 -9999 -9999 -9999 -9999 -9999 -9999 -9999
0.83808034658432006836 4.7264180183410644531 5.2632541656494140625 2.0414576530456542969 3.1831362247467041016 4.5475130081176757812 3.3592922687530517578 1.9412169456481933594 4.043460845947265625 4.4160218238830566406 2.8765027523040771484 0.94424605369567871094 0.21203526854515075684 0.44318467378616333008 1.5340611934661865234 1.8151445388793945312 1.4563122987747192383 2.0380773544311523438 2.2515165805816650391 2.1452734470367431641 3.7741248607635498047 3.4823105335235595703 4.5342202186584472656 3.9489116668701171875 2.2089393138885498047 1.2593985795974731445 2.7276616096496582031 3.9672439098358154297 5.159626007080078125 -9999 -9999 -9999 -9999 -9999 -9999 -9999 -9999 -9999 -9999 -9999 -9999 -9999 -9999 -9999 -9999 -9999 -9999 -9999 -9999 -9999 -9999 -9999 -9999
8.7625722885131835938 0.88319343328475952148 6.3375210762023925781 4.8978395462036132812 2.7004709243774414062 2.5097723007202148438 2.5005240440368652344 1.5989748239517211914 4.0155415534973144531 5.0111489295959472656 3.012706756591796875 0.91402775049209594727 0.26957529783248901367 0.4369564056396484375 1.8196032047271728516 3.0916817188262939453 2.8884518146514892578 2.2903981208801269531 0.33525428175926208496 2.4264900684356689453 4.4480757713317871094 5.2103419303894042969 5.0060749053955078125 3.5900804996490478516 0.87148976325988769531 1.3885004520416259766 2.4261469841003417969 2.9498724937438964844 3.5734221935272216797 4.2699398994445800781 4.4717631340026855469 5.4646382331848144531 -9999 -9999 -9999 -9999 -9999 -9999 -9999 -9999 -9999 -9999 -9999 -9999 -9999 -9999 -9999 -9999 -9999 -9999 -9999 -9999 -9999
7.4147491455078125 5.6668667793273925781 2.6156113147735595703 5.2081136703491210938 3.1173772811889648438 2.5226361751556396484 1.4190996885299682617 0.96484857797622680664 4.0842533111572265625 4.3070917129516601562 2.3550307750701904297 0.56170725822448730469 0.33504831790924072266 1.5956568717956542969 3.7485024929046630859 5.1136860847473144531 3.7574946880340576172 1.7509458065032958984 2.5758035182952880859 2.9831032752990722656 2.7830822467803955078 3.3239033222198486328 2.9439592361450195312 1.0263923406600952148 1.6467915773391723633 2.7539813518524169922 2.9008312225341796875 2.8356549739837646484 3.2163164615631103516 3.7500548362731933594 4.7979178428649902344 6.48189544677734375 4.5283575057983398438 4.4731307029724121094 7.4762392044067382812 5.7100238800048828125 8.1245555877685546875 9.834278106689453125 10.450031280517578125 -9999 -9999 -9999 -9999 -9999 -9999 -9999 -9999 -9999 -9999 -9999 -9999 -9999 -9999
4.9494233131408691406 7.2850470542907714844 3.3450810909271240234 4.9181013107299804688 5.7771019935607910156 1.9994525909423828125 1.904061436653137207 2.4789371490478515625 3.1176350116729736328 3.6160314083099365234 2.2744376659393310547 0.43835619091987609863 0.82129657268524169922 2.9913804531097412109 5.1672549247741699219 5.1747221946716308594 2.35356903076171875 3.7495779991149902344 3.7272074222564697266 2.6148588657379150391 1.587514042854309082 1.1986567974090576172 0.67295587062835693359 1.0319986343383789062 2.0396685600280761719 2.4468820095062255859 2.9130909442901611328 3.9097611904144287109 4.3419003486633300781 4.2539629936218261719 4.2324743270874023438 3.3433439731597900391 4.5951642990112304688 9.26065826416015625 6.992290496826171875 5.6827983856201171875 8.183132171630859375 10.430990219116210938 11.919325828552246094 12.8046722412109375 -9999 -9999 -9999 -9999 -9999 -9999 -9999 -9999 -9999 -9999 -9999 -9999 -9999
2.6955003738403320312 5.7413210868835449219 7.012256622314453125 0.47070413827896118164 6.9650058746337890625 6.6594209671020507812 4.2481942176818847656 1.9577997922897338867 1.2205793857574462891 3.5921154022216796875 2.8243224620819091797 0.63471990823745727539 1.0235399007797241211 3.3066694736480712891 5.2032866477966308594 4.0781111717224121094 1.4314321279525756836 5.012142181396484375 4.0308446884155273438 2.3185472488403320312 0.81613767147064208984 0.75579786300659179688 1.8298882246017456055 2.0789778232574462891 1.3797887563705444336 2.1139397621154785156 3.6346297264099121094 3.9287085533142089844 2.0006089210510253906 1.8182585239410400391 3.8369081020355224609 4.4020218849182128906 8.3721866607666015625 7.0735001564025878906 4.3828191757202148438 5.9758486747741699219 5.3984918594360351562 6.9339590072631835938 9.4186248779296875 10.536320686340332031 -9999 -9999 -9999 -9999 -9999 -9999 -9999 -9999 -9999 -9999 -9999 -9999 -9999
5.9639577865600585938 3.2647144794464111328 4.8288402557373046875 4.7103357315063476562 1.6088899374008178711 5.3438739776611328125 4.0251154899597167969 2.0629727840423583984 0.36354607343673706055 2.9735529422760009766 3.8256747722625732422 1.6586737632751464844 1.6572444438934326172 3.9832036495208740234 6.2361307144165039062 5.2625360488891601562 4.0110502243041992188 5.5991649627685546875 3.9469516277313232422 1.651233673095703125 0.77699249982833862305 2.7073137760162353516 3.9306490421295166016 4.3958349227905273438 4.7378482818603515625 4.0222010612487792969 2.7764353752136230469 4.0568652153015136719 1.9385619163513183594 3.1415903568267822266 5.0292606353759765625 6.5885477066040039062 7.4720988273620605469 2.4189746379852294922 8.3653154373168945312 6.8381028175354003906 4.3563704490661621094 3.8872556686401367188 6.8266777992248535156 -9999 -9999 -9999 -9999 -9999 -9999 -9999 -9999 -9999 -9999 -9999 -9999 -9999 -9999
8.376796722412109375 8.4315042495727539062 6.7554559707641601562 4.8670606613159179688 3.3167059421539306641 3.6679894924163818359 5.7898354530334472656 6.0344195365905761719 6.5158495903015136719 5.7464013099670410156 5.0454831123352050781 4.1125402450561523438 3.94042205810546875 5.0958857536315917969 7.5865602493286132812 7.5955510139465332031 6.5765147209167480469 4.9750418663024902344 2.638835906982421875 0.33729609847068786621 3.0696246623992919922 4.920867919921875 5.9818787574768066406 6.7241153717041015625 7.3844304084777832031 7.5876259803771972656 6.2409424781799316406 3.9706637859344482422 0.84440988302230834961 3.4081442356109619141 4.3280572891235351562 6.4738855361938476562 3.8421370983123779297 7.0952930450439453125 7.4668183326721191406 4.3230414390563964844 4.0362443923950195312 4.0109763145446777344 6.1428709030151367188 -9999 -9999 -9999 -9999 -9999 -9999 -9999 -9999 -9999 -9999 -9999 -9999 -9999 -9999
2.3016424179077148438 0.52648305892944335938 2.1709802150726318359 2.6743206977844238281 1.9015781879425048828 0.61674523353576660156 3.4825329780578613281 5.2594523429870605469 6.1446285247802734375 6.7399039268493652344 6.0563330650329589844 4.4067387580871582031 2.9743745326995849609 2.8657519817352294922 5.6040363311767578125 7.6101317405700683594 7.5118021965026855469 4.8611612319946289062 1.6362308263778686523 2.3051462173461914062 4.683452606201171875 6.0587029457092285156 6.9047188758850097656 7.2367200851440429688 6.8939075469970703125 6.9134511947631835938 6.4262990951538085938 4.103359222412109375 3.0588083267211914062 4.2963509559631347656 4.5397677421569824219 4.1726956367492675781 3.4781656265258789062 7.5194835662841796875 5.9703078269958496094 5.4461970329284667969 4.9648213386535644531 4.1789021492004394531 5.2924127578735351562 -9999 -9999 -9999 -9999 -9999 -9999 -9999 -9999 -9999 -9999 -9999 -9999 -9999 -9999
14.029989242553710938 12.54744720458984375 10.958301544189453125 8.9737176895141601562 7.5707292556762695312 6.5708508491516113281 5.0057554244995117188 4.2024989128112792969 3.9271388053894042969 3.2745478153228759766 2.5771954059600830078 2.7765088081359863281 3.2150945663452148438 3.3080205917358398438 2.3390047550201416016 0.37912636995315551758 2.5247642993927001953 4.4818830490112304688 3.6819550991058349609 3.6474065780639648438 5.2522530555725097656 5.9574184417724609375 5.0341253280639648438 3.0793223381042480469 2.2375485897064208984 0.9216143488883972168 2.6427550315856933594 3.6263124942779541016 3.2114174365997314453 3.5268130302429199219 6.491790771484375 3.3901288509368896484 4.6486635208129882812 5.9165210723876953125 4.5040531158447265625 4.4271631240844726562 3.7123341560363769531 3.3541932106018066406 3.891803741455078125 -9999 -9999 -9999 -9999 -9999 -9999 -9999 -9999 -9999 -9999 -9999 -9999 -9999 -9999
11.023310661315917969 12.153026580810546875 11.790047645568847656 10.702921867370605469 9.6598110198974609375 9.2198047637939453125 8.4205369949340820312 7.5120892524719238281 7.3148651123046875 7.2738833427429199219 6.4553160667419433594 5.6863923072814941406 5.0868196487426757812 5.0257577896118164062 5.0720729827880859375 4.695892333984375 2.9606273174285888672 2.1034531593322753906 5.0245642662048339844 4.656703948974609375 5.1141924858093261719 5.61840057373046875 5.49175262451171875 6.7061824798583984375 8.0118875503540039062 7.2118892669677734375 4.7826142311096191406 5.1816644668579101562 4.4942574501037597656 3.2687246799468994141 5.396686553955078125 4.6497740745544433594 3.4949097633361816406 5.3987379074096679688 4.3289809226989746094 5.1165823936462402344 4.5867352485656738281 4.1671566963195800781 5.2180690765380859375 -9999 -9999 -9999 -9999 -9999 -9999 -9999 -9999 -9999 -9999 -9999 -9999 -9999 -9999
0.71629112958908081055 2.8297915458679199219 5.2304339408874511719 4.8642468452453613281 4.2791318893432617188 4.4229731559753417969 4.1477327346801757812 3.7337696552276611328 4.1829195022583007812 4.9594674110412597656 4.8297152519226074219 4.3749098777770996094 3.3747713565826416016 2.7943444252014160156 2.8804306983947753906 4.0877757072448730469 4.4763851165771484375 0.16527681052684783936 5.4203104972839355469 4.8420042991638183594 3.8965840339660644531 5.5040831565856933594 6.6338253021240234375 7.0918254852294921875 7.0392599105834960938 6.9199395179748535156 4.2380876541137695312 3.3728153705596923828 3.9777669906616210938 2.8638775348663330078 3.904651641845703125 4.9410281181335449219 2.006683349609375 5.2511000633239746094 3.9544453620910644531 4.1324744224548339844 4.6045351028442382812 5.8524961471557617188 5.9094862937927246094 -9999 -9999 -9999 -9999 -9999 -9999 -9999 -9999 -9999 -9999 -9999 -9999 -9999 -9999
7.8878197669982910156 5.3222494125366210938 3.8922393321990966797 3.5946936607360839844 3.4954712390899658203 3.6846992969512939453 2.6933596134185791016 1.1115928888320922852 0.42377266287803649902 1.5861110687255859375 1.2636028528213500977 2.3905308246612548828 3.2784965038299560547 2.9318845272064208984 2.9270730018615722656 4.573760986328125 5.0943436622619628906 1.0513590574264526367 5.0360884666442871094 4.89412689208984375 3.7032988071441650391 4.3648867607116699219 4.6332635879516601562 3.8900876045227050781 3.4310517311096191406 4.7639508247375488281 3.9905605316162109375 1.0927780866622924805 3.8154356479644775391 3.2622644901275634766 2.8955476284027099609 4.5288949012756347656 1.7654500007629394531 5.2346873283386230469 4.7522459030151367188 3.9932279586791992188 5.0660829544067382812 7.378101348876953125 8.1455135345458984375 -9999 -9999 -9999 -9999 -9999 -9999 -9999 -9999 -9999 -9999 -9999 -9999 -9999 -9999
7.4447560310363769531 7.3106541633605957031 6.0829100608825683594 4.8452310562133789062 4.0999855995178222656 4.23673248291015625 3.3355987071990966797 3.0291843414306640625 2.6049082279205322266 3.0220272541046142578 2.6986994743347167969 1.4616482257843017578 0.56248611211776733398 1.2839090824127197266 2.4778413772583007812 4.2757673263549804688 5.6063237190246582031 2.8768281936645507812 3.1820795536041259766 4.8175120353698730469 2.6803216934204101562 1.7733023166656494141 1.8179534673690795898 1.3526334762573242188 1.9130263328552246094 3.3807597160339355469 4.3916339874267578125 3.3395454883575439453 2.2663221359252929688 3.0970270633697509766 3.5563218593597412109 4.9712681770324707031 3.1172349452972412109 2.8737170696258544922 6.1411161422729492188 6.3133540153503417969 5.5586452484130859375 6.0166125297546386719 7.1002473831176757812 7.1983079910278320312 -9999 -9999 -9999 -9999 -9999 -9999 -9999 -9999 -9999 -9999 -9999 -9999 -9999
3.7882969379425048828 5.7910108566284179688 6.2701363563537597656 5.6275744438171386719 4.1846904754638671875 3.8053259849548339844 2.4995574951171875 2.068538665771484375 1.4081203937530517578 1.4756520986557006836 1.3795386552810668945 2.3713114261627197266 2.3846182823181152344 2.5228111743927001953 2.4793524742126464844 2.3525583744049072266 4.7270712852478027344 4.9885706901550292969 0.2278270721435546875 4.1565546989440917969 3.1987009048461914062 1.6810127496719360352 2.2047228813171386719 1.3097794055938720703 1.6985727548599243164 3.6204762458801269531 4.830463409423828125 5.0463762283325195312 4.4524793624877929688 2.4449155330657958984 1.2863236665725708008 4.7207455635070800781 6.3248963356018066406 3.5924928188323974609 1.9618843793869018555 5.4597897529602050781 5.6666135787963867188 4.6272082328796386719 4.6569128036499023438 -9999 -9999 -9999 -9999 -9999 -9999 -9999 -9999 -9999 -9999 -9999 -9999 -9999 -9999
1.8085172176361083984 1.425661921501159668 2.9879601001739501953 3.5056743621826171875 3.5029027462005615234 3.2079346179962158203 2.0419275760650634766 1.7601363658905029297 2.2459166049957275391 0.41852140426635742188 2.1708478927612304688 0.83506488800048828125 2.4858663082122802734 2.6664025783538818359 2.199687957763671875 1.5396093130111694336 2.3357601165771484375 4.8210906982421875 2.9302606582641601562 2.3685860633850097656 4.4005403518676757812 4.0073518753051757812 3.7910692691802978516 2.2576830387115478516 2.4452991485595703125 2.8431694507598876953 3.6487472057342529297 4.1270470619201660156 3.9380631446838378906 3.083789825439453125 1.5720626115798950195 1.699385523796081543 4.0237016677856445312 4.9685220718383789062 3.4370076656341552734 2.3580555915832519531 5.4636712074279785156 3.9824764728546142578 3.1442971229553222656 -9999 -9999 -9999 -9999 -9999 -9999 -9999 -9999 -9999 -9999 -9999 -9999 -9999 -9999
5.0436177253723144531 3.8613033294677734375 2.5850327014923095703 1.3573383092880249023 0.74053144454956054688 1.3223192691802978516 1.0083844661712646484 1.2011007070541381836 2.7541217803955078125 2.5185952186584472656 1.919602513313293457 1.9256888628005981445 1.5086301565170288086 1.9539053440093994141 1.5597207546234130859 0.93374550342559814453 0.89262336492538452148 3.3099508285522460938 4.3701615333557128906 1.9491534233093261719 2.0502095222473144531 4.6834177970886230469 5.8058419227600097656 4.3475403785705566406 2.4285504817962646484 1.6984938383102416992 2.1740810871124267578 2.1920080184936523438 2.1781542301177978516 2.5893282890319824219 1.8679962158203125 3.0073516368865966797 3.9501276016235351562 3.8458752632141113281 4.2655582427978515625 0.48002550005912780762 5.056713104248046875 3.8421165943145751953 2.6166324615478515625 -9999 -9999 -9999 -9999 -9999 -9999 -9999 -9999 -9999 -9999 -9999 -9999 -9999 -9999
3.2873876094818115234 3.2446579933166503906 2.9234921932220458984 2.3963360786437988281 1.7981101274490356445 1.1924177408218383789 0.70218706130981445312 0.50307673215866088867 1.3479188680648803711 2.5165455341339111328 2.6103136539459228516 2.1191713809967041016 1.2296735048294067383 0.81740725040435791016 0.7670180201530456543 0.56233096122741699219 0.34384164214134216309 1.407103419303894043 3.1054713726043701172 4.3208317756652832031 2.6329872608184814453 0.40712970495223999023 3.4828643798828125 5.2884287834167480469 4.237636566162109375 2.5356602668762207031 1.5633628368377685547 2.2050044536590576172 2.7002470493316650391 1.2673118114471435547 2.9144616127014160156 3.8617961406707763672 3.4525556564331054688 3.5303363800048828125 3.9963123798370361328 1.0641396045684814453 5.1143708229064941406 4.0345220565795898438 2.7709059715270996094 -9999 -9999 -9999 -9999 -9999 -9999 -9999 -9999 -9999 -9999 -9999 -9999 -9999 -9999
4.0633273124694824219 3.7906363010406494141 3.4440736770629882812 2.9617044925689697266 2.2530772686004638672 1.2141797542572021484 0.4147732853889465332 0.576541900634765625 0.58458638191223144531 0.13843013346195220947 0.73425573110580444336 0.95320540666580200195 0.65420109033584594727 0.41953247785568237305 0.32243818044662475586 0.36387556791305541992 0.59527492523193359375 0.57522231340408325195 0.80273973941802978516 2.8410229682922363281 3.9542136192321777344 3.9760615825653076172 2.4264554977416992188 0.901401519775390625 3.5946803092956542969 4.3619704246520996094 3.94199371337890625 3.8026614189147949219 2.6873557567596435547 3.2011866569519042969 3.9597156047821044922 3.3975999355316162109 2.6840066909790039062 3.6178765296936035156 3.0949819087982177734 2.2732186317443847656 4.6724681854248046875 3.5414621829986572266 3.1728024482727050781 -9999 -9999 -9999 -9999 -9999 -9999 -9999 -9999 -9999 -9999 -9999 -9999 -9999 -9999
