data/case_study_itwater/converter_hmc/geo/gridded/marche.roughness.txt
ncols        643
nrows        534
xllcorner    12.041800000000
yllcorner    42.520600000000
cellsize     0.003003000000
NODATA_value  -9999
[rows 234 to 259 of 534, columns 232 to 289 of 643]
140.9000244140625 176.79998779296875 135.79998779296875 121.20001220703125 143.20001220703125 203.29998779296875 234.79998779296875 273.100006103515625 321.699981689453125 326.79998779296875 369.5999755859375 287.70001220703125 256.70001220703125 261.89996337890625 261.89996337890625 261.89996337890625 218.79998779296875 108.600006103515625 119.800018310546875 155.699981689453125 167.5 186.899993896484375 186.899993896484375 156.5 156.5 128 88 117.899993896484375 169.20001220703125 159.600006103515625 139.399993896484375 128.5999755859375 111.800018310546875 87.800018310546875 81.5 81.5 81.5 81.100006103515625 74.5 132.4000244140625 146.699981689453125 123.5999755859375 94.39996337890625 181.399993896484375 227.300018310546875 242.100006103515625 240.29998779296875 240.29998779296875 222 204.199981689453125 247.199981689453125 213.10003662109375 197.79998779296875 127.100006103515625 70.5 76.300018310546875 54 93.70001220703125
194.29998779296875 200.5 125.5 146.9000244140625 196.4000244140625 279.10003662109375 380.60003662109375 401.800018310546875 389.70001220703125 309.5 354.9000244140625 270.199981689453125 222.79998779296875 151.39996337890625 151.39996337890625 179.20001220703125 197.20001220703125 197.20001220703125 173.29998779296875 247.000030517578125 271.5 290.899993896484375 290.899993896484375 224.5 101.0999755859375 104.5 130 146.899993896484375 146.899993896484375 133.199981689453125 95.399993896484375 71.5999755859375 81.800018310546875 95.4000244140625 95.4000244140625 90.4000244140625 79.29998779296875 71.100006103515625 72.79998779296875 124.100006103515625 117.5 96.79998779296875 100.699981689453125 131.0999755859375 192.9000244140625 174.0999755859375 166.39996337890625 207.20001220703125 206.800048828125 221.79998779296875 207.399993896484375 188.10003662109375 165.600006103515625 120.9000244140625 62.5 99 83.70001220703125 84.899993896484375
257.4000244140625 209.199951171875 128.60003662109375 165.9000244140625 244.300048828125 225 241.4000244140625 216.800048828125 185.300048828125 209.4000244140625 245.4000244140625 270.199981689453125 222.79998779296875 192.79998779296875 265.5999755859375 265.5999755859375 275.5999755859375 251.70001220703125 281.79998779296875 326.800018310546875 222.5 232.800018310546875 310 259.5999755859375 181.20001220703125 83 98 110.20001220703125 92.100006103515625 63.5 67 93.29998779296875 93.29998779296875 86.399993896484375 51.5 36 54.0999755859375 68.9000244140625 87.4000244140625 128.300018310546875 110.5 102.0999755859375 121.499969482421875 154.29998779296875 169.4000244140625 143.20001220703125 112.89996337890625 151.0999755859375 151.0999755859375 223.699951171875 275.29998779296875 216.500030517578125 165.600006103515625 113.9000244140625 68.100006103515625 103.600006103515625 104.70001220703125 60.100006103515625
205.800048828125 209.199951171875 141.699951171875 129.0999755859375 207.5 185.20001220703125 184.20001220703125 189.4000244140625 205.5 252.300048828125 304.20001220703125 261.499969482421875 211.79998779296875 267.5 299.10003662109375 237.800018310546875 242.4000244140625 230.79998779296875 283.9000244140625 283.9000244140625 171.9000244140625 143.20001220703125 232.20001220703125 280 233.89996337890625 178.300018310546875 179.70001220703125 174.800018310546875 109.100006103515625 84.399993896484375 88.300018310546875 116.399993896484375 116.399993896484375 84.300018310546875 29 37.300018310546875 64.79998779296875 63.300018310546875 99.70001220703125 131.70001220703125 107.399993896484375 106.70001220703125 121.499969482421875 154.29998779296875 155.20001220703125 122.4000244140625 86.0999755859375 50.0999755859375 113.89996337890625 223.699951171875 305.29998779296875 219.800018310546875 149.4000244140625 100.899993896484375 100.899993896484375 97.399993896484375 68.800018310546875 40.70001220703125
202.70001220703125 200.79998779296875 113.29998779296875 100.70001220703125 177.9000244140625 180.20001220703125 153.5 235.5 314.0999755859375 314.0999755859375 325.5 225.20001220703125 187.60003662109375 266.499969482421875 242.20001220703125 119.4000244140625 187.5 211.5999755859375 211.5999755859375 186.20001220703125 148 163.10003662109375 152.0999755859375 199.899993896484375 197.399993896484375 214.399993896484375 227 222.4000244140625 124.899993896484375 60.699981689453125 72.399993896484375 107.5 95.399993896484375 62 44.199981689453125 68.100006103515625 64.79998779296875 54.79998779296875 96.899993896484375 122.300018310546875 90.5999755859375 98.500030517578125 113.89996337890625 145 150.20001220703125 151.79998779296875 133.0999755859375 64.89996337890625 113.89996337890625 223.699951171875 305.29998779296875 219.800018310546875 114.600006103515625 114.600006103515625 111.399993896484375 64.79998779296875 56.20001220703125 47.9000244140625
305.60003662109375 230 157.79998779296875 126.9000244140625 177.300048828125 223.5 219.70001220703125 238.4000244140625 304.20001220703125 247 235.4000244140625 188.5999755859375 193.9000244140625 266.499969482421875 177 107.4000244140625 166.9000244140625 199.5 199.5 150.89996337890625 185 134.4000244140625 147.199981689453125 173.600006103515625 127.600006103515625 127.600006103515625 160 188.70001220703125 115.600006103515625 57.5999755859375 79.699981689453125 111.5999755859375 57.0999755859375 53.5 67.29998779296875 74 69.100006103515625 68.20001220703125 96.899993896484375 99.399993896484375 74.5 100.000030517578125 126.4000244140625 151.300018310546875 151.70001220703125 132.5 120.5999755859375 55.89996337890625 159.39996337890625 306.39996337890625 300.0999755859375 178.5 148.0999755859375 143.79998779296875 127.0999755859375 62.899993896484375 52.399993896484375 34.100006103515625
192.10003662109375 146.60003662109375 172.20001220703125 142.79998779296875 141.70001220703125 215.5 239.5999755859375 299.79998779296875 299.79998779296875 166.0999755859375 135.0999755859375 137 193.9000244140625 248.0999755859375 188.79998779296875 191.39996337890625 198 171.5 137.20001220703125 200.89996337890625 221.5999755859375 191.20001220703125 194.399993896484375 157.60003662109375 142.29998779296875 158.70001220703125 182.399993896484375 188.70001220703125 115.600006103515625 58.600006103515625 74.600006103515625 97.699981689453125 42.29998779296875 46.5999755859375 64.79998779296875 82.29998779296875 67.800018310546875 66.9000244140625 95.600006103515625 66.5 58.9000244140625 85.699981689453125 112 109.800018310546875 115.79998779296875 131.4000244140625 120.5999755859375 163.199951171875 275.39996337890625 349.29998779296875 289.5999755859375 208.39996337890625 208.39996337890625 181.699981689453125 150.20001220703125 95.600006103515625 49.300018310546875 47.5
342.20001220703125 347.20001220703125 307.5999755859375 190.29998779296875 94.600006103515625 174.0999755859375 185.9000244140625 213.4000244140625 213.4000244140625 158.9000244140625 240.5999755859375 286.0999755859375 286.0999755859375 259.5999755859375 207.79998779296875 243.39996337890625 211.5999755859375 155.5 145.29998779296875 187.79998779296875 212 235.89996337890625 194.399993896484375 157.60003662109375 172.5999755859375 189 212.699981689453125 177.39996337890625 92.100006103515625 76.600006103515625 76.600006103515625 55.5 33.899993896484375 48.699981689453125 68.5 87 55.800018310546875 60.5 79 54.79998779296875 58.5 76.699981689453125 94 117.500030517578125 142.79998779296875 166.4000244140625 215.9000244140625 306.70001220703125 340.399993896484375 303.70001220703125 197.9000244140625 194.79998779296875 188.39996337890625 160.199981689453125 139.699981689453125 96.600006103515625 57.600006103515625 60.399993896484375
441.79998779296875 350.79998779296875 307.5999755859375 190.29998779296875 177.499969482421875 183.0999755859375 183.0999755859375 158.4000244140625 130.4000244140625 157.4000244140625 224.5999755859375 235.499969482421875 200.29998779296875 209.70001220703125 236.29998779296875 243.39996337890625 208 94.5 172.20001220703125 238.5999755859375 246.20001220703125 235.89996337890625 183.39996337890625 262.79998779296875 274.39996337890625 290.79998779296875 307.600006103515625 252.29998779296875 146.5999755859375 107.5 83.9000244140625 77.5 48.899993896484375 54.79998779296875 55.79998779296875 84.9000244140625 54.300018310546875 62.70001220703125 85.79998779296875 54.79998779296875 58.5 76.699981689453125 84.9000244140625 102.399993896484375 141.29998779296875 197 253 259.4000244140625 282.999969482421875 194.10003662109375 139.29998779296875 194.79998779296875 99.89996337890625 114.699981689453125 129.999969482421875 146.9000244140625 76.600006103515625 73.70001220703125
392.89996337890625 422 353 313.0999755859375 343.199981689453125 348.79998779296875 348.79998779296875 278.5 183.29998779296875 139.70001220703125 202.499969482421875 228.79998779296875 222.999969482421875 178.9000244140625 162.5 161.39996337890625 173.20001220703125 123.79998779296875 170.9000244140625 181.39996337890625 149.9000244140625 195.29998779296875 196.29998779296875 207.199951171875 207.199951171875 148 234.300018310546875 199.79998779296875 110.70001220703125 63.20001220703125 61.9000244140625 61.9000244140625 50.600006103515625 54.79998779296875 63.5999755859375 84.9000244140625 62 79.100006103515625 62.29998779296875 42.800018310546875 43.29998779296875 56.5 72.10003662109375 63.899993896484375 90.699951171875 133 169 175.4000244140625 268.999969482421875 294.399993896484375 294.399993896484375 279.399993896484375 171.79998779296875 151.20001220703125 185.39996337890625 156.699981689453125 70.100006103515625 70.100006103515625
409.50006103515625 506.70001220703125 523.4000244140625 373 324.5999755859375 274.199951171875 302.199951171875 317.4000244140625 264.699981689453125 190.699981689453125 143.499969482421875 175.29998779296875 195.199981689453125 215.0999755859375 241.699951171875 234.39996337890625 185.699951171875 143.199951171875 143 173.79998779296875 210.20001220703125 210.20001220703125 207.60003662109375 154.5 171.39996337890625 171.39996337890625 178.29998779296875 163.29998779296875 80.000030517578125 32.500030517578125 34.60003662109375 50.60003662109375 45.100006103515625 59.79998779296875 77 79 85.199981689453125 100 61.300018310546875 45.600006103515625 52.399993896484375 39.9000244140625 60.70001220703125 58.600006103515625 48.79998779296875 51.29998779296875 88.79998779296875 159.89996337890625 228.89996337890625 248.9000244140625 285.5999755859375 285.5999755859375 285.5999755859375 222 160.800018310546875 140.39996337890625 63.89996337890625 62.100006103515625
408 522.2999267578125 445.10003662109375 339.29998779296875 190.79998779296875 194.20001220703125 289.4000244140625 345.20001220703125 301.5999755859375 253.79998779296875 124.29998779296875 123 117.199981689453125 117 146.39996337890625 180.10003662109375 225.699951171875 173.89996337890625 139.10003662109375 192.39996337890625 192.39996337890625 192.39996337890625 184.89996337890625 158.4000244140625 180.39996337890625 154.5 148.29998779296875 154.4000244140625 92.60003662109375 45.10003662109375 45.10003662109375 63.800018310546875 76.100006103515625 85.300018310546875 67.800018310546875 78.600006103515625 124.800018310546875 128.70001220703125 76.300018310546875 59.20001220703125 56.5 39.9000244140625 61 73.79998779296875 73.79998779296875 51.29998779296875 52.79998779296875 123.89996337890625 149.0999755859375 182.60003662109375 220.0999755859375 153.5 198.70001220703125 187.5999755859375 154.300018310546875 119.0999755859375 54.4000244140625 84.000030517578125
-9999 309.699951171875 360.60003662109375 254.79998779296875 208 202.89996337890625 237.5 283.29998779296875 253.699951171875 223 206.29998779296875 206.29998779296875 206.29998779296875 185.5999755859375 150.29998779296875 118.300048828125 139.5999755859375 163 139.10003662109375 122.20001220703125 89.79998779296875 131.89996337890625 184.89996337890625 158.4000244140625 124.29998779296875 97.4000244140625 92.70001220703125 104.4000244140625 72.20001220703125 36.100006103515625 48.600006103515625 84.100006103515625 95.899993896484375 85.300018310546875 67.800018310546875 105.600006103515625 139.4000244140625 141.39996337890625 80.999969482421875 80.999969482421875 55.5 34 47 64.399993896484375 64.800018310546875 81.300018310546875 86.29998779296875 119.20001220703125 155.70001220703125 226.79998779296875 276.5999755859375 236.5 249.5 246 162.9000244140625 98.70001220703125 37.4000244140625 84.000030517578125
-9999 261.39996337890625 267.800048828125 265.800048828125 200.70001220703125 200.70001220703125 163.4000244140625 247.5999755859375 253.699951171875 288 351.9000244140625 351.9000244140625 311.29998779296875 313.9000244140625 229 146.60003662109375 139.5999755859375 163 127.29998779296875 127.39996337890625 204.29998779296875 236.5 219 158.4000244140625 124.29998779296875 97.4000244140625 118.5 130.20001220703125 87.0999755859375 80 73 77.899993896484375 95.899993896484375 76.600006103515625 87.79998779296875 109.899993896484375 141.70001220703125 84.70001220703125 58.100006103515625 61.199981689453125 35.70001220703125 43.600006103515625 52 54.699981689453125 68.199981689453125 93.699981689453125 104 110.79998779296875 97.4000244140625 164 245 220.79998779296875 229.5999755859375 243.4000244140625 138.79998779296875 96.60003662109375 51.9000244140625 44.70001220703125
-9999 290.70001220703125 400.9000244140625 400.9000244140625 273.0999755859375 59.70001220703125 163.4000244140625 252.0999755859375 330.29998779296875 348.5999755859375 348.5999755859375 311.5 267.5 227.0999755859375 197.699951171875 115.29998779296875 109.5999755859375 162 154.199951171875 154.70001220703125 184.5999755859375 229 208.4000244140625 189 147.5 116.29998779296875 110.5 144.800018310546875 106.899993896484375 84.600006103515625 67.5 64.79998779296875 82.899993896484375 97.399993896484375 104.600006103515625 101.800018310546875 95.300018310546875 42.800018310546875 64.800018310546875 90.999969482421875 72.600006103515625 77.300018310546875 77.300018310546875 64.9000244140625 39.100006103515625 50.100006103515625 81.199981689453125 66.60003662109375 68.300018310546875 108.399993896484375 138.89996337890625 128.39996337890625 165.79998779296875 180.79998779296875 108 79.9000244140625 72.499969482421875 41.199981689453125
-9999 390.89990234375 503.89996337890625 503.89996337890625 341.89996337890625 173 206.29998779296875 320.0999755859375 329.4000244140625 314.2000732421875 309.0999755859375 242.79998779296875 263.9000244140625 227.0999755859375 171.0999755859375 107.20001220703125 104.70001220703125 131.9000244140625 159.5 159.5 132.39996337890625 152.79998779296875 138.70001220703125 161.39996337890625 158.20001220703125 154.100006103515625 164.800018310546875 190 135.0999755859375 84.600006103515625 91.70001220703125 93.70001220703125 93.70001220703125 87.399993896484375 62.899993896484375 32.100006103515625 53.9000244140625 53.600006103515625 73.800018310546875 89.399993896484375 77.600006103515625 61.100006103515625 61.100006103515625 45.600006103515625 37.20001220703125 63.399993896484375 61.600006103515625 52.20001220703125 52.20001220703125 70 89.000030517578125 78 105.4000244140625 112.800018310546875 67.300018310546875 74.100006103515625 64.600006103515625 47.9000244140625
-9999 -9999 407.60009765625 531.79998779296875 426.79998779296875 251.10003662109375 158.29998779296875 284.2000732421875 284.2000732421875 284.2000732421875 291.5 297.20001220703125 263.9000244140625 268 281.79998779296875 211.79998779296875 162.60003662109375 129.10003662109375 172.399993896484375 172.399993896484375 172.399993896484375 144 138.70001220703125 161.39996337890625 173.20001220703125 139.699981689453125 101.199981689453125 123.5999755859375 99.0999755859375 54.5 85.20001220703125 94.399993896484375 50.79998779296875 50.79998779296875 33.5 29.5 50.60003662109375 65.300018310546875 73.70001220703125 79.600006103515625 64.699981689453125 33.399993896484375 30.5999755859375 31.899993896484375 31.899993896484375 74.399993896484375 63.5 69.300018310546875 69.300018310546875 77.800018310546875 88.29998779296875 60.5 93.399993896484375 72.800018310546875 47.5 74.100006103515625 76.100006103515625 89.5
-9999 -9999 -9999 418.5 367.9000244140625 247.89996337890625 114.10003662109375 178.60003662109375 127.10009765625 193.300048828125 291.5 378.49993896484375 421.20001220703125 349.10003662109375 271.5 231 162.60003662109375 129.10003662109375 108.300018310546875 150 185.5999755859375 193.79998779296875 193.79998779296875 203 177.600006103515625 139.699981689453125 99.300018310546875 121.70001220703125 120.20001220703125 83 83.899993896484375 65.999969482421875 45.79998779296875 48.0999755859375 48.0999755859375 38.29998779296875 50.899993896484375 54.600006103515625 48.600006103515625 58.100006103515625 55.699981689453125 29.100006103515625 40.79998779296875 40.79998779296875 40.79998779296875 70.29998779296875 55.5999755859375 61.899993896484375 57.800018310546875 59.70001220703125 69.79998779296875 45.0999755859375 86.29998779296875 73.29998779296875 58.899993896484375 89.899993896484375 112.60003662109375 112.60003662109375
-9999 -9999 -9999 -9999 304 240.199951171875 121.199951171875 170.9000244140625 144 169 259.60003662109375 297 295.2999267578125 322.9000244140625 271.5 231 218.60003662109375 231.70001220703125 136.199981689453125 67.000030517578125 99.89996337890625 124.70001220703125 125.500030517578125 133.10003662109375 121.499969482421875 187.100006103515625 187.100006103515625 187.100006103515625 121.500030517578125 52.0999755859375 41.399993896484375 60.4000244140625 34 47.79998779296875 47.79998779296875 37.89996337890625 63.999969482421875 60 27.699981689453125 34.29998779296875 37.79998779296875 36.399993896484375 35.5 46.899993896484375 59.300018310546875 85.899993896484375 84.79998779296875 66.5 52.100006103515625 59.70001220703125 57.20001220703125 54 73.70001220703125 74.800018310546875 73.100006103515625 73.100006103515625 72.29998779296875 58.399993896484375
-9999 -9999 -9999 -9999 275.5 226.0999755859375 197.9000244140625 161.9000244140625 176.4000244140625 139.4000244140625 136.0999755859375 252.699951171875 295.2999267578125 322.9000244140625 284.29998779296875 270.60003662109375 219.89996337890625 215.70001220703125 135.0999755859375 67.000030517578125 61.29998779296875 61.70001220703125 62.500030517578125 70.29998779296875 123.100006103515625 171.100006103515625 171.100006103515625 134.5 100.399993896484375 43.300018310546875 36.300018310546875 53.300018310546875 37.29998779296875 41.100006103515625 41.100006103515625 37.199981689453125 68.699981689453125 81.100006103515625 50.5 46.199981689453125 38.399993896484375 41.600006103515625 35.5 39.5 60.20001220703125 83 83 83 86.800018310546875 81.600006103515625 81.399993896484375 81.399993896484375 63.79998779296875 55.4000244140625 57 59.5999755859375 59.5999755859375 54.0999755859375
-9999 -9999 -9999 -9999 -9999 -9999 -9999 130.10009765625 150.10009765625 96.699951171875 159 350.5999755859375 416.199951171875 341 274.89996337890625 260.4000244140625 197.70001220703125 215.70001220703125 206.79998779296875 230.399993896484375 237.5999755859375 160.5 95.399993896484375 73.500030517578125 112.800018310546875 143.300018310546875 104.9000244140625 133.600006103515625 90.79998779296875 34.10003662109375 27.10003662109375 54.70001220703125 55.29998779296875 55.29998779296875 61.70001220703125 51.79998779296875 68.699981689453125 81.100006103515625 52.100006103515625 37.5 38.399993896484375 41.600006103515625 40.70001220703125 62.800018310546875 76.20001220703125 81.699981689453125 71.600006103515625 74 99.399993896484375 99.399993896484375 99.399993896484375 98.100006103515625 71.300018310546875 76.600006103515625 60.899993896484375 51.699981689453125 59.0999755859375 79.79998779296875
-9999 -9999 -9999 -9999 -9999 -9999 -9999 -9999 -9999 -9999 -9999 350.5999755859375 409.199951171875 314.300048828125 274.89996337890625 260.4000244140625 216.4000244140625 280.4000244140625 289.4000244140625 289.4000244140625 284.4000244140625 180.70001220703125 113.79998779296875 64.39996337890625 79.79998779296875 133 144.5 155.29998779296875 131.29998779296875 72.4000244140625 65.4000244140625 58.20001220703125 61.5 61.5 58.399993896484375 40.5 40.300018310546875 70.70001220703125 80.5 59.199981689453125 59.5 39.100006103515625 43.20001220703125 61.20001220703125 85 89.699981689453125 84.899993896484375 86.899993896484375 75.29998779296875 60.399993896484375 89.5 102.5 108 112.800018310546875 103.5 88.199981689453125 95.5999755859375 105.399993896484375
-9999 -9999 -9999 -9999 -9999 -9999 -9999 -9999 -9999 -9999 -9999 -9999 452.300048828125 398.800048828125 305 371.29998779296875 371.29998779296875 371.29998779296875 279.70001220703125 177.79998779296875 243.70001220703125 181.79998779296875 113.5 75.20001220703125 77.100006103515625 118.5 125.79998779296875 113.39996337890625 109.5999755859375 87.600006103515625 84.800018310546875 92.5 92.5 74.199981689453125 60.399993896484375 51.79998779296875 46.70001220703125 64.9000244140625 70 49.70001220703125 55.399993896484375 57.399993896484375 78.70001220703125 78.899993896484375 78.899993896484375 75.199981689453125 73.600006103515625 86.899993896484375 75.29998779296875 68.5 65.199981689453125 60.5999755859375 66.0999755859375 71.5999755859375 52.899993896484375 48.79998779296875 45.399993896484375 52.600006103515625
-9999 -9999 -9999 -9999 -9999 -9999 -9999 -9999 -9999 -9999 -9999 -9999 -9999 474.9000244140625 425.2000732421875 402.2000732421875 381.39996337890625 300 254.5 237.29998779296875 280.4000244140625 228.4000244140625 166.600006103515625 121.600006103515625 97.39996337890625 106.0999755859375 81.20001220703125 56.79998779296875 57.5 54.5 55.300018310546875 63 71.100006103515625 61.4000244140625 75.4000244140625 91.100006103515625 101.800018310546875 97 115.4000244140625 95.70001220703125 94.899993896484375 69.600006103515625 78.70001220703125 78.899993896484375 78.899993896484375 90.0999755859375 85.29998779296875 85.29998779296875 70.100006103515625 71.70001220703125 67.79998779296875 40.79998779296875 21.5 24 40.20001220703125 41.399993896484375 45.800018310546875 28.399993896484375
-9999 -9999 -9999 -9999 -9999 -9999 -9999 -9999 -9999 -9999 -9999 -9999 -9999 -9999 -9999 303.800048828125 287.39996337890625 335.699951171875 307.9000244140625 220.5999755859375 249.10003662109375 228.4000244140625 166.600006103515625 121.600006103515625 84.79998779296875 86.20001220703125 75.899993896484375 74.5999755859375 68.5999755859375 54.5 55 60.29998779296875 58.600006103515625 57.4000244140625 57.70001220703125 79.4000244140625 116.300018310546875 121.600006103515625 121.600006103515625 95.70001220703125 91.29998779296875 64.600006103515625 51.300018310546875 51.5 51.5 57.899993896484375 57.199981689453125 64 63.300018310546875 71.70001220703125 67.79998779296875 40.79998779296875 38.899993896484375 41.399993896484375 41.399993896484375 40.70001220703125 45.800018310546875 54.199981689453125
-9999 -9999 -9999 -9999 -9999 -9999 -9999 -9999 -9999 -9999 -9999 -9999 -9999 -9999 -9999 -9999 287.39996337890625 335.699951171875 342.5999755859375 241.0999755859375 206.9000244140625 238.70001220703125 267.699981689453125 208.000030517578125 159.29998779296875 115.5999755859375 82.29998779296875 41.899993896484375 52.0999755859375 31.699981689453125 38.5 60.5 80.29998779296875 73.20001220703125 46.9000244140625 43.100006103515625 42.5 47.79998779296875 53.5 56.100006103515625 63.399993896484375 44.9000244140625 70.100006103515625 70.100006103515625 74.100006103515625 81.5999755859375 74.79998779296875 66.79998779296875 64.800018310546875 60.899993896484375 62.100006103515625 61 63.79998779296875 63.79998779296875 54.5 43.20001220703125 58.600006103515625 63.9000244140625
