data/case_study_itwater/converter_hmc/geo/gridded/marche.hillshade.txt
ncols        643
nrows        534
xllcorner    12.041800000000
yllcorner    42.520600000000
cellsize     0.003003000000
NODATA_value 0
[rows 290 to 347 of 534, columns 288 to 383 of 643]
192 214 214 203 192 198 186 149 101 78 95 138 170 181 188 188 184 181 174 171 172 169 167 167 163 155 150 152 153 148 152 174 192 186 182 186 187 186 179 177 183 184 173 158 161 174 179 179 185 193 202 200 180 166 169 173 143 115 139 164 150 124 151 191 199 194 184 170 159 158 160 164 163 154 152 153 155 159 161 162 160 153 150 152 154 158 161 162 164 166 174 175 163 166 176 177
192 214 213 199 173 159 130 94 79 111 166 194 193 191 195 189 187 185 179 180 184 178 171 166 164 162 163 166 169 171 182 195 193 179 177 183 181 174 169 174 176 169 159 162 180 192 195 199 203 204 197 171 150 154 169 169 130 116 154 160 140 149 193 207 192 176 161 145 139 139 137 135 130 126 130 135 137 140 147 156 156 152 157 173 187 191 186 178 172 169 171 173 165 170 184 187
211 223 213 182 137 116 99 98 145 204 215 194 176 177 178 171 174 174 173 187 196 189 180 180 188 190 190 189 190 192 195 194 184 174 181 189 187 183 180 179 174 169 173 186 196 196 193 189 184 177 164 145 149 175 189 179 143 134 164 167 166 191 209 200 184 179 173 162 157 165 165 157 158 172 182 177 167 168 176 180 179 181 192 201 201 193 187 183 182 181 176 174 173 178 186 186
218 213 188 149 117 105 115 165 222 231 203 174 178 184 179 173 171 169 179 194 193 177 173 187 198 197 191 188 190 191 192 188 176 176 190 192 190 191 190 190 190 193 197 198 193 187 177 167 163 161 155 150 168 190 192 186 170 161 176 180 188 205 207 198 190 183 174 166 171 189 191 187 201 211 206 192 191 202 201 195 195 200 201 189 174 165 166 169 170 174 170 172 176 179 179 176
184 161 132 112 105 116 170 225 239 219 177 168 179 175 166 163 163 179 196 195 181 166 174 193 199 194 187 185 191 193 190 180 170 182 193 187 183 185 187 190 192 193 191 182 174 172 168 162 163 165 161 163 178 183 180 183 180 173 168 176 196 209 206 195 179 166 165 172 182 189 183 187 201 199 186 182 194 201 192 186 186 183 172 155 147 149 159 161 159 164 165 168 175 178 175 170
153 150 136 127 141 181 223 235 217 169 128 124 131 135 148 168 188 205 203 188 177 169 181 197 199 195 191 188 195 193 181 168 172 189 190 184 181 181 182 181 178 177 172 163 162 173 175 169 169 171 168 174 187 189 189 186 172 162 150 172 208 210 196 174 154 155 166 171 169 161 147 150 166 171 171 176 178 170 165 167 165 160 154 149 147 151 159 158 154 156 157 161 169 176 171 163
161 163 146 156 197 226 230 204 145 101 96 116 150 186 207 216 219 211 193 179 169 166 184 200 200 197 194 189 190 183 167 164 181 191 185 180 175 174 176 173 168 168 165 162 171 182 182 175 172 172 171 183 194 192 186 172 154 146 140 176 211 205 181 151 141 151 150 141 134 126 109 119 150 157 145 132 121 116 121 126 121 116 118 125 134 144 154 155 153 158 166 169 171 175 171 167
134 129 135 181 220 221 187 129 102 128 176 200 216 234 235 225 216 197 173 160 156 167 189 199 197 193 186 176 170 164 160 169 186 187 179 174 169 172 176 173 172 172 170 173 181 184 183 179 176 170 171 181 185 183 169 156 149 146 157 192 207 192 161 130 132 136 122 114 112 106 96 126 157 141 115 102 93 96 104 106 105 111 127 141 152 167 176 178 184 189 192 188 185 186 189 192
115 143 181 215 219 188 134 112 150 205 231 228 227 241 239 221 199 171 146 145 162 178 191 196 195 187 169 156 154 160 169 181 187 181 174 173 172 175 177 176 176 174 173 178 181 180 179 177 176 169 168 178 183 182 166 157 160 157 171 190 187 162 130 111 119 119 109 105 103 99 102 131 137 115 108 109 115 144 165 170 179 188 194 188 193 205 201 197 203 202 197 194 192 195 201 204
191 211 222 220 196 156 129 153 198 221 228 228 229 238 233 209 174 146 141 155 168 176 190 197 193 178 161 163 171 176 180 180 176 171 171 172 173 177 179 177 171 167 169 172 172 173 174 174 175 172 169 175 180 173 158 155 161 157 164 173 159 134 118 116 127 134 136 146 153 152 155 165 154 137 133 138 167 210 217 213 218 213 202 183 198 216 204 193 195 195 198 197 193 194 199 200
230 219 209 185 150 134 148 183 203 210 218 224 224 224 214 189 158 148 155 160 160 179 204 202 187 173 176 186 184 180 177 174 174 174 175 174 174 177 179 177 174 177 180 180 177 174 175 179 182 178 166 162 169 165 153 151 156 158 170 179 169 155 151 154 171 191 202 209 211 205 208 213 205 194 187 184 207 230 224 212 214 205 185 164 193 217 202 183 185 194 200 197 190 190 194 193
218 177 148 125 118 147 192 203 198 207 212 210 206 199 189 176 165 162 163 160 158 191 212 191 174 182 195 192 177 175 176 180 183 179 177 176 176 178 179 181 186 188 189 190 184 178 180 186 183 169 151 153 170 179 181 183 184 185 194 198 196 200 202 194 199 216 221 220 219 215 218 221 211 197 191 186 208 225 220 207 208 200 173 153 194 221 206 182 186 198 199 189 180 178 181 177
167 117 111 128 160 200 221 203 182 197 190 173 167 167 169 179 186 176 167 162 162 193 197 163 166 192 200 184 168 170 177 183 180 174 174 177 178 180 183 186 186 182 182 182 179 174 179 181 168 152 149 170 191 201 206 207 202 195 199 200 199 209 213 192 189 211 215 215 219 221 222 217 196 173 168 163 195 219 218 208 204 187 151 154 211 231 214 186 183 188 185 176 171 169 167 162
131 128 156 186 200 205 200 183 176 198 204 189 175 169 177 192 198 184 169 166 171 185 172 164 191 203 200 182 167 173 183 182 174 172 176 179 180 182 186 187 182 177 178 180 180 175 176 178 169 162 170 193 205 204 204 203 198 188 189 194 194 200 199 168 172 212 220 222 226 225 220 205 176 162 167 159 191 224 222 206 186 152 139 190 231 232 209 180 168 168 172 174 173 168 163 165
119 156 192 198 178 159 156 161 173 197 214 218 219 217 210 201 189 175 169 173 180 179 170 190 209 204 188 171 168 175 177 173 171 177 180 181 182 185 189 187 181 181 185 189 186 178 179 186 182 174 183 202 205 199 200 202 199 185 179 190 196 197 193 162 176 216 225 228 226 219 207 190 171 163 155 144 190 228 225 203 179 152 174 226 233 217 195 175 162 162 169 171 166 165 172 185
116 153 185 177 140 131 148 161 167 181 198 212 221 216 202 188 175 165 167 177 187 187 182 195 201 185 156 141 152 158 160 166 170 174 174 174 176 178 178 174 175 182 189 188 179 174 180 185 175 171 191 209 210 203 203 206 201 181 175 189 196 198 195 172 182 214 224 223 214 201 183 160 137 118 110 133 191 217 210 199 187 165 194 228 219 199 188 178 166 158 163 170 173 181 195 199
123 172 183 163 129 125 150 176 190 202 209 208 199 170 146 154 164 166 164 166 178 189 187 187 186 170 145 141 160 169 176 184 183 178 175 177 179 179 175 169 169 175 183 180 172 173 177 172 160 174 202 211 208 202 203 208 198 179 181 190 196 203 200 180 178 208 216 210 196 179 150 117 98 104 141 181 208 216 213 209 193 164 187 215 206 191 186 179 168 159 165 178 184 191 200 193
126 179 177 159 143 135 150 174 191 204 205 186 159 122 112 143 164 168 162 155 151 157 171 182 185 173 154 157 177 189 194 195 189 183 181 183 182 183 183 180 176 178 183 178 169 168 164 158 160 182 203 203 199 197 199 200 191 182 187 188 198 208 203 183 170 199 206 197 186 168 145 132 135 165 205 217 223 233 236 226 199 168 183 208 198 186 184 182 175 167 168 174 179 188 195 188
140 170 167 167 169 158 148 160 181 189 171 137 128 123 126 151 161 160 157 150 136 131 147 172 189 180 161 164 176 183 187 186 179 173 174 176 175 176 180 181 177 178 181 173 161 156 157 168 176 186 194 192 190 189 188 186 184 184 186 188 195 196 190 179 172 199 212 202 189 177 172 168 169 203 228 230 230 233 230 214 188 164 177 204 201 193 190 186 179 171 166 166 173 185 188 181
175 176 178 185 186 164 134 144 185 191 156 125 145 163 149 146 149 148 146 146 134 129 139 149 163 170 166 168 169 167 170 173 169 166 169 173 173 175 178 179 173 170 174 165 154 158 176 191 186 181 186 182 177 180 183 181 178 178 180 174 168 169 174 173 180 200 214 206 191 187 184 168 176 216 230 228 223 214 199 181 169 164 178 199 199 191 187 182 175 168 160 156 162 171 175 174
170 174 188 190 178 143 116 132 175 177 142 132 164 180 157 136 153 151 140 138 132 122 141 145 141 138 135 146 153 144 146 154 156 157 163 169 170 172 176 177 169 164 167 169 171 183 197 198 179 175 194 195 186 182 178 171 169 171 165 148 157 183 190 187 187 192 196 193 189 190 180 167 190 213 211 202 186 167 154 150 157 167 173 179 174 169 173 173 170 165 157 150 151 160 167 169
155 169 184 174 146 118 113 138 168 167 145 147 169 173 148 121 155 164 144 136 129 115 141 160 148 119 93 106 126 121 122 133 139 144 153 159 163 167 172 171 163 159 165 178 193 200 203 195 171 174 201 205 199 195 182 170 166 164 153 150 175 193 187 185 185 187 189 192 196 195 184 180 189 182 167 152 134 123 121 127 138 143 140 141 138 142 157 164 164 161 154 150 154 159 159 156
180 171 173 174 157 147 157 176 185 184 175 171 173 164 136 119 155 166 147 137 126 113 137 157 136 95 80 98 106 104 105 119 132 136 141 145 150 156 161 162 161 169 178 187 197 200 198 183 159 174 201 203 201 201 197 193 191 188 184 184 191 188 177 175 176 182 191 199 202 197 183 178 177 168 160 145 131 125 122 124 124 117 110 111 112 123 139 141 135 127 128 137 143 140 141 155
168 152 164 181 184 199 213 209 201 195 190 189 185 174 163 170 181 176 165 158 150 144 155 158 132 104 112 119 105 95 91 105 123 128 140 154 164 168 169 172 180 192 191 187 194 197 190 169 154 180 205 205 201 200 197 196 203 210 210 206 206 204 195 193 191 190 194 199 200 190 169 171 183 185 184 180 176 170 166 168 165 163 161 152 148 157 158 141 120 110 111 119 119 122 149 182
152 162 177 178 188 217 227 214 195 188 186 194 190 183 199 214 204 198 209 211 209 203 203 205 184 168 193 201 179 150 129 133 145 158 177 189 193 192 190 194 199 197 183 181 197 200 186 164 158 187 205 201 195 190 187 188 196 204 206 202 206 205 196 201 200 192 199 203 196 172 153 175 194 195 194 196 198 199 207 210 208 204 189 172 184 198 198 198 191 183 174 163 158 168 192 204
183 188 180 159 187 223 227 215 188 174 177 193 187 185 212 224 216 213 227 226 218 206 199 197 174 183 228 235 206 190 195 199 200 201 203 200 199 196 194 197 198 184 171 187 204 201 183 163 161 187 197 187 180 177 179 181 184 188 188 188 191 183 174 185 186 181 195 199 176 143 148 185 199 197 199 203 203 205 210 201 181 166 156 170 203 215 217 220 213 199 186 189 201 203 202 202
191 174 147 130 190 230 232 220 181 158 172 194 189 197 220 227 228 228 231 218 188 154 132 134 145 189 233 242 220 190 193 200 200 199 196 193 196 194 188 191 188 169 172 197 204 194 178 164 163 184 193 186 184 185 186 187 186 183 180 179 171 156 153 165 169 174 191 187 149 144 187 213 213 204 200 200 200 197 191 167 139 146 185 214 221 219 213 198 179 173 185 202 208 195 189 195
177 142 116 128 208 237 235 216 172 155 179 205 204 215 228 231 234 230 214 169 112 85 106 170 207 227 242 244 237 202 183 178 173 175 184 190 194 190 180 178 170 159 178 200 198 188 177 170 168 183 194 193 193 194 195 194 188 178 173 171 160 152 162 176 181 187 192 173 141 175 217 220 207 194 194 200 199 191 177 152 145 189 227 226 210 199 186 179 184 200 211 208 194 175 171 178
169 126 111 148 224 239 233 211 171 164 193 218 216 219 228 225 219 195 151 102 71 88 168 229 237 236 245 248 241 205 171 152 144 158 179 187 185 175 166 164 160 163 188 200 197 190 178 173 166 175 189 187 184 183 182 174 162 156 163 173 175 180 190 197 199 199 187 158 141 180 199 186 178 189 205 207 201 189 172 155 174 216 226 205 181 175 187 202 206 209 201 181 168 157 154 156
163 127 124 169 226 234 230 212 174 166 195 218 208 189 180 167 153 136 113 87 79 126 205 228 227 228 238 241 228 189 152 126 124 147 170 175 169 162 161 163 162 177 199 204 200 188 172 163 155 169 186 182 174 169 164 157 158 172 187 195 200 198 197 199 200 192 170 148 146 179 194 192 195 207 210 202 194 185 177 180 201 214 203 181 171 181 200 204 195 186 171 154 144 137 134 136
166 151 154 184 229 237 228 203 152 133 163 186 164 135 127 117 109 112 103 87 104 167 215 217 208 208 216 214 188 148 119 102 109 135 156 164 161 157 159 160 166 189 205 203 192 174 162 154 157 184 195 190 188 185 179 172 182 198 198 194 190 182 182 192 196 180 162 163 168 184 194 193 191 191 186 182 183 183 185 191 189 178 172 172 173 179 191 193 183 174 163 149 139 136 136 146
180 181 174 189 230 239 223 174 113 93 119 140 127 127 141 130 122 117 104 112 150 194 218 223 221 217 212 194 156 117 96 91 104 124 141 151 152 146 150 161 179 200 202 188 172 162 160 157 169 196 197 190 196 199 197 191 194 195 185 180 182 185 194 204 201 180 172 182 175 171 175 158 146 153 160 163 169 175 178 172 151 136 146 159 159 158 168 176 172 166 160 153 153 161 164 172
191 195 187 198 230 232 201 145 109 107 125 135 122 120 125 114 127 147 161 189 197 199 214 219 215 209 202 187 160 131 110 103 111 120 128 138 140 141 161 183 196 200 186 165 156 156 156 158 179 201 197 187 191 194 196 189 189 192 188 190 196 203 209 207 196 181 177 175 170 179 190 174 151 151 155 154 155 153 146 131 115 109 127 153 165 158 155 151 148 153 155 153 155 160 159 160
200 204 201 210 225 207 157 118 109 118 131 143 139 127 131 147 171 197 219 225 194 184 212 212 201 198 199 197 181 155 135 129 132 129 132 144 153 168 189 198 195 184 163 153 159 164 166 178 199 210 202 191 192 195 194 184 185 195 197 199 202 206 203 187 173 171 170 169 183 202 199 176 167 168 159 148 141 130 118 109 101 101 136 180 189 169 152 141 133 138 147 149 144 138 133 137
217 208 203 203 189 147 110 99 95 102 116 130 148 162 195 224 219 214 229 219 164 168 208 209 205 212 217 215 196 161 138 134 141 145 148 162 181 194 197 193 180 162 156 170 184 188 191 201 207 204 196 190 191 196 196 189 193 199 199 200 198 194 181 163 164 174 172 171 183 191 179 156 158 178 168 145 130 120 116 116 107 120 169 187 164 143 139 136 138 135 133 127 113 105 110 124
221 207 187 158 122 93 85 92 95 101 123 153 170 187 220 237 227 204 209 190 141 161 203 208 212 220 225 216 181 137 116 117 131 145 150 167 191 193 183 178 161 154 173 194 199 193 192 196 193 189 187 188 191 196 197 194 196 197 191 184 179 175 170 168 178 188 180 167 167 176 175 174 185 191 190 177 158 138 129 125 125 162 192 165 124 114 118 123 129 134 131 111 86 90 113 134
200 190 158 112 86 79 83 98 109 134 178 207 189 177 204 207 202 183 167 150 132 168 212 222 223 225 221 196 140 99 93 102 120 137 149 171 186 177 170 168 157 168 191 199 196 184 182 187 189 191 194 196 198 199 198 190 181 173 161 160 173 183 191 194 196 196 181 162 163 179 189 199 208 201 193 196 196 183 166 150 150 170 159 126 115 116 113 106 109 120 132 123 118 142 172 186
183 175 146 123 125 134 150 169 173 194 219 217 176 151 190 193 182 166 140 137 157 199 230 236 233 228 213 175 120 91 96 112 136 157 169 178 178 172 175 176 168 183 196 193 188 181 182 190 196 200 203 205 205 200 189 174 159 151 155 176 194 200 204 204 200 193 173 156 159 170 178 187 195 198 194 188 183 172 163 165 167 156 129 120 130 139 141 133 135 148 171 185 189 197 212 211
193 184 175 177 182 194 210 210 198 210 221 192 139 126 181 201 191 175 155 168 198 221 233 232 223 211 193 168 132 110 121 148 172 179 177 174 174 176 183 180 171 188 195 187 186 185 185 189 197 200 203 206 201 185 166 153 145 154 182 201 203 202 203 202 193 176 156 149 155 159 165 169 172 168 151 130 119 112 117 144 167 171 177 195 207 205 195 190 201 215 224 221 205 206 223 212
198 198 202 208 203 205 212 199 180 185 180 131 95 124 193 214 203 192 185 202 219 221 224 214 194 181 173 161 137 113 128 169 183 173 170 174 178 181 185 176 170 190 194 187 189 192 190 190 196 198 199 197 181 158 150 146 145 170 196 200 194 193 194 193 182 162 148 149 160 164 165 158 141 120 97 85 84 96 135 181 205 215 226 236 233 212 192 205 228 234 230 208 183 210 229 206
199 203 201 198 195 191 181 162 153 152 127 91 103 175 224 230 227 226 214 212 215 205 202 199 189 185 181 166 137 112 137 179 180 170 174 179 181 184 184 173 171 190 194 189 193 196 193 186 187 189 188 180 162 153 154 151 155 182 195 189 182 182 184 183 178 166 156 162 169 173 176 176 159 130 109 110 126 164 211 230 232 232 235 239 224 179 178 220 236 231 213 174 171 221 227 195
214 210 195 166 139 123 109 108 123 127 105 98 154 213 226 226 230 230 208 195 194 183 186 196 198 197 192 172 143 138 175 193 176 168 173 178 182 183 176 167 169 190 197 190 190 189 181 172 173 176 173 164 157 154 152 150 160 181 186 180 180 185 190 191 189 180 170 172 168 168 180 193 193 178 157 160 191 220 232 234 235 237 235 226 192 153 191 232 231 212 181 153 186 226 217 184
220 211 184 135 101 86 71 71 83 87 82 106 175 203 197 195 202 202 175 165 180 182 191 196 190 183 177 161 156 180 199 184 161 162 166 171 176 172 161 162 178 196 197 188 185 181 175 171 171 174 171 165 158 150 150 163 174 182 187 188 192 196 198 195 187 174 163 162 158 157 170 185 183 162 151 178 217 227 224 228 233 234 222 195 162 160 205 226 213 190 162 160 207 224 203 175
212 197 150 96 74 77 82 92 108 114 117 150 191 194 186 188 190 183 160 158 177 186 192 186 176 181 185 181 195 210 192 158 150 157 161 168 170 161 158 179 196 199 195 189 185 184 179 173 175 179 180 178 171 170 182 191 184 179 187 192 193 192 184 171 157 144 140 147 150 150 161 167 144 121 135 183 218 222 224 231 231 219 194 169 164 185 210 218 206 184 157 175 216 214 192 178
200 161 101 68 79 127 175 193 202 197 187 204 212 203 208 210 207 201 182 171 180 186 185 180 191 208 212 208 214 204 158 127 138 152 158 164 162 161 180 202 203 196 193 190 186 179 172 172 180 185 185 184 184 194 202 194 178 173 180 179 173 164 152 142 139 139 146 155 152 150 157 164 148 141 177 215 230 230 226 221 206 184 165 162 177 196 205 207 202 179 156 190 219 207 192 186
179 111 82 114 172 212 230 225 214 196 197 222 219 205 218 228 224 218 199 184 185 185 181 188 210 221 215 202 183 144 104 93 118 142 145 148 159 183 205 208 197 188 186 184 177 171 173 181 187 185 185 188 192 201 200 186 176 175 181 184 174 158 146 143 146 149 154 156 151 151 161 169 167 173 202 216 215 210 197 181 169 163 163 170 185 198 200 200 194 175 168 205 219 204 195 189
139 100 145 215 230 226 231 218 193 178 207 229 218 204 215 226 222 218 205 188 178 177 181 192 210 216 205 175 129 88 73 79 110 133 138 165 195 212 211 196 184 178 176 175 174 175 183 190 188 185 191 196 199 201 198 184 174 173 184 198 197 188 183 180 176 170 163 158 152 154 163 169 166 179 201 210 214 218 213 204 201 203 203 204 206 205 199 194 190 183 188 211 215 204 197 187
112 145 221 244 234 213 209 195 185 189 209 217 200 191 198 208 206 200 185 163 155 167 181 192 203 205 197 162 122 104 104 117 141 154 173 207 217 213 199 180 172 170 171 178 185 185 188 193 189 189 197 201 198 195 187 171 163 168 186 204 205 195 192 192 195 193 188 189 186 186 189 188 176 181 209 228 236 235 227 217 212 210 208 204 198 192 191 193 193 192 197 208 210 203 194 185
132 204 240 239 216 188 185 192 195 179 163 158 147 143 158 174 177 170 155 146 158 175 185 192 201 204 197 160 122 115 126 150 172 179 204 219 210 201 188 171 166 169 177 191 194 186 189 194 191 195 202 202 193 181 170 160 159 170 192 207 201 184 178 186 195 192 193 203 206 203 200 193 173 179 214 227 222 205 183 165 161 170 167 155 158 175 189 193 191 191 197 203 203 196 189 185
197 234 237 224 201 184 183 185 169 129 110 121 121 124 146 155 163 173 169 169 186 196 190 192 204 210 202 168 136 136 144 165 175 179 208 216 206 199 186 172 167 173 188 198 191 181 186 189 188 192 195 190 178 171 168 167 172 186 201 207 197 179 179 192 195 189 190 202 204 192 178 165 151 176 211 212 191 154 119 109 122 136 127 127 152 175 182 181 181 188 196 198 194 188 183 180
228 231 220 210 200 187 175 164 144 121 127 151 152 152 162 167 185 200 192 183 201 209 190 193 212 223 220 192 164 150 139 148 153 172 212 219 209 202 188 170 164 175 191 191 176 170 174 176 181 184 179 173 173 178 179 181 189 197 202 201 195 185 189 196 190 180 179 187 188 171 152 143 151 181 199 187 156 125 121 139 153 151 142 152 166 164 159 160 167 175 181 183 181 178 176 170
222 213 206 197 179 158 145 144 149 155 171 179 165 165 184 196 204 202 188 180 201 208 185 190 218 231 227 195 151 115 102 122 147 188 223 222 210 203 184 167 171 181 184 175 161 164 169 174 181 177 174 182 190 187 179 181 188 190 188 187 190 188 184 180 165 155 161 166 165 153 135 140 170 190 192 176 158 163 189 207 212 213 210 210 208 197 186 182 180 178 179 181 180 181 184 181
219 212 202 177 146 131 126 124 134 151 157 146 129 154 199 210 205 194 181 172 181 186 177 185 212 223 215 171 119 99 115 147 174 207 225 219 209 200 183 176 178 170 165 161 160 169 172 175 180 179 186 194 188 170 161 168 175 172 169 174 182 178 164 152 143 144 155 155 149 140 132 153 186 196 194 190 192 204 213 212 214 218 218 219 221 222 225 225 222 218 216 211 206 204 203 199
222 212 191 155 129 120 111 104 107 109 99 93 107 157 200 205 199 196 188 165 155 161 167 175 196 206 190 140 101 104 127 151 172 200 214 209 199 187 180 174 157 144 149 154 159 169 171 176 188 193 193 185 172 157 153 165 171 165 163 171 176 167 149 140 139 143 149 148 150 156 162 177 192 198 201 202 205 206 195 179 178 182 179 182 193 207 219 223 223 222 222 220 216 212 205 195
197 187 171 147 135 136 140 141 140 140 141 151 160 173 180 179 186 191 180 142 134 162 164 157 171 176 154 111 88 98 112 127 152 184 200 198 181 164 164 155 137 137 146 150 156 166 174 185 195 193 178 170 172 166 160 170 175 167 162 169 173 162 143 134 136 144 156 170 184 192 196 196 193 193 194 193 195 191 172 159 163 161 153 155 165 176 189 200 204 207 209 209 207 200 185 165
164 166 166 163 168 181 195 196 188 193 207 210 188 174 171 159 159 162 136 105 137 180 158 137 149 140 116 90 82 95 106 121 152 183 194 192 169 140 137 141 138 135 133 137 147 161 175 182 184 176 163 169 178 169 161 165 170 165 159 164 164 149 133 136 151 172 193 207 210 203 198 197 192 190 186 175 168 162 153 159 171 172 177 188 195 198 202 204 203 203 203 200 193 181 157 133
165 170 174 176 180 186 193 194 196 207 216 206 175 167 173 167 159 142 106 106 160 172 128 128 141 113 92 81 80 92 105 124 162 189 194 184 152 118 118 121 112 104 111 134 154 166 172 169 171 170 165 174 171 153 145 147 158 158 151 155 154 147 152 173 194 208 217 218 211 195 189 195 197 197 201 196 181 176 184 188 189 192 204 212 213 213 212 209 204 202 199 191 179 159 127 114
162 162 168 161 150 146 148 158 179 196 193 170 150 151 150 148 163 150 120 134 152 131 107 126 131 104 99 97 96 105 116 138 173 193 193 173 133 110 113 120 120 124 150 176 186 189 183 175 171 165 159 161 150 138 142 151 165 166 160 166 174 184 197 211 217 218 221 216 202 187 186 193 199 205 210 201 182 194 212 205 193 192 194 190 186 188 199 206 204 198 188 171 152 128 95 95
