data/case_study_itwater/converter_hmc/geo/gridded/marche.slope.txt
ncols        643
nrows        534
xllcorner    12.041800000000
yllcorner    42.520600000000
cellsize     0.003003000000
NODATA_value  -9999
[rows 230 to 252 of 534, columns 212 to 264 of 643]
4.4096846580505371094 13.623370170593261719 21.402742385864257812 17.67530059814453125 18.559291839599609375 23.17154693603515625 24.275266647338867188 19.019132614135742188 6.1800775527954101562 13.409890174865722656 21.227935791015625 24.718042373657226562 28.634935379028320312 21.985338211059570312 22.19895172119140625 24.560924530029296875 22.873487472534179688 18.291624069213867188 5.7985968589782714844 4.0233221054077148438 1.8153225183486938477 10.809541702270507812 17.756313323974609375 20.894428253173828125 21.632747650146484375 19.711671829223632812 17.7382049560546875 28.170209884643554688 32.31101226806640625 30.283117294311523438 23.473407745361328125 13.246384620666503906 5.6267499923706054688 13.923645973205566406 14.466749191284179688 12.161256790161132812 22.326753616333007812 18.099782943725585938 7.9818353652954101562 14.260412216186523438 7.9526395797729492188 7.0349459648132324219 4.3563632965087890625 13.419720649719238281 11.6153106689453125 5.9438214302062988281 3.7244327068328857422 6.4649434089660644531 7.3678369522094726562 6.8338522911071777344 6.9618196487426757812 6.3346300125122070312 1.7913177013397216797
13.508856773376464844 6.6394038200378417969 15.561769485473632812 14.423879623413085938 19.951740264892578125 20.46469879150390625 22.101667404174804688 23.893190383911132812 20.34050750732421875 6.0828065872192382812 12.970889091491699219 21.256711959838867188 27.661657333374023438 23.47261810302734375 16.558971405029296875 20.593561172485351562 22.374097824096679688 13.403547286987304688 5.1582169532775878906 11.679861068725585938 12.257622718811035156 1.8712958097457885742 13.420241355895996094 22.809389114379882812 23.839090347290039062 22.7441253662109375 23.103200912475585938 28.223560333251953125 27.439300537109375 27.607580184936523438 29.506561279296875 26.408008575439453125 18.262922286987304688 9.9008626937866210938 19.810735702514648438 11.220131874084472656 19.637632369995117188 25.944952011108398438 22.634794235229492188 17.707311630249023438 13.191233634948730469 11.733344078063964844 7.5688271522521972656 15.925350189208984375 11.646085739135742188 3.5838985443115234375 2.0007960796356201172 2.6839206218719482422 3.2457480430603027344 4.8109579086303710938 6.8557429313659667969 8.2253713607788085938 4.4757251739501953125
10.534920692443847656 10.878457069396972656 9.9643659591674804688 2.3444263935089111328 9.0916128158569335938 3.8492410182952880859 13.887487411499023438 19.594232559204101562 22.37467193603515625 13.923570632934570312 2.369945526123046875 9.2447061538696289062 20.143108367919921875 25.257581710815429688 20.556680679321289062 19.7705078125 20.694156646728515625 7.2010302543640136719 11.693025588989257812 10.511241912841796875 13.115879058837890625 14.391753196716308594 1.7108017206192016602 17.078189849853515625 24.240285873413085938 27.25827789306640625 27.250719070434570312 25.334293365478515625 19.748399734497070312 13.558813095092773438 19.489545822143554688 25.033060073852539062 25.135858535766601562 13.031046867370605469 15.491712570190429688 16.159688949584960938 8.6257190704345703125 21.446241378784179688 27.150484085083007812 25.90914154052734375 21.391666412353515625 19.1552734375 14.11281585693359375 14.288161277770996094 10.193445205688476562 2.8867104053497314453 4.6288118362426757812 2.0835130214691162109 4.0601086616516113281 4.0705804824829101562 4.6709728240966796875 6.1304545402526855469 5.6953148841857910156
16.552183151245117188 19.140989303588867188 16.9828948974609375 17.112218856811523438 18.723331451416015625 14.742555618286132812 18.10106658935546875 20.138813018798828125 22.06435394287109375 11.191358566284179688 8.6230983734130859375 12.713514328002929688 5.5597991943359375 9.640338897705078125 15.735687255859375 12.669066429138183594 12.053773880004882812 7.3343024253845214844 15.212244033813476562 5.3886871337890625 8.7515087127685546875 12.736527442932128906 7.1011905670166015625 3.2972238063812255859 12.939210891723632812 17.80313873291015625 17.793430328369140625 12.415941238403320312 2.8532390594482421875 13.428098678588867188 10.867836952209472656 5.9633269309997558594 21.938129425048828125 17.825901031494140625 14.265474319458007812 17.014827728271484375 12.606499671936035156 9.4757947921752929688 11.986248016357421875 11.128072738647460938 12.050492286682128906 17.931245803833007812 20.837383270263671875 17.511234283447265625 10.184149742126464844 4.4404311180114746094 5.5854034423828125 4.8263869285583496094 6.9761013984680175781 7.8915376663208007812 8.42608642578125 8.8940858840942382812 8.6503133773803710938
19.772369384765625 15.103689193725585938 12.780012130737304688 16.417848587036132812 22.636587142944335938 23.086978912353515625 24.595279693603515625 22.984508514404296875 18.191265106201171875 0.92341089248657226562 17.638212203979492188 21.25904083251953125 24.699728012084960938 18.955827713012695312 12.706526756286621094 15.649622917175292969 21.204065322875976562 18.633060455322265625 8.03069305419921875 5.2425947189331054688 8.8423566818237304688 6.6490216255187988281 7.6350879669189453125 7.526683807373046875 7.7335629463195800781 10.493384361267089844 13.140625953674316406 17.196931838989257812 23.057256698608398438 22.883571624755859375 24.625509262084960938 15.369110107421875 9.278530120849609375 19.293315887451171875 20.69065093994140625 16.52283477783203125 9.1907930374145507812 4.116031646728515625 6.7468686103820800781 8.342494964599609375 9.6076335906982421875 6.0209231376647949219 3.8391394615173339844 9.3734025955200195312 9.1031742095947265625 5.2482452392578125 4.5279431343078613281 6.8212537765502929688 10.023838996887207031 10.954068183898925781 10.478716850280761719 9.4594602584838867188 6.028026580810546875
10.684046745300292969 11.625940322875976562 11.481016159057617188 14.296269416809082031 19.227350234985351562 21.843000411987304688 18.92884063720703125 12.475341796875 5.2341923713684082031 11.095149040222167969 23.048574447631835938 21.271722793579101562 25.842052459716796875 31.552175521850585938 30.115966796875 27.870241165161132812 23.3758392333984375 15.806230545043945312 7.63291168212890625 3.6274905204772949219 8.8081102371215820312 9.8600149154663085938 7.4208202362060546875 5.7339091300964355469 12.051999092102050781 18.064134597778320312 23.173048019409179688 26.436754226684570312 22.955171585083007812 13.218876838684082031 20.29156494140625 21.685201644897460938 9.4225091934204101562 5.6259679794311523438 4.2408471107482910156 6.1820230484008789062 11.655687332153320312 10.285711288452148438 9.9157190322875976562 13.916581153869628906 17.103153228759765625 20.572265625 19.695611953735351562 11.095859527587890625 3.24510955810546875 7.9742541313171386719 8.9812402725219726562 10.896581649780273438 11.292924880981445312 8.2880382537841796875 4.7620749473571777344 1.6331071853637695312 3.5977935791015625
6.4320569038391113281 11.004115104675292969 11.289302825927734375 6.2757124900817871094 1.9555283784866333008 5.6724791526794433594 11.718176841735839844 16.97798919677734375 17.060144424438476562 19.29986572265625 26.170925140380859375 25.202711105346679688 25.368801116943359375 32.478973388671875 31.62131500244140625 23.48976898193359375 20.783473968505859375 20.279146194458007812 12.274634361267089844 16.980787277221679688 15.338366508483886719 12.782795906066894531 7.2555379867553710938 6.3573474884033203125 13.783769607543945312 15.362241744995117188 15.364013671875 12.945090293884277344 6.6006131172180175781 11.682529449462890625 15.873443603515625 17.973646163940429688 14.095418930053710938 7.3896889686584472656 17.52602386474609375 19.604961395263671875 16.917629241943359375 15.627946853637695312 15.83583831787109375 20.292972564697265625 15.282381057739257812 13.4404449462890625 18.954793930053710938 18.932435989379882812 8.2749662399291992188 1.4560987949371337891 4.7298803329467773438 4.5805206298828125 2.1571624279022216797 2.5313086509704589844 3.7185339927673339844 5.278713226318359375 7.0826220512390136719
9.75852203369140625 5.4763331413269042969 4.0840883255004882812 6.8945450782775878906 14.831017494201660156 19.912433624267578125 22.840051651000976562 23.090061187744140625 23.136871337890625 23.524908065795898438 28.32283782958984375 27.335344314575195312 23.210180282592773438 22.860809326171875 23.49493408203125 22.035398483276367188 25.433168411254882812 25.431713104248046875 20.284244537353515625 13.923781394958496094 13.520944595336914062 15.174017906188964844 7.9453825950622558594 7.4903883934020996094 13.598371505737304688 11.820476531982421875 6.8231902122497558594 6.9410467147827148438 12.959208488464355469 16.34369659423828125 17.639385223388671875 18.959047317504882812 7.2941217422485351562 14.338247299194335938 20.40418243408203125 12.841050148010253906 12.694548606872558594 11.734971046447753906 18.851345062255859375 17.304126739501953125 5.5139756202697753906 7.3815865516662597656 12.825627326965332031 17.63303375244140625 16.519769668579101562 13.988729476928710938 11.952116966247558594 9.2829265594482421875 7.0011868476867675781 5.1550745964050292969 4.0326228141784667969 7.3401198387145996094 6.5895547866821289062
7.9759984016418457031 10.828943252563476562 5.7748012542724609375 8.0200939178466796875 11.544920921325683594 11.180273056030273438 9.9731235504150390625 7.6869707107543945312 13.895238876342773438 20.70359039306640625 24.071880340576171875 18.901519775390625 9.324314117431640625 5.7717571258544921875 11.7708282470703125 14.697180747985839844 16.779230117797851562 16.177471160888671875 10.469758987426757812 11.1062164306640625 13.305012702941894531 10.161947250366210938 7.8788008689880371094 3.4173171520233154297 10.871182441711425781 12.622989654541015625 7.4559178352355957031 10.57601165771484375 18.254796981811523438 18.908855438232421875 18.401020050048828125 15.42779541015625 5.8473782539367675781 20.154211044311523438 14.426553726196289062 4.8311791419982910156 9.9928340911865234375 11.589558601379394531 15.074220657348632812 3.6900973320007324219 8.2294864654541015625 9.7890806198120117188 7.5960569381713867188 8.4825353622436523438 11.195770263671875 15.527255058288574219 16.737264633178710938 13.200466156005859375 6.0555806159973144531 3.3823626041412353516 2.6207053661346435547 7.8990778923034667969 4.7663669586181640625
-9999 -9999 16.8318634033203125 2.6477038860321044922 11.219381332397460938 13.183302879333496094 12.058249473571777344 9.2890787124633789062 7.0086946487426757812 11.031877517700195312 11.522448539733886719 14.319001197814941406 23.6038360595703125 27.546583175659179688 25.827993392944335938 22.424829483032226562 21.039354324340820312 20.269893646240234375 21.980138778686523438 23.31993865966796875 18.644412994384765625 13.459047317504882812 8.9080400466918945312 5.8179197311401367188 9.4199962615966796875 15.158589363098144531 13.423694610595703125 13.732373237609863281 19.20037078857421875 16.8578643798828125 15.48694610595703125 8.5720911026000976562 12.028287887573242188 18.018873214721679688 9.9314632415771484375 4.8325266838073730469 3.9960970878601074219 12.472439765930175781 9.5511198043823242188 7.2680220603942871094 9.4654207229614257812 6.6957979202270507812 6.8326053619384765625 7.6920752525329589844 5.0871019363403320312 2.1909296512603759766 7.3561158180236816406 12.527231216430664062 7.5967011451721191406 2.7057311534881591797 4.8335299491882324219 7.4482545852661132812 3.0074594020843505859
-9999 -9999 -9999 13.236336708068847656 11.228278160095214844 13.045690536499023438 11.357348442077636719 10.81986236572265625 10.072848320007324219 7.8812775611877441406 7.0594329833984375 17.815555572509765625 23.141973495483398438 24.870861053466796875 24.685842514038085938 22.377786636352539062 22.234653472900390625 21.80326080322265625 20.049432754516601562 14.207982063293457031 2.9532196521759033203 2.4701418876647949219 6.6589603424072265625 8.3628740310668945312 9.3285980224609375 13.260204315185546875 16.796842575073242188 19.070669174194335938 19.105499267578125 9.43658447265625 1.3166385889053344727 6.4683337211608886719 8.73621368408203125 12.316016197204589844 12.853518486022949219 7.8813729286193847656 10.464109420776367188 11.952695846557617188 8.8178501129150390625 11.847645759582519531 13.632755279541015625 12.300992012023925781 11.57749176025390625 8.9945077896118164062 8.2886018753051757812 11.989044189453125 11.994427680969238281 12.625687599182128906 5.86083984375 3.1716845035552978516 5.4839735031127929688 5.0601887702941894531 1.3679025173187255859
-9999 -9999 -9999 -9999 11.910243988037109375 13.307044029235839844 11.654723167419433594 12.399255752563476562 12.985632896423339844 10.4647674560546875 9.64190673828125 12.705191612243652344 8.8918371200561523438 8.181331634521484375 9.3998088836669921875 10.200237274169921875 8.47931671142578125 7.9853410720825195312 15.19928741455078125 21.543008804321289062 24.60333251953125 22.497249603271484375 16.62770843505859375 6.0403389930725097656 6.7429046630859375 9.8102474212646484375 13.127963066101074219 14.221323966979980469 8.9046258926391601562 4.2435803413391113281 15.108210563659667969 19.666561126708984375 19.014066696166992188 14.039677619934082031 11.411382675170898438 14.386918067932128906 15.678014755249023438 8.2637434005737304688 3.3261103630065917969 9.4051599502563476562 10.367039680480957031 11.827711105346679688 13.121878623962402344 8.165004730224609375 7.8196878433227539062 8.1892061233520507812 6.6027426719665527344 7.4121570587158203125 4.4502911567687988281 5.5932173728942871094 4.1619548797607421875 2.4320673942565917969 0.85268360376358032227
-9999 -9999 -9999 -9999 -9999 -9999 -9999 -9999 -9999 -9999 -9999 14.294072151184082031 12.514172554016113281 13.103300094604492188 10.520459175109863281 12.641318321228027344 18.298700332641601562 25.137334823608398438 30.59195709228515625 30.332889556884765625 22.185487747192382812 19.605829238891601562 20.028415679931640625 9.7174730300903320312 8.2188472747802734375 9.7055196762084960938 7.6674242019653320312 7.3468637466430664062 5.8041486740112304688 7.5834670066833496094 12.99922943115234375 11.102758407592773438 8.7565679550170898438 13.0909576416015625 14.688227653503417969 13.373162269592285156 9.9883050918579101562 2.6030213832855224609 11.557147979736328125 15.196237564086914062 15.018346786499023438 12.596991539001464844 4.85456085205078125 12.096758842468261719 19.964765548706054688 21.002908706665039062 20.139360427856445312 15.357942581176757812 8.5030584335327148438 6.9442057609558105469 5.7912764549255371094 3.8569021224975585938 2.8310427665710449219
-9999 -9999 -9999 -9999 -9999 -9999 -9999 -9999 -9999 -9999 -9999 13.354037284851074219 9.3948955535888671875 6.95958709716796875 14.955584526062011719 23.096132278442382812 26.144561767578125 27.413152694702148438 25.42928314208984375 22.726757049560546875 22.7740478515625 24.981187820434570312 19.126434326171875 14.105600357055664062 23.716173171997070312 25.473585128784179688 22.28224945068359375 16.4614410400390625 11.398686408996582031 2.730571746826171875 11.009778976440429688 16.591913223266601562 14.4623260498046875 10.224661827087402344 7.9550914764404296875 8.0876550674438476562 8.7883462905883789062 5.6124129295349121094 9.794651031494140625 11.847562789916992188 7.893035888671875 6.1510510444641113281 14.060252189636230469 15.32781982421875 9.150714874267578125 5.9804048538208007812 12.775938034057617188 13.603989601135253906 6.0582399368286132812 4.3839941024780273438 4.4580597877502441406 3.864253997802734375 2.9606573581695556641
-9999 -9999 -9999 -9999 -9999 -9999 -9999 -9999 -9999 -9999 -9999 -9999 10.064176559448242188 17.197572708129882812 24.219182968139648438 26.4012451171875 25.664503097534179688 23.227283477783203125 17.302944183349609375 18.885473251342773438 24.275880813598632812 31.29763031005859375 29.249965667724609375 19.170713424682617188 18.44263458251953125 17.447050094604492188 21.152051925659179688 18.723424911499023438 15.115800857543945312 11.649991989135742188 2.1995594501495361328 9.2432804107666015625 13.492113113403320312 15.369612693786621094 16.1607513427734375 14.490535736083984375 12.659604072570800781 10.007527351379394531 3.7388784885406494141 9.78369903564453125 14.574083328247070312 14.620677947998046875 7.8577876091003417969 3.8986828327178955078 11.659725189208984375 11.875189781188964844 9.7308244705200195312 11.057874679565429688 4.5375647544860839844 1.0814979076385498047 1.7433704137802124023 3.3123257160186767578 3.430023193359375
-9999 -9999 -9999 -9999 -9999 -9999 -9999 -9999 -9999 -9999 -9999 -9999 -9999 -9999 26.074754714965820312 -9999 -9999 -9999 -9999 -9999 20.521320343017578125 26.904848098754882812 29.7688140869140625 17.308694839477539062 9.1408205032348632812 8.0288867950439453125 16.765844345092773438 21.141023635864257812 17.154979705810546875 13.925960540771484375 7.8454394340515136719 5.7326750755310058594 4.6519937515258789062 1.731292724609375 8.710498809814453125 12.770110130310058594 12.066710472106933594 9.6232213973999023438 6.6241674423217773438 7.3559165000915527344 13.152866363525390625 11.605358123779296875 8.9870595932006835938 11.352692604064941406 11.118144035339355469 9.9285783767700195312 9.3343648910522460938 9.3943586349487304688 5.1241469383239746094 2.78240203857421875 2.4058604240417480469 2.8224658966064453125 4.2654509544372558594
-9999 -9999 -9999 -9999 -9999 -9999 -9999 -9999 -9999 -9999 -9999 -9999 -9999 -9999 -9999 -9999 -9999 -9999 -9999 -9999 -9999 17.782659530639648438 22.0364532470703125 15.725983619689941406 12.428374290466308594 12.58086395263671875 11.12935638427734375 17.812772750854492188 17.862817764282226562 13.8003692626953125 8.8098516464233398438 15.508947372436523438 14.927285194396972656 13.051122665405273438 6.8382735252380371094 3.6103231906890869141 9.6968469619750976562 10.967017173767089844 10.125982284545898438 6.9066300392150878906 0.45800319314002990723 8.0532541275024414062 12.521177291870117188 11.419863700866699219 8.0120372772216796875 3.3062596321105957031 4.0504217147827148438 5.3566632270812988281 3.5855784416198730469 1.8403935432434082031 2.3173546791076660156 4.7458429336547851562 6.9591422080993652344
-9999 -9999 -9999 -9999 -9999 -9999 -9999 -9999 -9999 -9999 -9999 -9999 -9999 -9999 -9999 -9999 -9999 -9999 -9999 -9999 -9999 17.632846832275390625 18.769937515258789062 10.876402854919433594 12.59699249267578125 9.163242340087890625 10.175381660461425781 18.462696075439453125 17.407983779907226562 11.951872825622558594 21.5944671630859375 23.647350311279296875 20.0706329345703125 17.456905364990234375 14.328749656677246094 6.8799257278442382812 8.8917379379272460938 12.8029327392578125 9.1614856719970703125 7.1603879928588867188 10.584936141967773438 15.308759689331054688 13.008246421813964844 7.90915679931640625 5.0986123085021972656 6.8696579933166503906 8.2440061569213867188 7.0188164710998535156 4.4428477287292480469 2.7437920570373535156 4.6891431808471679688 6.4385690689086914062 4.6356863975524902344
-9999 -9999 -9999 -9999 -9999 -9999 -9999 -9999 -9999 -9999 -9999 -9999 -9999 -9999 -9999 -9999 -9999 -9999 -9999 -9999 -9999 16.41712188720703125 24.532907485961914062 20.747880935668945312 7.3252811431884765625 1.917563319206237793 9.9882907867431640625 17.397756576538085938 18.540483474731445312 21.900892257690429688 24.707773208618164062 18.445562362670898438 15.252214431762695312 13.781222343444824219 11.920915603637695312 6.4526619911193847656 5.9687051773071289062 10.205966949462890625 9.8411798477172851562 9.1910448074340820312 12.110402107238769531 14.429424285888671875 12.353083610534667969 10.933855056762695312 9.0944967269897460938 5.2593140602111816406 3.5363569259643554688 7.5656442642211914062 5.7179613113403320312 5.4867978096008300781 3.6227638721466064453 1.5661280155181884766 4.887958526611328125
-9999 -9999 -9999 -9999 -9999 -9999 -9999 -9999 -9999 -9999 -9999 -9999 -9999 -9999 -9999 -9999 -9999 -9999 -9999 -9999 -9999 25.06649017333984375 30.432094573974609375 30.250555038452148438 18.548692703247070312 6.9175968170166015625 6.8741478919982910156 17.052968978881835938 23.272081375122070312 22.13813018798828125 12.234526634216308594 9.363552093505859375 16.744419097900390625 15.029592514038085938 9.01248931884765625 5.8430147171020507812 3.2915105819702148438 5.0290617942810058594 10.312488555908203125 10.053216934204101562 6.8341817855834960938 6.9167504310607910156 6.8217530250549316406 5.8318157196044921875 4.2891755104064941406 8.3133821487426757812 11.305973052978515625 11.253688812255859375 8.5261278152465820312 5.1491413116455078125 2.0838491916656494141 7.00754547119140625 6.568416595458984375
-9999 -9999 -9999 -9999 -9999 -9999 -9999 -9999 -9999 -9999 -9999 -9999 -9999 -9999 -9999 -9999 -9999 -9999 -9999 -9999 -9999 -9999 24.650186538696289062 30.688455581665039062 25.972932815551757812 14.88039398193359375 7.6562700271606445312 13.985595703125 20.030519485473632812 18.036008834838867188 13.74532318115234375 15.450081825256347656 13.821047782897949219 13.972567558288574219 14.559205055236816406 10.590867042541503906 6.2539830207824707031 7.4094090461730957031 10.785380363464355469 13.481901168823242188 10.556382179260253906 3.4615509510040283203 3.1791965961456298828 7.0601902008056640625 9.8767290115356445312 7.1102857589721679688 6.6407580375671386719 6.0613398551940917969 3.3959109783172607422 1.1926081180572509766 5.7129697799682617188 5.3526730537414550781 3.5115182399749755859
-9999 -9999 -9999 -9999 -9999 -9999 -9999 -9999 -9999 -9999 -9999 -9999 -9999 -9999 -9999 -9999 -9999 -9999 -9999 -9999 -9999 -9999 -9999 26.043498992919921875 24.759426116943359375 17.506174087524414062 2.7792637348175048828 10.432646751403808594 4.5407781600952148438 10.026471138000488281 17.598810195922851562 22.421283721923828125 23.50986480712890625 18.588083267211914062 12.952330589294433594 12.458065032958984375 11.019542694091796875 7.3638758659362792969 5.4304294586181640625 8.676532745361328125 12.871918678283691406 15.339749336242675781 15.316190719604492188 14.183088302612304688 12.421474456787109375 4.94907379150390625 5.1246628761291503906 7.2944860458374023438 6.5763254165649414062 4.6985015869140625 4.6248297691345214844 3.8591496944427490234 1.6446259021759033203
-9999 -9999 -9999 -9999 -9999 -9999 -9999 -9999 -9999 -9999 -9999 -9999 -9999 -9999 -9999 -9999 -9999 -9999 -9999 -9999 -9999 -9999 -9999 -9999 21.393491744995117188 16.135618209838867188 5.5743994712829589844 8.3209562301635742188 5.8816666603088378906 5.4885468482971191406 13.798521041870117188 17.616281509399414062 18.624742507934570312 20.181453704833984375 16.307394027709960938 10.641002655029296875 12.097790718078613281 11.034105300903320312 6.7590265274047851562 2.9655992984771728516 4.2417454719543457031 7.7490129470825195312 9.1346635818481445312 8.1874332427978515625 2.1358439922332763672 8.982021331787109375 13.033915519714355469 11.180382728576660156 7.0554280281066894531 3.0639784336090087891 2.4559345245361328125 3.5792205333709716797 1.9500329494476318359
