data/case_study_itwater/converter_hmc/geo/gridded/marche.hillshade.txt
ncols        643
nrows        534
xllcorner    12.041800000000
yllcorner    42.520600000000
cellsize     0.003003000000
NODATA_value 0
[rows 464 to 521 of 534, columns 384 to 479 of 643]
185 184 197 204 198 195 188 180 174 158 139 127 126 140 157 169 182 196 203 199 181 145 134 170 204 211 211 215 212 201 195 200 206 206 202 196 194 188 188 193 195 194 193 189 185 190 197 199 200 182 136 110 116 136 139 128 124 125 119 111 109 110 135 180 212 214 228 243 236 198 157 186 222 220 214 205 176 141 122 111 118 159 198 210 213 213 208 198 202 200 200 221 218 190 182 217
198 191 183 169 154 149 141 130 125 115 106 109 121 141 160 166 164 169 175 171 143 119 151 200 217 215 212 212 211 201 192 194 198 200 206 213 220 219 215 209 201 201 208 211 213 216 212 206 201 176 126 108 123 149 167 172 171 167 155 149 167 189 204 224 232 224 231 242 226 178 162 202 229 233 225 197 158 134 127 126 143 191 217 214 210 210 208 203 211 206 189 211 208 167 172 222
191 174 152 143 139 133 126 118 108 98 94 106 121 135 147 146 144 153 155 144 122 131 186 217 222 222 222 221 212 203 193 185 190 200 209 215 220 220 216 212 207 208 209 216 222 221 217 212 206 182 138 127 151 178 190 183 168 160 166 189 217 230 221 218 224 228 236 237 217 181 186 216 227 228 212 180 166 155 140 138 160 201 214 212 214 214 214 210 211 195 178 206 204 174 193 224
177 163 152 159 165 166 163 156 148 140 146 159 162 162 163 164 173 184 176 156 140 168 210 218 218 219 220 220 216 210 198 181 186 201 210 209 208 207 207 212 204 200 204 201 206 212 214 212 209 192 156 147 171 189 184 158 135 151 195 222 231 236 224 204 216 227 233 231 213 195 199 214 217 202 174 153 147 135 129 144 181 212 216 213 217 221 220 213 207 195 187 198 190 175 188 191
163 156 162 173 179 176 167 163 165 163 169 173 166 166 174 183 190 190 172 160 171 200 216 218 217 215 212 210 210 210 201 185 190 201 207 206 201 198 198 204 202 193 197 203 193 190 191 193 199 191 154 134 144 144 126 116 125 171 220 237 235 234 226 205 210 229 234 228 210 191 184 192 193 170 156 158 156 149 143 152 193 216 214 211 213 220 222 209 203 198 176 161 151 141 144 139
152 150 154 164 163 149 138 132 132 132 135 135 129 134 145 152 154 153 143 145 186 213 215 213 212 211 210 210 209 206 199 191 197 203 208 212 207 202 204 205 197 191 191 200 198 179 171 178 193 196 169 149 155 154 152 162 164 189 221 230 232 230 224 212 212 227 237 227 189 153 142 144 153 154 155 163 167 165 152 151 191 210 207 207 210 211 203 190 189 179 150 147 158 161 164 169
150 155 152 149 149 140 133 128 135 145 145 143 147 160 170 170 164 159 147 155 197 215 210 207 206 205 203 199 193 187 186 193 202 204 207 214 211 201 206 211 204 198 198 200 201 195 187 192 202 208 194 173 170 169 177 183 167 188 227 235 234 232 226 217 217 223 219 193 150 127 125 122 125 128 119 111 116 131 140 142 183 208 206 202 198 193 186 179 181 169 151 166 181 188 195 205
144 154 147 148 160 167 162 159 169 176 166 164 177 188 189 186 187 181 165 179 208 207 194 190 188 184 175 168 163 164 175 191 200 201 205 212 207 196 200 206 205 205 205 206 201 195 201 200 199 201 200 189 178 168 166 156 145 187 234 244 243 238 227 211 204 196 169 142 136 143 147 141 135 126 108 111 131 145 156 152 175 199 193 186 186 195 199 188 183 173 152 158 164 173 186 192
130 137 124 129 155 169 164 152 157 162 150 150 165 173 173 173 177 160 148 186 205 191 181 180 176 169 160 156 155 160 171 179 183 189 198 205 200 193 197 202 205 209 211 212 206 194 200 208 200 190 186 192 188 163 145 145 161 205 240 246 240 222 192 160 143 136 120 112 125 134 133 127 120 133 161 195 196 175 169 158 167 195 192 184 189 197 188 173 183 175 147 146 147 148 148 138
121 114 101 107 141 150 140 127 132 139 131 133 145 153 160 164 158 134 145 192 195 179 187 195 196 198 196 192 188 188 190 188 185 187 192 195 196 198 201 203 206 210 212 214 211 199 197 208 212 204 190 188 191 170 155 167 183 213 239 242 221 169 127 102 94 102 98 89 97 98 93 94 119 177 223 231 200 159 160 164 179 206 211 205 199 191 181 186 200 179 144 144 144 142 152 157
149 128 109 111 136 142 131 127 132 131 124 134 146 145 150 158 153 141 161 187 177 173 187 189 189 196 201 204 207 211 217 219 216 212 205 198 196 201 204 202 207 210 211 213 213 204 197 205 212 212 207 203 199 190 176 179 189 212 228 218 179 137 119 113 113 117 105 91 102 120 136 161 201 229 231 203 150 127 144 176 196 204 208 211 210 208 207 211 211 178 143 145 144 159 195 210
159 152 148 144 147 143 134 133 131 124 119 128 136 133 147 157 151 148 168 185 179 178 180 174 171 174 180 189 197 204 213 217 213 206 198 195 196 197 189 181 189 199 204 209 212 209 202 204 208 211 212 214 210 186 163 169 184 195 183 159 141 132 133 147 159 154 134 127 157 194 215 224 230 225 186 138 121 130 172 203 196 192 191 191 195 198 205 210 208 183 155 155 164 199 221 214
142 153 162 158 162 163 154 137 117 109 115 134 152 163 180 186 171 165 187 209 208 191 184 190 195 197 198 198 196 196 199 196 184 166 163 171 174 162 139 133 154 174 185 194 201 205 205 205 209 212 215 213 197 163 143 141 142 140 122 113 119 112 107 120 133 131 135 169 213 230 234 233 218 187 149 158 169 174 214 218 183 184 193 182 172 174 186 195 200 194 172 163 181 215 213 182
131 146 149 152 174 191 187 169 146 144 164 189 200 201 201 190 172 184 213 225 212 176 174 195 202 203 204 201 195 192 191 187 168 144 143 145 130 116 117 139 165 174 173 173 175 179 185 196 206 212 214 201 172 159 160 145 123 114 102 97 103 93 94 117 137 145 167 213 237 234 229 224 200 170 168 195 181 177 222 214 180 190 191 187 184 185 195 203 0 0 0 0 0 0 0 0
138 156 166 178 196 203 191 172 177 205 218 212 202 193 180 156 158 198 221 221 197 157 157 185 192 190 189 189 186 183 184 182 165 141 145 149 145 153 174 195 205 203 197 194 192 191 189 192 197 202 204 181 153 158 157 135 123 121 105 98 116 135 167 203 216 204 203 230 241 232 219 219 201 173 178 187 156 175 228 219 196 195 177 177 189 202 212 217 0 0 0 0 0 0 0 0
163 185 194 196 195 188 166 146 185 220 208 180 165 157 147 147 183 214 220 213 186 152 147 174 191 186 180 182 185 187 189 183 158 134 149 177 195 208 214 215 216 215 216 217 219 219 218 215 207 201 195 164 140 150 144 128 124 121 122 153 192 203 217 232 230 204 191 226 237 230 214 213 198 163 160 161 157 201 235 224 198 184 167 166 170 200 219 218 0 0 0 0 0 0 0 0
181 186 181 172 159 148 134 150 205 212 171 154 160 160 159 180 208 217 215 204 171 140 134 165 192 189 186 193 196 194 187 164 134 134 169 195 202 206 210 210 206 202 200 203 210 217 221 221 216 211 196 159 146 153 138 125 117 117 162 220 231 213 215 233 229 195 183 221 233 217 191 183 165 140 149 164 180 209 219 201 178 169 165 154 151 190 211 207 0 0 0 0 0 0 0 0
166 153 145 143 138 137 153 196 218 189 155 171 183 178 179 195 208 211 210 189 148 120 130 175 202 201 202 206 200 188 166 137 136 173 209 216 208 197 194 197 200 202 202 204 208 212 214 217 217 212 194 166 162 154 127 117 122 150 207 240 236 208 205 229 227 199 194 217 221 185 145 133 124 117 129 143 152 158 151 138 133 134 138 140 147 179 194 192 0 0 0 0 0 0 0 0
131 117 122 136 146 162 193 213 198 162 164 185 182 176 178 190 204 210 199 167 131 117 145 187 198 197 203 201 188 169 146 147 181 210 220 218 213 211 208 201 196 199 206 210 211 210 212 215 217 210 183 155 145 128 111 124 156 195 228 241 236 211 200 223 229 209 201 205 188 155 134 124 116 112 127 148 158 162 158 148 133 122 126 138 151 170 191 198 0 0 0 0 0 0 0 0
119 111 116 132 159 184 196 185 158 149 169 181 177 181 181 190 207 203 176 150 137 134 165 193 190 184 185 177 162 151 153 181 205 206 199 196 202 213 222 218 204 194 192 195 198 198 200 204 206 198 167 141 134 127 134 161 187 214 235 242 235 212 193 208 216 193 174 163 137 119 114 128 155 175 194 211 210 205 202 188 176 185 191 193 199 198 201 216 0 0 0 0 0 0 0 0
123 130 134 146 174 183 165 145 142 148 164 175 175 172 172 186 194 176 151 154 156 146 168 195 197 191 186 176 168 172 185 199 197 187 186 190 193 194 197 201 201 203 204 201 198 198 194 188 177 157 136 131 148 169 184 193 199 218 237 238 218 180 152 156 156 130 111 104 91 94 124 179 219 223 220 224 218 208 200 178 182 212 215 216 223 208 189 213 0 0 0 0 0 0 0 0
128 138 141 154 170 157 135 134 151 156 168 177 162 152 163 177 175 156 149 162 161 146 160 188 196 193 193 193 192 193 195 191 185 183 188 189 179 160 152 163 178 189 192 191 192 189 175 167 148 124 113 118 155 195 203 195 193 212 233 224 177 128 114 126 135 125 116 114 118 150 195 226 239 230 217 220 216 203 186 166 184 217 220 222 222 193 173 0 0 0 0 0 0 0 0 0
135 141 146 157 167 158 141 142 154 150 158 162 148 151 167 175 172 165 164 162 150 146 168 189 189 180 176 181 182 182 184 184 184 185 184 176 159 147 160 174 169 152 142 156 172 167 148 143 128 111 114 128 171 206 210 193 186 205 223 201 150 134 158 187 193 178 162 165 188 217 229 233 235 229 216 0 0 0 180 174 195 221 224 0 0 0 0 0 0 0 0 0 0 0 0 0
157 170 179 186 189 188 184 181 178 172 172 167 156 159 166 168 167 162 155 154 162 178 198 196 184 176 175 180 179 180 181 181 181 180 176 168 165 176 188 181 154 129 133 161 177 164 133 125 116 112 128 153 185 201 203 195 191 204 208 180 159 173 203 210 194 173 172 194 223 236 232 226 0 0 0 0 0 0 0 0 0 0 0 0 0 0 0 0 0 0 0 0 0 0 0 0
173 186 194 193 189 192 200 200 197 197 191 186 182 177 172 169 164 157 158 177 197 207 209 193 172 181 195 196 191 188 185 183 183 183 182 182 189 194 187 168 150 152 175 187 170 128 101 112 125 138 162 186 201 199 194 198 205 202 188 177 186 200 211 193 159 164 196 215 232 239 0 0 0 0 0 0 0 0 0 0 0 0 0 0 0 0 0 0 0 0 0 0 0 0 0 0
178 175 165 153 155 172 183 184 180 179 177 182 185 181 179 179 181 188 195 203 206 205 201 181 155 172 192 189 184 185 189 191 191 192 193 195 196 189 177 170 176 193 200 176 132 109 122 151 169 182 199 215 218 207 190 183 195 191 172 179 192 198 197 174 160 195 227 225 226 0 0 0 0 0 0 0 0 0 0 0 0 0 0 0 0 0 0 0 0 0 0 0 0 0 0 0
189 189 176 160 154 158 164 168 162 155 159 167 168 166 165 174 196 209 203 199 198 195 189 168 147 164 185 183 178 178 184 188 190 190 190 190 186 177 171 178 189 191 175 142 141 174 198 210 214 216 214 201 184 167 151 158 173 166 144 148 155 168 179 178 185 216 234 222 0 0 0 0 0 0 0 0 0 0 0 0 0 0 0 0 0 0 0 0 0 0 0 0 0 0 0 0
191 193 190 183 174 171 169 171 168 160 157 154 151 151 156 179 206 208 194 190 188 181 171 153 145 169 188 192 192 186 183 182 181 180 179 177 172 169 176 184 178 162 145 149 188 212 215 215 211 199 172 137 122 118 126 150 158 135 102 103 116 141 164 172 181 200 199 175 0 0 0 0 0 0 0 0 0 0 0 0 0 0 0 0 0 0 0 0 0 0 0 0 0 0 0 0
168 166 169 170 172 178 178 174 165 151 151 163 170 175 183 198 206 195 179 173 169 162 155 147 158 186 192 192 196 190 187 185 180 176 174 172 171 174 180 178 170 167 171 187 201 197 188 186 178 147 124 127 139 142 138 140 134 101 77 89 117 154 169 153 137 129 108 102 0 0 0 0 0 0 0 0 0 0 0 0 0 0 0 0 0 0 0 0 0 0 0 0 0 0 0 0
148 155 155 158 170 180 183 182 168 153 171 195 198 198 200 203 199 182 166 159 154 154 158 168 188 201 189 182 187 183 185 189 185 180 178 179 181 183 184 183 185 190 195 199 193 178 168 163 151 127 145 186 198 180 148 139 125 87 78 101 130 151 146 119 100 94 95 119 153 0 0 0 0 0 0 0 0 0 0 0 0 0 0 0 0 0 0 0 0 0 0 0 0 0 0 0
175 179 173 169 176 186 186 173 166 180 201 205 196 197 197 196 190 177 168 160 158 170 183 194 203 200 183 173 179 177 175 177 174 174 180 188 190 190 192 193 194 194 193 191 185 177 166 150 138 143 178 197 180 144 135 147 128 97 104 122 127 120 107 97 98 120 156 197 219 223 0 0 0 0 0 0 0 0 0 0 0 0 0 0 0 0 0 0 0 0 0 0 0 0 0 0
183 183 181 178 178 176 169 149 159 197 209 198 191 193 189 183 175 167 161 157 175 194 196 196 196 192 185 177 177 182 179 172 166 172 186 196 196 192 192 191 191 189 188 187 185 178 165 159 165 169 157 130 108 104 132 151 136 128 144 154 159 166 164 153 160 190 211 223 225 0 0 0 0 0 0 0 0 0 0 0 0 0 0 0 0 0 0 0 0 0 0 0 0 0 0 0
154 163 169 164 165 169 160 145 168 200 199 189 188 186 178 173 169 161 152 168 197 202 191 186 187 187 186 182 174 185 197 193 186 186 188 188 187 187 190 190 189 187 186 185 180 170 168 178 177 157 138 142 158 177 201 209 204 201 203 201 209 222 223 210 211 225 231 232 0 0 0 0 0 0 0 0 0 0 0 0 0 0 0 0 0 0 0 0 0 0 0 0 0 0 0 0
144 150 156 159 173 186 182 172 189 201 188 179 177 175 173 173 166 152 157 187 202 193 185 183 186 188 187 184 171 177 193 196 195 194 193 186 179 178 180 181 182 183 183 178 169 164 169 172 162 161 180 202 213 219 228 234 232 226 222 219 222 226 230 224 219 232 237 0 0 0 0 0 0 0 0 0 0 0 0 0 0 0 0 0 0 0 0 0 0 0 0 0 0 0 0 0
167 172 182 188 192 187 178 182 196 195 182 176 174 174 176 172 153 150 179 200 196 187 185 182 185 189 190 186 173 170 181 187 190 192 194 190 185 180 172 168 170 175 176 167 161 166 174 183 187 195 204 210 208 201 199 200 209 219 223 216 215 228 232 233 226 228 0 0 0 0 0 0 0 0 0 0 0 0 0 0 0 0 0 0 0 0 0 0 0 0 0 0 0 0 0 0
0 182 188 186 178 167 165 176 185 181 175 176 177 179 181 171 150 165 200 205 194 189 187 184 186 193 195 189 179 172 175 188 192 192 192 189 189 194 193 185 178 173 168 162 169 177 188 202 204 203 206 212 213 211 212 213 214 218 222 223 218 226 240 239 232 222 0 0 0 0 0 0 0 0 0 0 0 0 0 0 0 0 0 0 0 0 0 0 0 0 0 0 0 0 0 0
0 171 173 171 165 161 166 175 180 180 180 180 180 180 182 175 158 171 196 196 188 190 191 187 188 197 198 188 179 170 168 184 198 203 199 192 192 199 203 201 194 188 186 193 199 197 196 195 192 194 199 204 209 213 219 231 236 228 217 210 204 208 217 216 210 208 0 0 0 0 0 0 0 0 0 0 0 0 0 0 0 0 0 0 0 0 0 0 0 0 0 0 0 0 0 0
0 0 162 161 160 161 168 178 185 187 184 181 180 180 181 180 165 166 184 186 188 192 196 192 190 195 190 176 169 165 167 185 203 207 200 193 193 198 200 200 195 190 202 212 209 203 198 192 183 179 183 186 186 187 192 194 181 159 153 158 156 158 163 170 180 188 0 0 0 0 0 0 0 0 0 0 0 0 0 0 0 0 0 0 0 0 0 0 0 0 0 0 0 0 0 0
0 0 0 0 155 159 172 186 194 190 179 176 178 180 183 186 175 165 180 194 199 197 196 192 189 191 184 173 173 172 174 186 198 195 188 188 191 199 201 200 191 184 197 206 202 200 196 190 189 185 180 177 173 172 167 152 135 137 162 187 200 205 210 218 222 0 0 0 0 0 0 0 0 0 0 0 0 0 0 0 0 0 0 0 0 0 0 0 0 0 0 0 0 0 0 0
0 0 0 0 0 0 179 194 195 181 169 171 175 176 180 184 179 164 173 200 204 192 187 186 186 188 188 188 186 179 177 185 191 185 178 180 186 194 199 197 189 187 195 201 201 196 193 189 192 193 189 189 190 194 195 194 198 206 206 203 198 201 218 230 0 0 0 0 0 0 0 0 0 0 0 0 0 0 0 0 0 0 0 0 0 0 0 0 0 0 0 0 0 0 0 0
0 0 0 0 0 0 0 200 191 171 165 167 168 170 172 175 177 166 164 188 188 177 179 179 175 182 194 192 180 179 184 186 188 188 186 183 180 181 185 187 191 196 196 197 200 198 196 195 196 194 191 199 206 211 216 214 205 191 179 172 166 179 202 212 0 0 0 0 0 0 0 0 0 0 0 0 0 0 0 0 0 0 0 0 0 0 0 0 0 0 0 0 0 0 0 0
0 0 0 0 0 0 0 0 181 165 164 164 171 183 181 179 187 181 162 176 181 175 178 176 177 191 199 183 173 184 185 177 186 197 197 198 194 187 181 183 196 202 198 195 199 201 201 202 202 201 189 191 196 189 184 177 172 175 192 206 214 222 225 218 0 0 0 0 0 0 0 0 0 0 0 0 0 0 0 0 0 0 0 0 0 0 0 0 0 0 0 0 0 0 0 0
0 0 0 0 0 0 0 0 167 158 158 163 183 194 178 179 198 191 158 172 198 200 196 196 201 207 203 182 179 185 180 174 190 206 202 206 210 206 202 199 197 194 193 190 194 202 204 204 202 200 188 181 188 185 181 184 194 204 215 224 227 226 216 202 0 0 0 0 0 0 0 0 0 0 0 0 0 0 0 0 0 0 0 0 0 0 0 0 0 0 0 0 0 0 0 0
0 0 0 0 0 0 0 0 152 151 160 173 191 185 165 183 204 190 152 171 209 211 207 212 210 207 202 186 182 183 187 183 192 209 202 205 210 208 210 210 204 192 186 188 192 200 203 200 192 184 178 179 182 190 196 196 198 198 200 206 207 203 192 184 0 0 0 0 0 0 0 0 0 0 0 0 0 0 0 0 0 0 0 0 0 0 0 0 0 0 0 0 0 0 0 0
0 0 0 0 0 0 0 0 148 168 183 189 194 175 164 189 199 178 144 169 200 196 194 204 204 199 200 192 185 183 193 186 188 209 205 200 205 205 208 209 199 188 187 188 186 188 190 185 173 168 172 182 186 191 199 197 195 196 203 211 211 204 195 195 0 0 0 0 0 0 0 0 0 0 0 0 0 0 0 0 0 0 0 0 0 0 0 0 0 0 0 0 0 0 0 0
0 0 0 0 0 0 0 142 162 196 197 187 185 170 167 187 189 160 143 173 191 180 181 189 188 187 194 196 190 182 192 190 185 206 206 195 203 210 210 202 181 166 178 182 171 168 170 168 165 171 185 197 199 198 201 200 199 197 196 200 198 191 191 0 0 0 0 0 0 0 0 0 0 0 0 0 0 0 0 0 0 0 0 0 0 0 0 0 0 0 0 0 0 0 0 0
0 0 0 0 0 0 0 150 191 209 191 174 174 167 164 183 179 152 167 197 200 195 198 195 191 194 200 202 196 183 189 195 186 198 202 196 205 212 204 184 159 155 178 190 185 183 182 180 184 192 200 207 207 201 199 197 195 196 188 175 171 0 0 0 0 0 0 0 0 0 0 0 0 0 0 0 0 0 0 0 0 0 0 0 0 0 0 0 0 0 0 0 0 0 0 0
0 0 0 0 0 0 155 186 213 208 181 169 173 168 163 176 169 172 200 210 204 203 209 206 206 207 203 201 198 186 187 196 187 189 200 203 207 205 186 162 151 170 197 204 201 200 197 197 202 206 207 211 211 203 0 0 0 0 200 0 0 0 0 0 0 0 0 0 0 0 0 0 0 0 0 0 0 0 0 0 0 0 0 0 0 0 0 0 0 0 0 0 0 0 0 0
0 0 0 0 0 169 189 211 213 196 174 169 173 171 171 176 174 188 200 199 198 196 201 200 194 190 185 189 197 192 188 192 185 179 197 208 206 193 170 160 168 195 212 210 205 201 198 200 205 209 210 210 0 0 0 0 0 0 0 0 0 0 0 0 0 0 0 0 0 0 0 0 0 0 0 0 0 0 0 0 0 0 0 0 0 0 0 0 0 0 0 0 0 0 0 0
0 0 0 0 174 191 205 212 201 182 171 175 177 177 175 172 176 186 189 190 193 187 187 183 174 179 187 197 0 0 0 182 175 175 200 212 204 185 165 167 183 199 201 196 197 200 199 201 208 0 0 0 0 0 0 0 0 0 0 0 0 0 0 0 0 0 0 0 0 0 0 0 0 0 0 0 0 0 0 0 0 0 0 0 0 0 0 0 0 0 0 0 0 0 0 0
0 0 0 0 190 200 205 0 0 0 176 183 182 181 170 165 183 189 187 187 186 179 174 174 176 188 0 0 0 0 0 0 167 183 207 210 200 181 168 172 182 188 183 179 183 192 196 200 0 0 0 0 0 0 0 0 0 0 0 0 0 0 0 0 0 0 0 0 0 0 0 0 0 0 0 0 0 0 0 0 0 0 0 0 0 0 0 0 0 0 0 0 0 0 0 0
0 0 0 0 0 195 0 0 0 0 0 178 169 165 152 166 197 191 181 185 183 175 170 180 0 0 0 0 0 0 0 0 0 183 197 190 178 171 167 170 178 183 183 186 191 196 196 0 0 0 0 0 0 0 0 0 0 0 0 0 0 0 0 0 0 0 0 0 0 0 0 0 0 0 0 0 0 0 0 0 0 0 0 0 0 0 0 0 0 0 0 0 0 0 0 0
0 0 0 0 0 184 0 0 0 0 0 164 158 156 157 185 202 186 175 182 185 175 175 0 0 0 0 0 0 0 0 0 0 178 180 168 161 162 161 166 179 183 184 189 194 193 186 0 0 0 0 0 0 0 0 0 0 0 0 0 0 0 0 0 0 0 0 0 0 0 0 0 0 0 0 0 0 0 0 0 0 0 0 0 0 0 0 0 0 0 0 0 0 0 0 0
0 0 0 0 0 0 0 0 0 0 0 0 169 173 181 197 193 175 171 174 184 187 0 0 0 0 0 0 0 0 0 0 0 0 185 177 173 171 168 172 179 179 181 187 188 180 172 0 0 0 0 0 0 0 0 0 0 0 0 0 0 0 0 0 0 0 0 0 0 0 0 0 0 0 0 0 0 0 0 0 0 0 0 0 0 0 0 0 0 0 0 0 0 0 0 0
0 0 0 0 0 0 0 0 0 0 0 0 0 180 188 190 176 166 168 172 185 0 0 0 0 0 0 0 0 0 0 0 0 0 0 188 184 183 184 187 184 179 180 184 183 177 0 0 0 0 0 0 0 0 0 0 0 0 0 0 0 0 0 0 0 0 0 0 0 0 0 0 0 0 0 0 0 0 0 0 0 0 0 0 0 0 0 0 0 0 0 0 0 0 0 0
0 0 0 0 0 0 0 0 0 0 0 0 0 0 0 0 169 168 172 176 0 0 0 0 0 0 0 0 0 0 0 0 0 0 0 0 0 189 195 196 190 186 183 182 180 0 0 0 0 0 0 0 0 0 0 0 0 0 0 0 0 0 0 0 0 0 0 0 0 0 0 0 0 0 0 0 0 0 0 0 0 0 0 0 0 0 0 0 0 0 0 0 0 0 0 0
0 0 0 0 0 0 0 0 0 0 0 0 0 0 0 0 0 176 179 182 0 0 0 0 0 0 0 0 0 0 0 0 0 0 0 0 0 0 201 198 189 188 184 182 0 0 0 0 0 0 0 0 0 0 0 0 0 0 0 0 0 0 0 0 0 0 0 0 0 0 0 0 0 0 0 0 0 0 0 0 0 0 0 0 0 0 0 0 0 0 0 0 0 0 0 0
0 0 0 0 0 0 0 0 0 0 0 0 0 0 0 0 0 0 0 0 0 0 0 0 0 0 0 0 0 0 0 0 0 0 0 0 0 0 0 197 188 189 184 0 0 0 0 0 0 0 0 0 0 0 0 0 0 0 0 0 0 0 0 0 0 0 0 0 0 0 0 0 0 0 0 0 0 0 0 0 0 0 0 0 0 0 0 0 0 0 0 0 0 0 0 0
