data/case_study_itwater/converter_hmc/geo/gridded/marche.hillshade.txt
ncols        643
nrows        534
xllcorner    12.041800000000
yllcorner    42.520600000000
cellsize     0.003003000000
NODATA_value 0
[rows 116 to 173 of 534, columns 192 to 287 of 643]
201 188 164 163 199 212 197 184 186 190 178 178 192 198 192 178 167 159 166 184 195 195 198 199 189 175 170 187 200 191 174 172 184 185 179 178 180 180 174 161 174 191 190 188 192 200 202 195 183 185 197 201 203 197 180 166 168 182 187 185 190 200 201 190 187 195 197 199 198 189 181 172 163 160 161 169 182 187 181 179 193 201 198 189 178 169 166 165 177 192 194 187 177 175 182 187
192 176 156 168 205 209 192 185 189 192 182 184 198 199 186 168 155 161 190 207 205 192 186 189 186 173 170 182 188 184 180 176 178 185 186 186 189 191 189 176 174 193 196 189 189 196 201 196 183 185 197 201 200 191 171 164 171 175 170 171 175 170 166 174 188 192 190 193 189 174 162 161 167 166 159 172 193 194 176 170 183 184 173 161 158 167 177 179 185 193 192 187 179 182 191 192
172 161 152 170 198 196 185 186 193 194 189 194 201 193 176 159 153 176 201 204 195 179 175 189 191 176 170 180 185 184 184 176 170 185 192 191 194 196 192 183 179 193 199 192 193 197 199 194 185 185 195 199 199 189 170 164 167 163 165 172 162 143 146 168 174 161 164 178 178 166 157 163 166 148 143 174 195 184 163 165 176 173 166 163 174 187 189 182 188 196 196 190 184 187 189 186
158 162 158 173 199 200 194 196 199 196 194 199 197 186 176 162 167 195 207 204 195 180 180 194 191 173 170 183 188 189 192 180 169 179 183 178 178 179 175 171 175 184 192 195 196 195 193 186 171 169 182 188 189 182 168 164 167 172 182 183 164 150 164 177 163 141 149 163 161 146 143 167 180 157 153 179 183 169 168 183 189 181 170 167 177 186 182 176 186 197 194 184 177 175 172 169
160 164 156 178 210 211 205 204 199 190 188 190 184 180 171 158 182 209 208 202 195 186 190 197 186 171 174 188 192 194 197 185 174 178 186 185 175 166 159 162 168 168 170 178 184 188 189 178 159 156 166 171 171 169 166 166 164 171 187 187 167 160 175 176 155 145 158 162 150 136 139 173 189 163 159 180 183 183 193 200 192 176 163 158 163 168 166 164 176 187 181 169 165 165 165 165
160 163 161 189 208 201 197 195 181 170 167 165 162 159 148 151 189 202 189 182 179 179 188 193 185 177 180 191 195 197 194 178 169 176 194 198 190 184 175 175 176 170 173 184 192 195 192 176 160 160 166 164 162 167 168 165 157 160 182 184 163 159 173 167 151 154 166 165 158 149 151 178 180 150 153 189 201 198 198 193 180 170 170 172 174 171 162 159 173 183 173 163 165 169 170 167
176 182 181 196 202 196 193 181 161 157 158 155 150 143 142 160 185 183 173 172 169 168 174 183 183 177 176 186 195 196 185 167 167 179 195 199 194 190 181 188 192 184 187 194 195 193 186 172 169 175 179 177 172 170 162 150 149 158 177 174 156 155 164 159 150 156 160 154 152 152 156 171 166 144 159 198 201 187 181 174 168 166 172 173 174 177 174 170 174 178 170 163 166 170 168 165
196 192 181 188 199 201 194 176 168 171 168 159 153 157 175 187 191 193 192 192 190 186 180 179 180 176 174 183 195 195 178 170 182 192 198 195 182 170 165 185 200 192 188 188 187 183 174 166 169 175 180 182 178 174 166 165 179 190 190 187 183 181 182 181 177 177 176 170 167 165 161 163 158 148 167 191 182 173 175 167 160 160 163 162 164 174 178 174 169 168 168 166 168 170 168 170
190 185 176 188 203 204 190 176 177 170 155 154 171 192 205 199 191 196 193 190 194 195 189 186 187 186 180 186 199 195 177 179 191 192 192 183 162 155 163 188 201 192 186 192 194 186 170 162 162 162 167 172 170 172 182 196 205 202 193 198 202 196 196 197 196 195 199 196 193 194 188 183 179 172 176 176 166 168 171 162 161 169 168 163 164 170 175 175 170 169 172 169 164 163 166 171
181 186 187 197 208 204 186 172 162 145 143 171 200 212 206 186 179 188 188 184 189 194 187 183 193 192 185 190 199 188 176 182 185 181 176 163 160 174 181 193 200 193 189 196 196 182 169 166 166 165 167 164 159 166 181 189 184 177 180 190 191 189 191 188 187 189 194 194 193 195 194 191 191 188 184 178 170 165 161 162 172 180 175 169 168 171 174 175 172 169 176 169 158 161 166 166
188 195 196 199 200 191 178 162 146 148 176 202 211 207 189 173 181 195 195 193 199 200 187 182 193 197 194 194 190 178 181 189 188 182 170 164 179 196 193 191 192 184 186 193 185 171 165 167 171 174 170 160 154 161 168 165 160 165 175 178 175 175 176 172 171 176 183 185 177 175 178 178 182 185 184 184 183 173 166 171 176 178 175 173 174 173 173 174 171 165 173 176 173 176 176 172
198 193 189 191 182 175 171 152 148 178 208 213 208 201 185 180 193 201 198 197 203 203 192 191 199 201 203 198 186 183 193 194 187 175 172 176 186 200 198 193 193 184 185 188 178 170 170 176 185 188 182 173 170 170 165 159 158 165 171 168 166 164 166 166 162 171 179 174 162 165 174 174 173 177 178 179 181 177 175 174 170 170 172 175 179 176 175 176 172 167 172 178 179 178 176 176
192 181 184 188 172 167 167 154 169 202 213 210 204 201 192 190 198 202 201 199 204 206 200 199 204 203 205 199 187 189 192 185 177 174 182 183 184 202 207 200 192 180 190 195 185 178 181 190 193 189 181 176 175 176 178 179 173 170 168 164 164 163 170 172 163 170 176 166 159 170 183 180 172 170 170 169 170 171 175 178 174 170 171 175 178 173 172 172 166 159 159 164 170 174 175 175
174 176 190 191 172 164 167 169 192 209 209 208 204 201 194 194 200 201 202 200 203 205 200 200 203 202 202 196 187 187 184 180 184 190 192 183 180 207 216 202 178 161 185 199 191 184 186 188 182 173 167 164 166 176 193 198 187 181 175 167 162 163 174 175 165 169 172 164 165 180 186 179 172 175 178 174 171 173 177 179 178 176 171 169 170 167 164 164 159 156 160 165 169 174 177 177
164 188 200 195 180 173 176 185 199 203 203 205 202 197 192 195 200 199 199 196 191 184 182 185 187 194 198 192 186 185 186 193 199 197 187 172 171 202 211 189 160 159 193 208 197 183 177 175 168 166 167 167 176 192 203 199 188 187 185 180 172 170 173 170 165 168 171 169 175 182 177 169 170 178 181 174 172 175 176 177 177 180 178 172 167 162 160 162 160 166 181 184 178 177 178 176
170 190 195 193 186 178 178 189 193 191 190 187 183 182 183 188 191 188 180 171 160 158 168 171 177 191 197 188 180 182 188 196 194 178 162 153 162 195 200 174 156 179 211 216 203 186 180 174 167 169 172 178 197 206 201 187 179 176 174 178 178 178 173 164 159 161 164 166 171 171 166 166 170 174 171 166 170 175 175 175 174 177 181 181 177 168 165 166 163 172 190 191 183 180 180 174
195 194 190 187 179 172 168 174 182 184 176 161 159 163 166 167 165 159 149 141 142 158 173 180 191 198 193 176 168 172 174 175 167 146 142 156 178 204 205 181 173 197 215 213 201 192 187 173 167 176 179 193 210 206 188 172 165 164 168 177 182 186 188 183 174 167 166 167 169 165 161 162 165 169 167 168 173 175 178 179 176 175 178 180 180 175 173 171 167 179 192 188 180 177 179 180
203 201 197 182 165 163 157 166 184 182 163 150 156 160 157 153 150 144 133 129 145 169 183 191 195 190 177 166 166 169 171 173 167 159 173 192 202 209 207 190 186 204 211 203 187 174 163 150 168 190 186 200 211 195 173 166 172 181 187 187 188 192 194 190 183 180 187 190 185 180 176 172 169 168 166 168 170 173 179 178 174 174 175 175 173 168 173 179 182 192 194 187 179 174 184 193
199 198 190 170 160 159 156 174 190 175 154 154 164 168 164 161 159 145 131 138 167 188 190 185 178 173 171 174 174 175 185 189 187 191 201 206 205 203 203 190 192 208 208 192 167 152 143 148 184 197 183 199 208 189 174 178 189 194 191 186 186 184 178 173 176 186 196 191 182 183 185 181 178 177 171 166 166 172 173 167 165 170 173 174 169 166 176 185 190 194 190 185 177 176 192 201
201 194 174 158 161 163 168 185 188 170 158 162 173 184 185 175 161 141 143 177 201 196 177 166 165 171 177 175 170 179 190 187 187 194 198 198 196 198 198 189 197 207 198 180 168 159 161 181 201 192 177 193 202 194 187 188 190 184 175 174 174 169 168 174 186 191 186 177 174 178 181 181 187 194 188 177 173 174 170 166 168 172 173 171 167 174 187 188 186 185 184 181 173 182 201 206
184 177 160 155 163 165 178 189 176 163 156 161 183 196 191 178 167 151 162 194 201 180 162 163 168 173 174 165 162 173 173 163 165 173 177 181 185 190 190 191 199 197 184 173 166 167 188 203 198 188 183 190 196 192 183 176 170 162 165 174 174 174 182 192 194 185 175 177 184 185 184 188 191 190 183 173 172 175 169 165 169 170 169 168 175 190 196 190 184 184 186 179 174 193 206 203
162 158 151 155 161 161 169 169 151 148 145 153 181 188 178 173 174 165 167 182 177 155 150 170 181 180 174 159 156 160 154 149 158 168 166 169 175 180 187 193 192 187 182 177 180 194 207 197 185 192 189 189 198 197 184 168 163 171 182 187 185 186 190 190 185 175 175 183 188 184 183 182 175 169 166 160 162 174 176 173 173 172 175 182 194 199 194 186 181 185 192 183 177 192 196 187
161 153 147 152 160 162 166 164 155 157 157 162 173 169 163 172 179 165 158 174 174 150 155 186 193 190 184 167 159 158 156 157 165 168 161 167 172 175 182 179 177 181 183 185 195 205 198 178 184 196 187 189 199 202 194 182 182 188 188 181 178 182 179 173 170 170 176 179 175 170 169 167 165 169 169 160 166 184 191 189 187 188 194 198 198 192 185 179 174 183 193 187 180 183 179 173
181 175 176 179 182 185 191 193 189 188 188 187 183 172 165 179 185 167 153 165 171 158 170 187 180 176 175 165 158 166 177 175 166 153 146 160 168 170 166 161 166 173 179 183 184 187 184 176 190 197 190 189 193 197 193 184 179 176 170 158 157 162 159 154 156 161 166 168 164 162 163 166 171 175 173 164 173 186 185 181 184 193 197 194 189 185 180 173 177 190 193 188 185 185 183 176
197 192 192 189 191 197 198 195 192 188 187 181 176 173 173 178 175 160 146 152 164 168 179 178 165 160 155 146 147 176 195 181 156 146 156 169 171 168 166 168 170 171 177 176 168 177 185 182 190 194 181 176 186 192 184 168 157 156 158 160 170 173 164 161 165 168 166 163 163 167 171 173 175 177 175 168 174 179 177 176 178 186 190 188 189 185 174 174 189 198 192 186 186 188 189 187
182 173 172 174 182 184 176 175 170 161 159 160 165 168 170 172 162 144 138 158 178 182 178 172 170 170 162 152 161 184 181 155 144 171 195 193 179 172 173 170 163 168 176 168 157 170 178 173 177 177 155 157 180 187 179 167 163 164 165 175 186 183 178 179 181 179 172 166 168 170 170 172 175 177 176 172 175 180 186 189 183 188 193 191 189 177 169 185 200 200 192 188 187 187 188 191
164 160 163 167 170 163 160 165 158 153 160 166 168 165 164 170 168 160 169 195 203 193 182 175 175 177 171 169 181 178 157 145 162 194 201 182 172 171 162 149 151 167 172 160 150 161 166 159 162 159 131 142 170 171 168 166 167 163 154 157 162 160 159 163 165 166 166 168 171 167 164 168 171 170 169 168 172 178 191 192 179 188 198 194 184 168 176 199 203 199 196 192 191 191 190 193
172 169 169 169 168 166 167 168 163 163 166 165 164 167 175 184 187 193 204 210 203 190 184 181 180 178 169 170 176 166 158 167 180 184 171 159 168 169 153 149 165 177 168 154 145 150 152 148 156 148 113 131 150 132 122 125 133 135 130 128 132 136 138 143 148 153 157 163 171 175 179 182 182 180 179 180 182 186 197 189 175 192 204 199 184 167 182 197 194 193 197 194 191 192 192 195
170 168 173 176 176 175 171 170 169 164 164 170 179 191 200 202 200 204 209 204 194 187 181 175 181 187 177 174 176 169 170 174 172 167 162 165 174 166 158 178 195 185 161 149 145 143 142 146 156 137 100 115 123 103 98 103 109 112 108 108 128 141 144 150 154 161 170 180 189 195 196 195 194 193 194 195 195 196 194 179 179 203 210 201 181 170 183 190 186 186 188 184 184 188 189 189
168 167 174 176 173 169 166 170 170 166 179 195 202 206 207 204 202 202 205 204 200 193 179 173 185 189 184 190 191 185 182 179 173 170 169 167 164 152 157 185 192 171 153 155 154 151 150 160 152 114 93 111 124 121 125 133 133 127 118 128 159 170 166 164 171 189 203 205 201 197 194 191 190 191 194 195 194 190 177 170 190 208 206 193 181 184 189 190 187 182 178 176 180 183 178 174
177 166 165 171 173 169 168 172 169 171 193 205 203 201 198 199 203 202 206 206 199 186 178 185 186 178 188 202 200 191 186 185 183 181 176 168 160 151 157 169 165 151 156 169 166 157 153 158 136 106 113 140 166 175 174 172 167 158 154 172 194 197 198 202 208 218 220 207 191 187 189 189 189 192 195 195 189 178 166 177 200 203 194 187 188 191 181 179 189 191 188 188 189 181 169 164
176 158 155 165 171 171 171 171 166 178 200 202 193 189 187 191 194 193 197 200 190 178 186 195 176 170 199 209 198 185 179 188 196 194 188 186 181 174 172 173 165 155 160 163 158 154 147 148 141 145 171 188 202 207 200 194 189 184 188 202 211 213 217 216 218 223 216 189 177 182 188 191 191 196 195 189 177 165 162 185 202 198 190 189 190 182 166 172 193 199 198 199 196 184 171 170
160 151 153 155 164 171 170 164 166 189 207 203 192 187 187 190 189 183 183 186 181 180 194 187 163 175 206 209 185 166 175 200 209 196 186 192 196 191 187 183 176 168 162 154 152 151 152 168 179 191 206 204 204 205 198 194 191 200 209 214 214 214 216 212 212 214 195 171 173 180 187 190 190 191 184 174 165 156 164 191 204 197 193 194 190 174 163 181 197 199 199 198 192 182 177 179
153 154 153 149 156 159 155 154 170 197 205 199 195 198 200 199 197 194 191 192 192 195 196 181 179 197 216 210 174 164 193 214 209 184 177 196 205 196 190 190 187 180 175 171 170 167 174 189 193 198 204 193 189 191 188 189 191 198 206 208 210 212 214 211 203 188 166 159 166 171 176 176 171 167 160 157 157 158 176 199 205 197 194 196 188 172 171 190 200 200 200 196 187 183 183 184
153 158 151 146 152 157 156 162 180 195 196 191 192 197 197 191 191 195 196 202 207 206 195 191 203 211 219 210 177 184 217 224 206 180 187 210 209 193 189 195 192 189 192 190 185 181 183 185 180 181 184 181 184 196 202 205 202 200 204 206 210 214 211 199 174 151 144 147 151 155 159 160 162 167 169 171 171 171 184 199 199 196 197 197 188 179 186 197 201 199 194 184 175 173 172 173
158 160 157 160 174 183 182 186 191 191 186 184 189 191 185 175 179 189 195 202 208 204 195 202 211 212 218 205 183 200 225 223 199 188 206 215 199 181 176 180 179 181 188 187 182 179 181 183 183 183 181 177 183 197 206 207 202 201 205 206 207 201 186 166 147 140 140 143 150 160 170 180 191 197 197 190 180 174 185 198 198 195 196 195 189 187 191 194 194 188 176 164 155 148 148 150
162 166 177 185 195 200 197 200 199 195 189 185 186 186 175 169 184 200 205 202 196 191 193 206 212 213 216 205 195 209 222 214 193 196 209 198 170 148 134 136 144 149 157 160 163 171 187 200 200 194 191 187 183 185 188 186 184 189 194 195 190 179 163 146 139 142 150 165 178 187 194 201 206 204 192 172 160 169 189 200 196 191 189 189 187 184 178 176 175 168 161 157 153 154 163 169
174 188 199 191 193 198 196 200 197 196 192 190 191 180 169 179 199 210 207 186 170 175 188 201 206 209 212 207 202 208 214 204 187 185 173 141 118 106 107 135 155 161 169 174 175 186 206 214 205 191 193 194 185 183 181 180 179 182 185 182 171 162 158 159 167 175 182 194 197 196 197 197 195 182 160 143 156 183 199 198 189 186 186 187 182 171 163 165 169 167 168 174 178 186 196 197
198 210 197 176 189 200 194 194 193 196 193 193 193 184 181 192 201 202 187 155 152 172 184 190 193 192 192 194 194 198 203 186 155 136 116 102 100 100 135 189 199 196 206 207 203 207 217 217 197 176 189 193 184 187 184 178 177 184 189 181 168 167 175 189 195 191 194 197 190 185 182 178 171 153 138 150 176 196 202 197 191 192 193 190 180 167 168 178 182 182 186 194 197 199 198 191
210 207 174 168 199 209 200 195 194 198 198 194 190 188 190 193 194 186 163 140 153 176 182 184 180 167 164 164 160 174 184 157 128 133 142 137 119 126 191 224 200 195 217 220 214 209 211 210 181 165 188 191 187 186 184 183 180 182 183 177 176 184 195 199 189 183 187 185 176 172 165 159 153 147 159 180 188 195 198 195 194 198 199 193 182 178 187 193 190 189 195 201 199 191 182 175
211 191 161 170 195 197 195 195 197 199 196 191 190 189 186 192 191 173 150 141 159 179 179 176 162 146 144 135 144 171 164 130 128 158 169 137 107 170 234 221 170 194 229 232 221 201 200 200 169 169 191 191 189 183 182 192 193 186 180 181 190 195 194 185 175 176 173 165 159 156 151 151 159 172 190 196 187 189 194 193 192 192 189 186 184 188 196 198 194 192 198 204 195 181 176 177
200 177 166 179 192 184 178 180 183 184 180 182 190 186 181 190 189 168 155 152 162 173 170 167 153 138 132 139 174 177 131 108 117 123 99 71 118 228 239 178 159 215 238 236 218 192 186 181 163 177 192 189 192 189 186 192 191 189 190 193 198 196 184 171 161 156 149 146 144 142 150 170 187 197 201 198 185 182 189 187 183 176 173 177 186 194 198 201 199 195 202 203 190 180 183 187
181 172 180 194 202 194 183 175 171 172 176 183 190 186 182 190 185 172 173 170 167 167 167 167 154 140 148 181 197 153 95 95 87 66 70 121 215 241 203 154 190 229 239 234 210 180 170 167 166 186 196 188 192 195 192 190 186 188 193 195 196 190 176 164 156 153 153 155 150 154 182 204 204 199 196 194 186 179 183 183 179 177 182 187 192 196 197 199 196 192 197 194 183 181 184 184
172 180 189 196 201 198 192 192 188 192 199 199 197 187 178 177 170 166 174 176 172 171 173 169 156 148 167 186 171 121 89 91 80 108 191 232 241 217 176 198 215 232 241 232 202 177 174 174 172 191 199 186 189 194 190 186 184 186 189 190 190 179 163 155 156 161 166 167 160 170 204 214 200 192 190 190 187 180 176 184 189 191 195 198 196 192 185 178 175 180 184 176 167 167 167 165
180 190 194 195 197 198 195 193 198 204 207 205 200 184 166 158 153 155 163 170 169 165 172 173 162 154 160 152 134 119 103 104 134 204 239 238 218 189 200 224 218 231 242 228 199 185 183 177 170 188 201 190 190 195 191 188 189 186 186 185 177 162 150 150 151 153 157 160 158 174 206 209 192 185 185 189 190 177 166 182 194 190 189 189 183 175 167 164 171 181 179 169 165 165 163 161
189 189 188 190 192 195 194 192 198 205 205 201 191 174 166 168 168 169 170 170 162 154 163 173 166 159 160 154 142 131 117 135 198 232 234 221 193 185 208 216 213 228 235 216 192 185 181 176 172 187 204 197 188 192 192 192 191 184 180 176 167 159 153 149 145 148 156 159 162 183 206 203 188 183 185 193 189 169 167 188 194 186 181 177 170 166 173 183 186 180 172 170 175 178 178 178
181 176 175 180 184 189 193 196 197 197 196 188 168 152 155 165 170 171 170 168 159 153 163 174 176 178 184 186 182 174 161 176 218 228 219 199 178 186 200 197 197 209 209 193 181 180 180 179 180 191 204 197 181 179 180 178 173 167 162 163 176 185 181 175 172 176 174 168 181 202 210 204 197 191 191 194 180 168 187 201 195 188 188 186 183 186 194 195 181 167 167 173 182 185 183 182
171 172 178 185 189 193 198 198 185 175 176 173 159 148 147 148 150 150 153 159 156 161 178 190 196 203 206 202 203 206 193 191 201 189 171 169 178 191 197 195 194 192 185 177 175 178 180 182 187 194 198 187 168 165 169 167 160 156 156 172 197 200 194 192 190 186 170 170 199 212 210 210 209 201 193 188 175 183 204 203 191 189 194 194 192 192 191 182 166 165 177 184 184 178 171 170
173 177 184 190 193 196 199 192 168 157 168 176 175 170 166 161 156 153 154 157 156 169 197 207 204 207 209 205 206 202 185 185 192 181 165 163 169 176 184 187 192 193 185 176 173 177 180 181 181 179 173 160 146 147 154 154 163 178 181 194 209 201 189 186 185 174 156 176 204 205 200 204 205 201 191 183 182 195 205 194 183 183 187 186 182 179 175 169 163 170 185 186 175 162 153 152
174 177 185 189 190 189 188 173 148 152 179 190 181 172 169 165 164 163 163 161 163 182 205 209 202 206 211 207 200 189 181 188 198 198 190 175 155 150 155 162 173 177 170 163 161 165 167 166 164 162 158 151 144 144 146 161 188 195 190 200 208 196 181 179 178 161 152 186 204 198 194 194 193 195 191 184 186 196 196 181 177 181 183 183 179 176 173 167 162 167 177 172 162 157 152 149
174 175 181 185 182 181 173 151 146 177 200 188 163 157 158 156 154 155 160 166 175 192 202 198 194 200 207 201 190 186 187 194 199 198 191 184 172 159 156 159 157 147 141 141 144 155 161 162 164 167 164 158 154 153 164 196 210 196 188 197 200 180 161 161 163 152 154 190 207 200 193 190 191 198 198 187 186 190 183 178 187 189 186 184 178 178 174 167 168 171 171 165 159 158 157 156
174 174 178 180 176 174 159 154 179 199 195 162 143 147 147 143 140 147 167 186 193 193 192 185 182 183 180 174 177 188 195 199 199 195 187 182 187 186 177 163 146 135 136 140 155 171 170 162 161 165 163 160 161 168 188 209 203 184 180 184 180 160 150 155 160 158 160 190 204 191 183 187 195 202 197 184 179 175 171 181 189 180 173 168 164 169 166 171 183 183 181 181 180 179 178 181
173 174 177 178 175 169 156 169 184 170 145 122 124 138 137 134 141 157 178 198 202 190 184 178 173 172 172 173 178 185 193 199 199 193 187 186 188 188 187 176 163 160 160 166 179 179 163 149 150 156 158 161 171 181 189 187 174 167 170 172 170 165 167 172 170 162 162 186 192 179 180 192 198 199 192 181 174 168 168 173 170 158 156 160 170 178 177 183 187 185 185 194 199 195 192 195
166 167 171 173 169 163 157 165 159 139 130 128 138 150 153 162 175 179 182 200 208 191 186 188 179 175 179 183 181 179 182 188 195 194 190 190 189 186 188 192 197 201 202 206 205 188 163 147 147 151 154 160 168 169 162 154 151 150 153 159 167 175 179 177 164 157 173 197 199 191 195 201 203 202 196 185 175 166 162 164 166 167 173 180 190 192 186 184 184 187 187 197 201 192 188 194
168 168 170 169 166 167 175 184 182 176 180 187 190 192 196 201 197 182 178 201 212 195 188 192 187 184 182 177 174 179 182 182 185 185 185 187 186 182 182 190 201 206 210 213 209 195 169 148 148 156 159 162 163 160 156 159 163 156 150 148 149 161 168 152 141 166 199 212 208 203 202 202 204 204 199 189 176 166 166 175 183 187 187 190 197 190 176 176 187 194 191 198 199 187 183 188
187 188 186 186 184 191 203 211 211 206 205 208 210 214 214 205 187 170 171 196 209 204 192 187 183 183 184 180 178 180 181 178 174 169 170 177 180 178 178 182 191 197 196 192 182 171 150 138 162 181 182 179 171 163 156 162 171 168 168 167 156 153 145 132 160 202 215 213 210 202 199 201 199 198 196 189 179 177 185 187 183 179 175 185 196 187 174 179 192 192 183 188 188 179 174 174
195 202 199 200 197 199 205 208 208 204 202 206 213 218 206 182 169 167 170 190 205 211 199 183 181 184 184 186 184 179 173 169 168 165 161 167 177 181 180 182 193 202 197 178 158 145 132 148 190 205 200 193 176 156 142 150 165 165 164 159 148 149 153 168 204 215 207 209 211 201 196 202 202 197 190 179 173 172 175 171 162 160 167 186 196 187 177 180 184 175 165 169 173 170 167 166
191 202 198 196 191 188 192 194 194 193 196 199 207 204 179 156 159 164 163 183 203 205 198 183 184 189 189 189 190 186 178 174 173 169 167 172 174 172 176 186 198 204 194 176 164 153 149 172 194 194 186 178 164 149 138 148 158 146 131 123 133 166 186 200 209 203 199 208 210 197 190 198 196 187 176 164 161 158 155 153 149 155 174 191 189 175 169 172 171 164 162 166 169 169 169 165
