data/case_study_itwater/converter_hmc/geo/gridded/marche.slope.txt
ncols        643
nrows        534
xllcorner    12.041800000000
yllcorner    42.520600000000
cellsize     0.003003000000
NODATA_value  -9999
[rows 115 to 137 of 534, columns 0 to 52 of 643]
-9999 -9999 -9999 -9999 -9999 -9999 -9999 -9999 -9999 -9999 -9999 -9999 -9999 -9999 -9999 -9999 -9999 -9999 -9999 -9999 12.095727920532226562 11.230710983276367188 10.1218719482421875 9.3143329620361328125 12.890042304992675781 16.416437149047851562 16.960351943969726562 16.123226165771484375 12.681708335876464844 7.240497589111328125 3.7488000392913818359 5.2503299713134765625 10.088780403137207031 15.121436119079589844 15.485104560852050781 14.258085250854492188 13.148179054260253906 11.918491363525390625 10.89559173583984375 11.804264068603515625 10.780455589294433594 7.4751734733581542969 5.3537287712097167969 13.389453887939453125 12.162396430969238281 12.991939544677734375 15.7385406494140625 13.146974563598632812 13.256849288940429688 10.071097373962402344 10.06168365478515625 12.4848785400390625 4.5672206878662109375
-9999 -9999 -9999 -9999 -9999 -9999 -9999 -9999 -9999 -9999 -9999 -9999 -9999 -9999 -9999 -9999 -9999 -9999 -9999 -9999 7.7241754531860351562 8.8035135269165039062 9.7908010482788085938 11.734841346740722656 16.311309814453125 17.114728927612304688 12.446093559265136719 7.0837550163269042969 5.2708139419555664062 7.7148842811584472656 10.792978286743164062 12.419160842895507812 12.760302543640136719 14.256392478942871094 14.484358787536621094 16.597055435180664062 17.121713638305664062 16.095720291137695312 12.912966728210449219 9.8041601181030273438 7.8520250320434570312 5.7536578178405761719 8.7014293670654296875 11.035152435302734375 12.063647270202636719 12.219837188720703125 5.1067061424255371094 10.260258674621582031 14.486913681030273438 10.746763229370117188 10.808619499206542969 12.159593582153320312 2.1645815372467041016
-9999 -9999 -9999 -9999 -9999 -9999 -9999 -9999 -9999 -9999 -9999 -9999 -9999 -9999 -9999 -9999 -9999 -9999 -9999 -9999 7.91274261474609375 9.4065217971801757812 11.630420684814453125 13.878975868225097656 14.971415519714355469 9.5264348983764648438 3.0270068645477294922 9.3622770309448242188 11.866041183471679688 12.165955543518066406 12.781989097595214844 13.431207656860351562 12.548407554626464844 11.8131561279296875 11.819222450256347656 14.500009536743164062 17.667730331420898438 16.8694610595703125 13.3787841796875 8.8465299606323242188 7.2933259010314941406 7.6269845962524414062 12.9374542236328125 15.207514762878417969 14.728512763977050781 10.116542816162109375 8.3974218368530273438 13.662693977355957031 13.496564865112304688 10.0317230224609375 10.769556045532226562 11.124097824096679688 2.2596764564514160156
-9999 -9999 -9999 -9999 -9999 -9999 -9999 -9999 -9999 -9999 -9999 -9999 -9999 -9999 -9999 -9999 -9999 -9999 -9999 4.1767287254333496094 5.0105948448181152344 6.7217288017272949219 7.4847927093505859375 6.3206191062927246094 6.4676885604858398438 6.4366941452026367188 10.226263999938964844 10.871870994567871094 10.229574203491210938 9.5195341110229492188 9.4933929443359375 10.422873497009277344 12.051563262939453125 11.747686386108398438 10.651860237121582031 9.6042470932006835938 10.140334129333496094 12.863923072814941406 15.583140373229980469 13.976696014404296875 11.365818023681640625 9.133640289306640625 9.1882696151733398438 7.2983407974243164062 6.0688223838806152344 9.0343694686889648438 12.4626922607421875 14.876267433166503906 13.729119300842285156 11.358296394348144531 11.498163223266601562 8.6593046188354492188 3.8531351089477539062
-9999 -9999 -9999 -9999 -9999 -9999 -9999 -9999 -9999 -9999 -9999 -9999 -9999 -9999 -9999 -9999 -9999 -9999 -9999 -9999 5.6510467529296875 7.6560444831848144531 9.3029813766479492188 11.027233123779296875 13.298972129821777344 13.204876899719238281 10.867002487182617188 8.3716478347778320312 8.1533365249633789062 8.3348855972290039062 7.108417510986328125 6.6775903701782226562 7.681209564208984375 9.0969085693359375 9.1232423782348632812 7.8975415229797363281 6.7623877525329589844 6.2904572486877441406 11.031467437744140625 15.465588569641113281 14.929346084594726562 10.671113967895507812 9.841747283935546875 11.207223892211914062 13.764904022216796875 15.875216484069824219 15.898476600646972656 16.528636932373046875 14.207216262817382812 7.8170628547668457031 8.5410861968994140625 6.0868244171142578125 5.0459551811218261719
-9999 -9999 -9999 -9999 -9999 -9999 -9999 -9999 -9999 -9999 -9999 -9999 -9999 -9999 -9999 -9999 -9999 -9999 -9999 -9999 -9999 8.9467029571533203125 10.447389602661132812 11.34806060791015625 12.821597099304199219 13.416019439697265625 10.987952232360839844 8.0576677322387695312 7.58965301513671875 8.8631982803344726562 8.5287151336669921875 6.54244232177734375 5.9132571220397949219 6.2532372474670410156 7.2304563522338867188 8.266185760498046875 7.2264037132263183594 4.5484728813171386719 2.1821112632751464844 3.2969007492065429688 6.1334686279296875 11.460132598876953125 13.623281478881835938 13.966084480285644531 13.879297256469726562 13.060984611511230469 11.140474319458007812 11.503269195556640625 8.5895395278930664062 5.5146474838256835938 8.44321441650390625 4.3531389236450195312 7.9852261543273925781
-9999 -9999 -9999 -9999 -9999 -9999 -9999 -9999 -9999 -9999 -9999 -9999 -9999 -9999 -9999 -9999 -9999 -9999 -9999 -9999 -9999 -9999 8.9846677780151367188 9.785064697265625 11.019143104553222656 11.528368949890136719 10.495151519775390625 8.2431812286376953125 7.5442056655883789062 8.511943817138671875 9.89405059814453125 9.276599884033203125 7.8294692039489746094 7.5009670257568359375 6.7498002052307128906 5.6828355789184570312 3.3106532096862792969 0.54977726936340332031 5.0413260459899902344 8.5835056304931640625 7.2287459373474121094 6.5778603553771972656 12.40061187744140625 14.842602729797363281 15.780292510986328125 16.57410430908203125 16.657741546630859375 14.628468513488769531 10.399583816528320312 9.5265951156616210938 9.096057891845703125 2.0913717746734619141 11.529392242431640625
-9999 -9999 -9999 -9999 -9999 -9999 -9999 -9999 -9999 -9999 -9999 -9999 -9999 -9999 -9999 -9999 -9999 -9999 -9999 -9999 -9999 -9999 7.2995324134826660156 8.20990753173828125 9.0191621780395507812 9.9240961074829101562 10.53022003173828125 8.9288129806518554688 7.9969744682312011719 7.7490515708923339844 8.0138044357299804688 8.9997930526733398438 9.2686901092529296875 8.5824604034423828125 4.8959326744079589844 1.1862903833389282227 4.8117852210998535156 7.1588444709777832031 8.7853250503540039062 9.6846094131469726562 10.311041831970214844 5.5177626609802246094 6.5177059173583984375 12.738384246826171875 14.64533233642578125 14.992916107177734375 13.892091751098632812 11.599467277526855469 10.787511825561523438 13.552245140075683594 6.6454644203186035156 7.6972441673278808594 11.879294395446777344
-9999 -9999 -9999 -9999 -9999 -9999 -9999 -9999 -9999 -9999 -9999 -9999 -9999 -9999 -9999 -9999 -9999 -9999 -9999 -9999 -9999 -9999 0.42781013250350952148 1.6089626550674438477 2.9761831760406494141 3.6301496028900146484 7.618442535400390625 8.159770965576171875 7.4693589210510253906 6.2743520736694335938 4.5633687973022460938 4.394535064697265625 5.5400376319885253906 4.5807619094848632812 3.1619217395782470703 4.8008284568786621094 6.8880887031555175781 8.7547397613525390625 9.3425846099853515625 8.4096918106079101562 9.2680788040161132812 9.8884105682373046875 3.7253625392913818359 12.106229782104492188 17.845094680786132812 17.77521514892578125 13.700803756713867188 10.890034675598144531 10.636755943298339844 11.977025032043457031 6.0051131248474121094 7.7027492523193359375 11.825565338134765625
-9999 -9999 -9999 -9999 -9999 -9999 -9999 -9999 -9999 -9999 -9999 -9999 -9999 -9999 -9999 -9999 -9999 -9999 -9999 -9999 -9999 -9999 6.7728548049926757812 6.1452159881591796875 5.8589787483215332031 3.2943997383117675781 1.6126984357833862305 3.2806811332702636719 1.8624113798141479492 1.123822331428527832 2.4129908084869384766 2.3668568134307861328 2.9816429615020751953 1.5879807472229003906 4.694416046142578125 6.596111297607421875 6.3705277442932128906 7.42192840576171875 8.72629547119140625 8.33258819580078125 9.0670032501220703125 11.588738441467285156 7.3973879814147949219 9.8082942962646484375 16.610752105712890625 17.406152725219726562 16.531291961669921875 15.201457023620605469 12.845635414123535156 12.030847549438476562 10.710085868835449219 3.3007462024688720703 12.309952735900878906
-9999 -9999 -9999 -9999 -9999 -9999 -9999 -9999 -9999 -9999 -9999 -9999 -9999 -9999 -9999 -9999 -9999 -9999 -9999 -9999 8.6026935577392578125 8.5651979446411132812 7.2479534149169921875 6.017971038818359375 5.6676692962646484375 4.1655220985412597656 2.3011167049407958984 4.4226422309875488281 5.3022565841674804688 6.5587744712829589844 6.8253016471862792969 6.7143459320068359375 7.3921298980712890625 5.828617095947265625 3.5323116779327392578 5.712909698486328125 7.3152790069580078125 8.0283308029174804688 8.7449131011962890625 9.1531896591186523438 10.917072296142578125 13.993945121765136719 12.649828910827636719 6.9897465705871582031 10.062632560729980469 13.236229896545410156 15.233096122741699219 16.842082977294921875 16.489046096801757812 15.584296226501464844 15.912946701049804688 4.6539826393127441406 10.280964851379394531
-9999 -9999 -9999 -9999 -9999 -9999 -9999 -9999 -9999 -9999 -9999 -9999 -9999 -9999 -9999 -9999 -9999 -9999 -9999 7.0570850372314453125 7.4786348342895507812 6.9993572235107421875 6.4251599311828613281 7.3768024444580078125 5.256496429443359375 3.0027375221252441406 3.6946375370025634766 5.0532751083374023438 5.79949188232421875 6.3598666191101074219 6.4868102073669433594 7.0449457168579101562 8.2800426483154296875 8.9008283615112304688 7.2319812774658203125 2.8150997161865234375 6.1719946861267089844 11.217897415161132812 10.970982551574707031 8.6012296676635742188 8.4447879791259765625 14.308920860290527344 16.491603851318359375 12.816864967346191406 9.6522207260131835938 8.50574493408203125 7.4455962181091308594 10.725667953491210938 13.469858169555664062 13.939845085144042969 16.58860015869140625 10.720580101013183594 4.4047718048095703125
-9999 -9999 -9999 -9999 -9999 -9999 -9999 -9999 -9999 -9999 -9999 -9999 -9999 -9999 -9999 -9999 5.8617601394653320312 2.1026828289031982422 3.4592316150665283203 4.7774949073791503906 5.6184763908386230469 6.3987755775451660156 7.7646250724792480469 7.8084058761596679688 5.1249241828918457031 5.1121459007263183594 3.3460857868194580078 3.0008885860443115234 5.0100131034851074219 5.0538239479064941406 4.9886794090270996094 6.8480954170227050781 9.6167469024658203125 12.008278846740722656 10.808150291442871094 7.5655126571655273438 1.8512880802154541016 11.813137054443359375 13.723424911499023438 12.564508438110351562 8.8176212310791015625 8.8232183456420898438 14.061421394348144531 14.506230354309082031 14.764270782470703125 13.778041839599609375 8.0767908096313476562 2.6845412254333496094 10.721284866333007812 14.099659919738769531 14.769713401794433594 12.914873123168945312 2.1558594703674316406
-9999 -9999 -9999 -9999 -9999 -9999 -9999 -9999 -9999 -9999 -9999 -9999 -9999 -9999 -9999 5.2385358810424804688 5.3110480308532714844 4.0312561988830566406 1.2170011997222900391 2.2628569602966308594 5.29593658447265625 8.4806489944458007812 10.134889602661132812 10.358239173889160156 8.813873291015625 5.9660210609436035156 3.8946018218994140625 1.855128169059753418 5.5942411422729492188 6.0004782676696777344 5.7298192977905273438 7.7176337242126464844 9.6177806854248046875 12.098628044128417969 13.140379905700683594 12.865082740783691406 5.1481475830078125 9.0594701766967773438 13.097776412963867188 14.643627166748046875 13.986768722534179688 6.4730477333068847656 9.485858917236328125 12.055781364440917969 14.191313743591308594 12.844756126403808594 11.281033515930175781 7.1482176780700683594 10.081675529479980469 14.760874748229980469 15.526153564453125 11.499934196472167969 5.2066702842712402344
-9999 -9999 -9999 -9999 -9999 -9999 -9999 -9999 -9999 -9999 -9999 -9999 -9999 8.9332056045532226562 7.4727053642272949219 7.2008643150329589844 7.912448883056640625 7.10417938232421875 6.0822920799255371094 4.635345458984375 0.90565097332000732422 6.9739294052124023438 12.048979759216308594 11.692270278930664062 9.1024456024169921875 7.8513913154602050781 6.2259955406188964844 0.79465013742446899414 5.3325324058532714844 6.6465382575988769531 8.04065704345703125 10.1307373046875 11.512824058532714844 10.67812347412109375 15.993300437927246094 17.831666946411132812 14.793134689331054688 15.01917266845703125 17.967084884643554688 19.689561843872070312 17.062450408935546875 7.9771575927734375 7.3882346153259277344 9.1742773056030273438 10.318955421447753906 10.029833793640136719 12.188300132751464844 11.361133575439453125 10.630865097045898438 15.9588775634765625 16.498102188110351562 5.2319111824035644531 12.806666374206542969
-9999 -9999 -9999 -9999 -9999 -9999 -9999 -9999 -9999 -9999 -9999 -9999 -9999 -9999 18.556133270263671875 17.272588729858398438 15.303707122802734375 13.783860206604003906 12.961945533752441406 11.113165855407714844 9.0356960296630859375 5.0489149093627929688 7.3277902603149414062 11.106021881103515625 10.225183486938476562 9.5971632003784179688 8.3945159912109375 6.0247874259948730469 8.0456829071044921875 9.801387786865234375 11.620031356811523438 12.728611946105957031 13.23525238037109375 10.229663848876953125 14.68988037109375 20.653318405151367188 20.872127532958984375 20.92176055908203125 24.208221435546875 23.793170928955078125 17.2272796630859375 11.845707893371582031 12.111460685729980469 11.526226043701171875 9.2145109176635742188 8.7829952239990234375 12.269556999206542969 15.669496536254882812 16.676046371459960938 18.222177505493164062 12.085963249206542969 5.3060793876647949219 17.34554290771484375
-9999 -9999 -9999 -9999 -9999 -9999 -9999 -9999 -9999 -9999 -9999 -9999 -9999 -9999 -9999 -9999 15.918844223022460938 14.683973312377929688 12.721002578735351562 10.91829681396484375 11.777781486511230469 11.015110969543457031 3.4030530452728271484 11.168257713317871094 12.79140472412109375 10.550634384155273438 10.140366554260253906 10.529081344604492188 10.964510917663574219 12.136293411254882812 13.017338752746582031 12.251416206359863281 10.8663330078125 8.3929891586303710938 7.2988271713256835938 14.662749290466308594 19.690774917602539062 21.98514556884765625 22.021440505981445312 15.260359764099121094 7.703563690185546875 6.3444161415100097656 7.8116621971130371094 8.66780853271484375 8.4593210220336914062 8.229244232177734375 9.7049036026000976562 12.700139045715332031 14.078081130981445312 11.548215866088867188 0.43331950902938842773 13.153924942016601562 15.000539779663085938
-9999 -9999 -9999 -9999 -9999 -9999 -9999 -9999 -9999 -9999 -9999 -9999 -9999 -9999 -9999 -9999 6.1550087928771972656 4.8858590126037597656 7.5531244277954101562 10.024044990539550781 11.354722023010253906 12.942982673645019531 8.1185026168823242188 6.5217022895812988281 13.96307373046875 11.102716445922851562 9.3907184600830078125 10.15576934814453125 9.7012844085693359375 10.450582504272460938 10.734740257263183594 9.5330228805541992188 8.468494415283203125 7.2701282501220703125 5.37207794189453125 6.6259980201721191406 10.85345458984375 10.7479095458984375 5.2337694168090820312 5.0291991233825683594 7.852703094482421875 8.180522918701171875 7.6206736564636230469 5.7662553787231445312 3.8887238502502441406 3.8922097682952880859 5.2737026214599609375 5.3926715850830078125 5.1808881759643554688 2.1847698688507080078 8.5392742156982421875 12.034303665161132812 8.5502872467041015625
-9999 -9999 -9999 -9999 -9999 -9999 -9999 -9999 -9999 -9999 -9999 -9999 -9999 -9999 -9999 -9999 14.330086708068847656 11.9997711181640625 8.424777984619140625 8.2091388702392578125 9.6647310256958007812 11.692243576049804688 12.031716346740722656 4.0561056137084960938 12.24211883544921875 12.417813301086425781 9.3522510528564453125 9.8523416519165039062 10.461360931396484375 10.8634033203125 11.208107948303222656 11.586095809936523438 11.146960258483886719 9.4513463973999023438 6.944370269775390625 4.712787628173828125 3.09375 11.252773284912109375 15.646580696105957031 14.776279449462890625 12.405550003051757812 11.386546134948730469 11.074182510375976562 11.165739059448242188 12.069446563720703125 13.405893325805664062 14.26720428466796875 13.523714065551757812 12.326786041259765625 4.86350250244140625 8.4958200454711914062 8.3896837234497070312 5.7056107521057128906
-9999 -9999 -9999 -9999 -9999 -9999 -9999 -9999 -9999 -9999 -9999 -9999 -9999 -9999 -9999 -9999 13.206720352172851562 13.874271392822265625 14.385649681091308594 13.065832138061523438 11.565567970275878906 11.548089981079101562 13.05707550048828125 8.88153076171875 9.4750356674194335938 13.848293304443359375 12.027953147888183594 11.692917823791503906 13.870001792907714844 15.302097320556640625 13.85406494140625 10.544548988342285156 5.4603366851806640625 2.3811802864074707031 3.8169105052947998047 7.9289746284484863281 14.425471305847167969 18.430084228515625 15.866854667663574219 13.34185028076171875 10.025208473205566406 8.5262851715087890625 8.736270904541015625 8.8355379104614257812 9.5254192352294921875 9.437999725341796875 7.2484560012817382812 8.789409637451171875 12.14850616455078125 5.8499908447265625 5.8133692741394042969 7.2583456039428710938 4.1773281097412109375
-9999 -9999 -9999 -9999 -9999 -9999 -9999 -9999 -9999 -9999 -9999 -9999 -9999 -9999 -9999 -9999 8.96518707275390625 8.2080230712890625 10.369855880737304688 13.4773712158203125 13.955645561218261719 12.407071113586425781 9.9264039993286132812 6.7085618972778320312 2.4375216960906982422 9.1362514495849609375 12.552847862243652344 12.651286125183105469 12.272480964660644531 8.6339921951293945312 1.7247333526611328125 6.4274730682373046875 12.127854347229003906 14.447920799255371094 15.319032669067382812 15.890593528747558594 15.717084884643554688 13.540398597717285156 9.2732295989990234375 10.753091812133789062 9.3369874954223632812 8.837833404541015625 9.2806034088134765625 8.8212614059448242188 8.074359893798828125 6.2226591110229492188 5.7539582252502441406 8.4184064865112304688 11.021532058715820312 8.3311748504638671875 1.6831674575805664062 7.5210576057434082031 7.0110034942626953125
-9999 -9999 -9999 -9999 -9999 -9999 -9999 -9999 -9999 -9999 -9999 -9999 -9999 -9999 -9999 -9999 -9999 4.9125809669494628906 5.3911767005920410156 4.7901158332824707031 4.5858364105224609375 5.9310579299926757812 6.7895016670227050781 8.1471767425537109375 7.562713623046875 2.9327521324157714844 3.5476410388946533203 3.6718828678131103516 0.89549398422241210938 7.6194109916687011719 13.466297149658203125 14.507905960083007812 13.842851638793945312 13.402506828308105469 13.338720321655273438 12.299211502075195312 10.040975570678710938 6.4595112800598144531 3.4895281791687011719 6.8204221725463867188 3.9263741970062255859 5.3600025177001953125 7.4253683090209960938 7.0356040000915527344 4.7095503807067871094 3.91756439208984375 5.9961977005004882812 7.7203745841979980469 9.5919313430786132812 9.7845811843872070312 5.5459246635437011719 1.3505358695983886719 5.8206524848937988281
-9999 -9999 -9999 -9999 -9999 -9999 -9999 -9999 -9999 -9999 -9999 -9999 -9999 -9999 -9999 -9999 -9999 7.7805209159851074219 9.0180578231811523438 9.8417510986328125 10.277032852172851562 9.7509717941284179688 7.5554690361022949219 7.197444915771484375 8.333522796630859375 4.1314916610717773438 7.1959991455078125 8.70687103271484375 7.9911580085754394531 11.376051902770996094 10.918147087097167969 8.2819061279296875 7.8176712989807128906 8.654094696044921875 7.9974370002746582031 4.6252207756042480469 1.4011240005493164062 6.5801830291748046875 9.7718305587768554688 8.8451566696166992188 4.0631661415100097656 2.2626094818115234375 2.0747807025909423828 4.1514353752136230469 4.6956276893615722656 5.5013298988342285156 4.1891927719116210938 5.0911197662353515625 8.743129730224609375 10.651244163513183594 10.675000190734863281 7.848743438720703125 1.8149236440658569336
