data/case_study_itwater/converter_hmc/geo/gridded/marche.roughness.txt
ncols        643
nrows        534
xllcorner    12.041800000000
yllcorner    42.520600000000
cellsize     0.003003000000
NODATA_value  -9999
[rows 260 to 285 of 534, columns 232 to 289 of 643]
-9999 -9999 -9999 -9999 -9999 -9999 -9999 -9999 -9999 -9999 -9999 -9999 -9999 -9999 -9999 -9999 -9999 455.699951171875 515.699951171875 395.5 308 336.0999755859375 326.70001220703125 212.5 133.29998779296875 102.699981689453125 75.600006103515625 57.5999755859375 63.399993896484375 47 48.5 48.5 58.899993896484375 51.899993896484375 36 41.699981689453125 54.399993896484375 81.100006103515625 81.100006103515625 81.100006103515625 81 64.29998779296875 80.29998779296875 60.5 56.20001220703125 63.100006103515625 80.100006103515625 89.399993896484375 91.899993896484375 70.899993896484375 70.899993896484375 66 63.899993896484375 73.300018310546875 50.70001220703125 67.70001220703125 67.70001220703125 72.300018310546875
-9999 -9999 -9999 -9999 -9999 -9999 -9999 -9999 -9999 -9999 -9999 -9999 -9999 -9999 -9999 -9999 -9999 -9999 -9999 387.199951171875 285.5999755859375 227.5999755859375 283.70001220703125 228 161 102.699981689453125 75.600006103515625 54.5999755859375 61.20001220703125 58.70001220703125 48.5 55 113.29998779296875 116.199981689453125 126.5999755859375 111.79998779296875 96.79998779296875 93.100006103515625 74.79998779296875 61.9000244140625 132.79998779296875 132.79998779296875 132.79998779296875 98.5999755859375 74.399993896484375 50.899993896484375 55.899993896484375 68.20001220703125 82.0999755859375 87.5999755859375 88.5 108.29998779296875 107.79998779296875 73.300018310546875 59.100006103515625 61.20001220703125 64.899993896484375 46.699981689453125
-9999 -9999 -9999 -9999 -9999 -9999 -9999 -9999 -9999 -9999 -9999 -9999 -9999 -9999 -9999 -9999 -9999 -9999 -9999 288.699951171875 303.9000244140625 302.4000244140625 283.70001220703125 228 161 97.499969482421875 60.399993896484375 65.70001220703125 75.5 64.899993896484375 69.20001220703125 152.899993896484375 175.5999755859375 175.5999755859375 175.5999755859375 90.5 77.399993896484375 73.70001220703125 57 150.70001220703125 218.9000244140625 218.9000244140625 205.5 165.5 80.899993896484375 64.0999755859375 87.0999755859375 111.39996337890625 111.39996337890625 111.39996337890625 100.5 131.29998779296875 107.79998779296875 73.300018310546875 69.800018310546875 79.9000244140625 55 41.70001220703125
-9999 -9999 -9999 -9999 -9999 -9999 -9999 -9999 -9999 -9999 -9999 -9999 -9999 -9999 -9999 -9999 -9999 -9999 -9999 298.2999267578125 303.9000244140625 302.4000244140625 240.9000244140625 205.60003662109375 192.5 115.9000244140625 67.9000244140625 37.899993896484375 33.399993896484375 49.100006103515625 91.70001220703125 151.9000244140625 156.5999755859375 154.999969482421875 154.999969482421875 89.9000244140625 77.399993896484375 75.20001220703125 120.800018310546875 188.500030517578125 262.300018310546875 238.100006103515625 174.800018310546875 158.600006103515625 149.5 149.5 130.5999755859375 164.399993896484375 148.5 148.5 191 131.29998779296875 107.79998779296875 87.70001220703125 87.70001220703125 74.399993896484375 60.600006103515625 61.20001220703125
-9999 -9999 -9999 -9999 -9999 -9999 -9999 -9999 -9999 -9999 -9999 -9999 -9999 -9999 -9999 -9999 -9999 -9999 -9999 -9999 364.800048828125 341.60003662109375 266.4000244140625 238.39996337890625 182.10003662109375 128.199951171875 75.79998779296875 34.20001220703125 59.29998779296875 65.79998779296875 65.79998779296875 118.9000244140625 145.5999755859375 154.999969482421875 154.999969482421875 118.70001220703125 136 92.5 156 222.600006103515625 226.4000244140625 134.9000244140625 171.300018310546875 232.5 234.899993896484375 247.79998779296875 217.5 132.79998779296875 100.699981689453125 218.29998779296875 211.5999755859375 129.899993896484375 94.79998779296875 111 86.20001220703125 58.600006103515625 64.29998779296875 54.199981689453125
-9999 -9999 -9999 -9999 -9999 -9999 -9999 -9999 -9999 -9999 -9999 -9999 -9999 -9999 -9999 -9999 -9999 -9999 -9999 -9999 -9999 -9999 252.5 230.29998779296875 159 127.79998779296875 81.79998779296875 46.20001220703125 40 43.699981689453125 43.699981689453125 128.10003662109375 140.9000244140625 150.300018310546875 169.300018310546875 169.300018310546875 168.800018310546875 104.199981689453125 123.29998779296875 150.5 154.70001220703125 87 143.4000244140625 179.29998779296875 179.29998779296875 196.89996337890625 201.399993896484375 167.5 217.79998779296875 253.29998779296875 211.5999755859375 147.5 147.5 147.5 96.600006103515625 67.399993896484375 67.399993896484375 53.5
-9999 -9999 -9999 -9999 -9999 -9999 -9999 -9999 -9999 -9999 -9999 -9999 -9999 -9999 -9999 -9999 -9999 -9999 -9999 -9999 -9999 -9999 227.20001220703125 208.39996337890625 198.60003662109375 178.5999755859375 98.500030517578125 40.899993896484375 26.399993896484375 31.5 42.29998779296875 58.79998779296875 71.5999755859375 177.0999755859375 207.4000244140625 171.20001220703125 177.4000244140625 101.0999755859375 143 133.20001220703125 146.4000244140625 190.60003662109375 199.10003662109375 235 226.899993896484375 277.899993896484375 299.899993896484375 237 193.60003662109375 206.4000244140625 155.5 188.89996337890625 215.29998779296875 165.5 132.100006103515625 121 76.60003662109375 69.399993896484375
-9999 -9999 -9999 -9999 -9999 -9999 -9999 -9999 -9999 -9999 -9999 -9999 -9999 -9999 -9999 -9999 -9999 -9999 -9999 -9999 -9999 -9999 261.29998779296875 265.29998779296875 269.300048828125 226.4000244140625 144.0999755859375 61.5 55 64.10003662109375 67.4000244140625 79.20001220703125 96.100006103515625 202.999969482421875 255.300018310546875 167.60003662109375 205.000030517578125 153.399993896484375 153.399993896484375 133.39996337890625 236.29998779296875 275.800018310546875 300.500030517578125 326.60003662109375 326.60003662109375 326.60003662109375 297.399993896484375 237 123.800018310546875 119.5 119.5 188.0999755859375 156.79998779296875 107.899993896484375 122.5 122.5 105.4000244140625 76.300018310546875
-9999 -9999 -9999 -9999 -9999 -9999 -9999 -9999 -9999 -9999 -9999 -9999 -9999 -9999 -9999 -9999 -9999 -9999 -9999 -9999 -9999 -9999 182.39996337890625 189.60003662109375 255.199951171875 246.70001220703125 172.79998779296875 94.79998779296875 60.79998779296875 64.10003662109375 86.70001220703125 77.5 124.29998779296875 222.0999755859375 225.4000244140625 131.800048828125 140.800048828125 89.20001220703125 140.39996337890625 232.0999755859375 240.199981689453125 206.300018310546875 145.600006103515625 137.70001220703125 148.60003662109375 209.5 224.499969482421875 249.79998779296875 249.79998779296875 190.4000244140625 165.10003662109375 145.499969482421875 105.100006103515625 107.899993896484375 89.20001220703125 78 104.999969482421875 101.899993896484375
-9999 -9999 -9999 -9999 -9999 -9999 -9999 -9999 -9999 -9999 -9999 -9999 -9999 -9999 -9999 -9999 -9999 -9999 -9999 -9999 -9999 -9999 242.89996337890625 259.70001220703125 277.29998779296875 252.0999755859375 185.5999755859375 113.100006103515625 75 77.300018310546875 86.70001220703125 74.899993896484375 143.999969482421875 219.499969482421875 159.20001220703125 201.800018310546875 237.4000244140625 215.0999755859375 253.29998779296875 256.0999755859375 241.0999755859375 145.399993896484375 173.300018310546875 174.9000244140625 228 317.79998779296875 308.79998779296875 292.5999755859375 256.500030517578125 223.800018310546875 153.399993896484375 107.800018310546875 107.800018310546875 123.600006103515625 114.29998779296875 96.199951171875 131.499969482421875 121.9000244140625
-9999 -9999 -9999 -9999 -9999 -9999 -9999 -9999 -9999 -9999 -9999 -9999 -9999 -9999 -9999 -9999 -9999 -9999 -9999 -9999 -9999 -9999 283.79998779296875 272.29998779296875 277.29998779296875 252.0999755859375 185.5999755859375 113.100006103515625 75 76.800018310546875 93.70001220703125 93.70001220703125 134.89996337890625 195.999969482421875 246.399993896484375 276.5999755859375 276.5999755859375 203.5 221.4000244140625 211.39996337890625 140.29998779296875 168.20001220703125 174.600006103515625 190.199981689453125 259.699981689453125 318.600006103515625 267 242.70001220703125 307.60003662109375 287.5 195.5 181.20001220703125 169.4000244140625 169.4000244140625 149.60003662109375 68.20001220703125 109.499969482421875 113.300018310546875
-9999 -9999 -9999 -9999 -9999 -9999 -9999 -9999 -9999 -9999 -9999 -9999 -9999 -9999 -9999 -9999 -9999 -9999 -9999 -9999 -9999 -9999 246.39996337890625 169.5 162.70001220703125 203.5999755859375 230 174.800018310546875 108.20001220703125 100.999969482421875 100.999969482421875 81.100006103515625 106.199981689453125 229.399993896484375 229.399993896484375 241.79998779296875 166.29998779296875 120.29998779296875 130.5999755859375 77.899993896484375 140.29998779296875 193.89996337890625 153 187.5 230.9000244140625 249.4000244140625 188.10003662109375 131.70001220703125 201.60003662109375 259.5999755859375 222.39996337890625 280.79998779296875 261.79998779296875 261.79998779296875 195.79998779296875 134 105.79998779296875 121.60003662109375
-9999 -9999 -9999 -9999 -9999 -9999 -9999 -9999 -9999 -9999 -9999 -9999 -9999 -9999 -9999 -9999 -9999 -9999 -9999 -9999 -9999 -9999 209.79998779296875 203.79998779296875 203.79998779296875 200.70001220703125 183.10003662109375 150.29998779296875 78.5 71.29998779296875 99.999969482421875 104.20001220703125 149.39996337890625 149.39996337890625 157.20001220703125 180.5999755859375 180.5999755859375 180.5999755859375 121.70001220703125 121.79998779296875 121.79998779296875 163.39996337890625 142 205.4000244140625 207.70001220703125 177.70001220703125 172.9000244140625 172.9000244140625 172.4000244140625 288.300048828125 324 324 286.79998779296875 268.5999755859375 224.29998779296875 192.800048828125 106.500030517578125 142.20001220703125
-9999 -9999 -9999 -9999 -9999 -9999 -9999 -9999 -9999 -9999 -9999 -9999 -9999 -9999 -9999 -9999 -9999 -9999 -9999 -9999 -9999 -9999 182.79998779296875 184.5999755859375 254.5999755859375 279.29998779296875 253.10003662109375 203.70001220703125 144.500030517578125 137.39996337890625 145.39996337890625 134.800018310546875 106.5999755859375 119.70001220703125 232.0999755859375 228.699981689453125 205.5 207.600006103515625 284 284 284 248.20001220703125 158.70001220703125 206.300018310546875 293.000030517578125 281.60003662109375 278.20001220703125 231.70001220703125 244.5 236.39996337890625 233.20001220703125 233.20001220703125 162 240.699951171875 287.20001220703125 246.10003662109375 137.79998779296875 63.39996337890625
-9999 -9999 -9999 -9999 -9999 -9999 -9999 -9999 -9999 -9999 -9999 -9999 -9999 -9999 -9999 -9999 -9999 -9999 -9999 -9999 -9999 -9999 288.60003662109375 264.79998779296875 264.79998779296875 279.29998779296875 224.5 176.29998779296875 130.699981689453125 94.5999755859375 87.79998779296875 83.399993896484375 81.20001220703125 146.20001220703125 236.89996337890625 265.29998779296875 261.89996337890625 313.5 353.70001220703125 359.9000244140625 378.60003662109375 377.9000244140625 302.70001220703125 167.100006103515625 178.899993896484375 178.899993896484375 161.20001220703125 214.60003662109375 244.5 236.39996337890625 142.5 244.0999755859375 286.60003662109375 329.79998779296875 298.699981689453125 246.10003662109375 160.70001220703125 189.5999755859375
-9999 -9999 -9999 -9999 -9999 -9999 -9999 -9999 -9999 -9999 -9999 -9999 -9999 -9999 -9999 -9999 -9999 -9999 -9999 -9999 -9999 -9999 241.20001220703125 138.20001220703125 176.29998779296875 193.89996337890625 211.29998779296875 176.5 130.699981689453125 110 119.29998779296875 128.600006103515625 128.600006103515625 145.500030517578125 228.5999755859375 207.699951171875 222 282.4000244140625 325.5 255.5999755859375 305.79998779296875 422.89996337890625 358.100006103515625 242.100006103515625 136.199981689453125 136.199981689453125 161.20001220703125 235.79998779296875 338.0999755859375 278.20001220703125 179.5 259.0999755859375 286.60003662109375 269.20001220703125 232.999969482421875 229.29998779296875 281.5 281.5
-9999 -9999 -9999 -9999 -9999 -9999 -9999 -9999 -9999 -9999 -9999 -9999 -9999 -9999 -9999 -9999 -9999 -9999 -9999 -9999 -9999 286.10003662109375 241.20001220703125 230 230 230 180.5 119.70001220703125 130.70001220703125 108.4000244140625 96.9000244140625 134.0999755859375 107.39996337890625 117.70001220703125 200.89996337890625 203.300048828125 198.699951171875 203.5 190.9000244140625 139.29998779296875 175 287.29998779296875 307.70001220703125 242.100006103515625 294.800018310546875 294.800018310546875 275.70001220703125 235.79998779296875 314.29998779296875 301.10003662109375 170.20001220703125 184.5999755859375 169.20001220703125 178.60003662109375 204.399993896484375 274.899993896484375 274.899993896484375 216.79998779296875
-9999 -9999 -9999 -9999 -9999 -9999 -9999 -9999 -9999 -9999 -9999 -9999 -9999 -9999 -9999 -9999 -9999 -9999 -9999 -9999 -9999 286.10003662109375 214.70001220703125 275.5 309.20001220703125 204.20001220703125 270.29998779296875 242.29998779296875 213.699951171875 176 147.89996337890625 172.20001220703125 115.70001220703125 101.70001220703125 190.20001220703125 248.4000244140625 244.0999755859375 215.79998779296875 134.70001220703125 56.29998779296875 167.9000244140625 287.29998779296875 272.79998779296875 275.70001220703125 275.70001220703125 275.70001220703125 267.89996337890625 158.29998779296875 212.5 228.20001220703125 206.89996337890625 141.20001220703125 156 193 196.60003662109375 196.60003662109375 182.800048828125 179
-9999 -9999 -9999 -9999 -9999 -9999 -9999 -9999 -9999 -9999 -9999 -9999 -9999 -9999 -9999 -9999 -9999 -9999 -9999 -9999 279.9000244140625 280.800048828125 158.9000244140625 229.10003662109375 322.5 283.79998779296875 314.0999755859375 336.39996337890625 320 260.5 199.4000244140625 197.4000244140625 154 113.39996337890625 186.20001220703125 282.000030517578125 326.699951171875 258.5 165.70001220703125 55.5 173.70001220703125 294.5 314.4000244140625 368.29998779296875 368.29998779296875 275.89996337890625 322.89996337890625 262.70001220703125 224.9000244140625 180.4000244140625 180.0999755859375 205.199951171875 182.79998779296875 229.20001220703125 229.20001220703125 215.5 131.70001220703125 179
-9999 -9999 -9999 -9999 -9999 -9999 -9999 -9999 -9999 -9999 -9999 -9999 -9999 -9999 -9999 -9999 -9999 130.50006103515625 209.79998779296875 307.89996337890625 379.79998779296875 359.5999755859375 262.5 233.9000244140625 261 155.70001220703125 193.20001220703125 230.89996337890625 231.10003662109375 206.89996337890625 187.39996337890625 165.70001220703125 152.800018310546875 112.199981689453125 139.600006103515625 229.399993896484375 319.0999755859375 282 192.20001220703125 88.199951171875 176.9000244140625 335.79998779296875 380.300048828125 405.699951171875 347.199951171875 399.0999755859375 406.29998779296875 414.70001220703125 307.5 168.20001220703125 188.5999755859375 251.20001220703125 216.9000244140625 155.300048828125 155.300048828125 188.20001220703125 197.5 167.0999755859375
-9999 -9999 -9999 -9999 -9999 -9999 -9999 -9999 -9999 -9999 -9999 -9999 -9999 -9999 -9999 -9999 -9999 -9999 304.89996337890625 386.199951171875 446.0999755859375 420.699951171875 349.5999755859375 278.20001220703125 170.5999755859375 120.89996337890625 127.29998779296875 221.70001220703125 260.20001220703125 257 199.5999755859375 134.9000244140625 105.79998779296875 101.199981689453125 90.100006103515625 186.699981689453125 293.89996337890625 319.10003662109375 234.29998779296875 164.70001220703125 212.5999755859375 296.39996337890625 324.10003662109375 324.10003662109375 276.800048828125 338.89996337890625 337.0999755859375 350.79998779296875 301 161.70001220703125 205.5999755859375 278.5 187.9000244140625 98.4000244140625 114.20001220703125 188.20001220703125 249.70001220703125 196.70001220703125
-9999 -9999 -9999 -9999 -9999 -9999 -9999 -9999 -9999 -9999 -9999 -9999 -9999 -9999 -9999 -9999 -9999 -9999 -9999 -9999 399.4000244140625 460.4000244140625 431.4000244140625 391.4000244140625 316 212.9000244140625 228.0999755859375 283.800048828125 286.29998779296875 246.60003662109375 199.5999755859375 209.4000244140625 226.4000244140625 209.100006103515625 172.0999755859375 132.5 268.5999755859375 352.60003662109375 286.29998779296875 204.5 146.0999755859375 209.199951171875 202.4000244140625 156.39996337890625 142.199951171875 203.99993896484375 317.20001220703125 334.4000244140625 300.5 227.29998779296875 172.10003662109375 301.79998779296875 179.4000244140625 131.70001220703125 131.70001220703125 188.20001220703125 267.800048828125 292.60003662109375
-9999 -9999 -9999 -9999 -9999 -9999 -9999 -9999 -9999 -9999 -9999 -9999 -9999 -9999 -9999 -9999 -9999 -9999 -9999 -9999 -9999 -9999 431.699951171875 407.199951171875 347.2999267578125 335.4000244140625 392.199951171875 438.300048828125 435.10003662109375 409.10003662109375 357.70001220703125 359.60003662109375 353.79998779296875 290.5 242.000030517578125 161.899993896484375 222.300018310546875 333.79998779296875 339.5999755859375 321.5 354.0999755859375 429.699951171875 364.800048828125 240.89996337890625 79.7999267578125 179.39996337890625 331.89996337890625 375.199951171875 367.29998779296875 299.29998779296875 213.89996337890625 275.9000244140625 162.4000244140625 182.70001220703125 182.70001220703125 187.29998779296875 166.800048828125 186.9000244140625
-9999 -9999 -9999 -9999 -9999 -9999 -9999 -9999 -9999 -9999 -9999 -9999 -9999 -9999 -9999 -9999 -9999 -9999 -9999 -9999 -9999 -9999 -9999 -9999 297.5999755859375 336.2999267578125 382.9000244140625 450.300048828125 458.99993896484375 358.9000244140625 245.5 215.70001220703125 253.29998779296875 235.5999755859375 211.800048828125 165.0999755859375 154.70001220703125 294 348.79998779296875 322 356.20001220703125 393.2000732421875 363.20001220703125 262.89996337890625 162.49993896484375 140.5 266.39996337890625 250.5999755859375 245.9000244140625 259.29998779296875 241.5999755859375 224.29998779296875 195.0999755859375 226.29998779296875 196.70001220703125 251.39996337890625 138.10003662109375 114.9000244140625
-9999 -9999 -9999 -9999 -9999 -9999 -9999 -9999 -9999 -9999 -9999 -9999 -9999 -9999 -9999 -9999 -9999 -9999 -9999 -9999 -9999 -9999 -9999 -9999 -9999 -9999 234.0999755859375 280 296.199951171875 301.800048828125 274 265.800048828125 308.39996337890625 271.79998779296875 185 165.0999755859375 100.5999755859375 224 196 148.5 208.70001220703125 283.20001220703125 335.20001220703125 256.00006103515625 199.7000732421875 207.60003662109375 243.199951171875 154.199951171875 153.4000244140625 211.4000244140625 208.20001220703125 139 167 241.300048828125 223.4000244140625 294.5 288.10003662109375 335
-9999 -9999 -9999 -9999 -9999 -9999 -9999 -9999 -9999 -9999 -9999 -9999 -9999 -9999 -9999 -9999 -9999 -9999 -9999 -9999 -9999 -9999 -9999 -9999 -9999 -9999 257.300048828125 284.9000244140625 301.699951171875 301.800048828125 274 228.800048828125 245.39996337890625 222.10003662109375 193.5 154.5999755859375 90.0999755859375 122.5999755859375 242.5999755859375 258 288.5 321.70001220703125 267.39996337890625 149.70001220703125 144.70001220703125 163.4000244140625 211.70001220703125 163.39996337890625 107.800048828125 147.70001220703125 179.29998779296875 131.89996337890625 132.79998779296875 207.10003662109375 243.10003662109375 289.9000244140625 289.9000244140625 289.9000244140625
