data/case_study_itwater/converter_hmc/geo/gridded/marche.hillshade.txt
ncols        643
nrows        534
xllcorner    12.041800000000
yllcorner    42.520600000000
cellsize     0.003003000000
NODATA_value 0
[rows 290 to 347 of 534, columns 384 to 479 of 643]
180 179 167 159 162 166 164 164 163 162 165 163 176 195 202 204 204 199 190 188 194 201 202 194 186 184 186 186 182 181 182 177 177 185 185 180 184 186 184 187 191 190 188 187 186 178 172 179 183 179 174 174 173 173 172 166 167 171 172 175 177 178 178 176 174 174 177 178 175 169 164 167 175 181 186 192 194 192 190 191 194 197 196 194 190 187 188 190 191 189 180 169 165 174 191 191
189 191 191 189 190 186 177 171 167 165 163 166 187 200 203 204 203 196 187 192 200 201 194 184 178 178 176 174 176 179 178 180 188 192 182 176 183 189 189 189 185 181 179 178 179 174 171 178 180 174 175 181 182 180 178 174 174 175 173 173 173 172 173 176 178 178 177 173 167 166 173 184 191 192 192 193 193 193 195 197 199 201 200 197 193 190 190 190 186 175 162 162 173 186 194 192
187 189 195 199 193 183 178 177 174 169 168 179 196 201 200 200 196 184 175 183 186 185 184 180 175 172 171 180 189 188 188 193 196 190 178 177 188 195 193 185 178 177 178 181 184 179 173 175 175 170 173 175 172 170 169 168 172 174 173 171 167 165 167 171 173 172 170 166 168 179 190 193 191 191 193 195 199 201 200 196 193 191 188 185 177 172 176 175 167 158 161 176 190 195 194 194
175 173 174 169 156 153 160 165 170 175 180 191 198 198 196 190 179 163 162 170 173 179 186 182 172 170 180 193 193 185 184 187 187 182 178 184 192 195 189 179 175 177 180 183 185 181 173 173 175 173 172 167 162 160 159 163 170 175 175 169 162 164 169 171 170 169 169 172 181 191 193 190 192 196 198 196 196 192 185 178 175 172 169 161 151 152 161 162 159 165 181 193 195 193 194 196
169 164 156 149 148 156 165 172 181 189 191 196 195 188 182 172 163 160 167 174 178 187 190 181 171 176 188 192 184 179 181 180 178 175 175 180 185 188 183 176 175 177 179 183 183 175 168 169 174 176 172 169 167 166 167 171 176 176 172 163 166 180 186 186 185 185 186 190 195 196 193 192 193 192 187 181 177 172 166 165 164 162 158 155 157 170 177 174 176 186 194 194 192 192 193 194
161 159 159 169 181 185 190 198 204 202 194 193 192 188 184 179 178 179 183 187 190 193 192 184 178 183 187 181 177 179 182 183 182 179 175 176 180 182 176 170 173 176 178 181 178 170 166 169 174 176 175 176 175 175 174 173 171 167 164 166 180 192 192 190 191 192 195 198 198 196 192 188 184 179 175 171 168 166 165 162 158 158 163 172 183 191 190 188 192 195 194 192 192 193 191 185
170 177 182 191 199 200 203 207 206 195 182 181 187 189 191 193 195 194 197 201 201 200 194 182 176 178 175 172 172 172 175 180 184 184 179 178 182 183 176 171 173 175 174 177 176 173 173 175 174 173 176 178 176 173 169 166 167 170 176 185 194 195 190 189 190 191 193 192 188 182 176 171 167 167 170 170 164 164 165 164 168 179 187 192 193 190 186 187 190 190 191 192 193 192 186 175
196 199 192 191 199 199 196 196 192 182 174 177 183 184 186 191 194 196 201 203 197 187 174 164 166 172 173 176 179 178 175 177 181 181 177 177 179 179 173 170 173 174 174 177 178 178 177 177 170 167 171 170 167 165 167 177 189 196 200 202 201 198 197 196 194 190 183 174 167 164 164 166 169 171 172 169 166 173 178 182 191 197 195 191 188 187 189 191 190 188 189 189 188 186 178 169
203 198 184 182 193 191 185 190 191 184 180 184 186 186 186 186 188 193 197 191 177 163 155 160 175 178 175 177 181 178 172 174 176 173 171 174 177 178 173 171 174 177 178 179 179 179 178 176 167 168 177 175 174 179 190 203 209 207 204 201 196 193 193 192 185 175 164 160 166 174 180 184 187 184 181 181 186 194 196 197 198 194 188 187 188 189 193 197 194 189 189 189 185 179 169 164
193 185 175 172 187 189 184 192 193 185 185 189 188 189 190 190 190 192 189 174 160 156 158 170 182 178 169 171 175 173 171 175 176 171 168 172 175 176 175 174 176 177 177 177 177 177 176 174 168 175 190 192 194 201 207 207 200 191 188 185 179 178 181 178 167 157 158 169 185 192 192 192 192 191 193 198 202 200 194 194 192 188 189 192 191 189 191 193 189 184 186 184 176 168 164 164
183 178 172 168 185 193 187 186 182 180 187 194 191 191 194 198 200 199 188 169 161 164 169 176 179 174 169 176 181 175 169 171 173 173 174 173 170 168 168 169 169 168 167 167 168 168 168 168 168 184 197 196 199 203 201 193 183 176 174 171 168 171 174 166 156 160 173 182 191 193 188 189 193 194 194 196 195 189 186 188 189 190 192 193 190 188 187 182 173 168 172 173 168 167 168 169
170 169 166 167 192 207 197 187 185 186 193 197 192 192 197 203 206 202 193 181 176 178 180 179 178 175 171 178 179 167 161 164 168 173 176 172 164 160 161 163 166 169 173 178 178 177 177 179 185 198 203 198 200 199 193 188 183 182 180 177 177 177 171 162 168 183 187 183 189 192 190 193 194 190 187 184 181 180 181 181 181 181 178 176 177 177 174 168 163 163 169 172 169 170 173 171
159 161 162 177 205 213 199 187 192 197 199 196 184 182 189 198 200 192 189 188 183 181 183 181 181 179 175 176 173 165 164 169 169 167 165 163 162 167 172 179 187 194 202 204 198 195 197 200 205 208 204 200 198 191 184 181 180 183 186 186 185 177 166 172 188 192 180 174 188 195 194 194 191 187 184 178 173 172 171 167 166 165 163 165 169 168 166 165 167 175 180 175 167 165 164 161
173 177 186 205 216 210 190 178 184 188 189 181 167 166 177 185 180 168 169 178 178 175 175 174 175 174 170 170 172 170 167 165 162 162 167 173 180 188 194 199 204 206 211 208 197 194 197 199 198 196 192 188 184 176 170 170 175 181 180 176 170 161 164 185 193 180 167 176 194 198 196 193 189 185 178 170 165 164 163 163 167 168 169 173 172 170 172 170 169 179 180 171 163 157 159 168
190 189 202 216 215 199 178 167 168 171 171 164 154 160 174 179 170 154 154 168 174 170 166 164 163 159 156 162 169 166 162 165 172 181 189 193 195 198 199 203 204 202 206 202 189 185 187 185 181 179 177 176 174 168 167 173 178 176 166 156 154 163 182 194 183 168 174 192 201 202 200 194 187 180 170 162 163 167 170 172 175 176 175 173 164 162 164 160 160 169 166 158 155 161 181 196
186 185 202 210 199 177 163 160 164 169 169 163 159 168 179 178 165 151 157 171 171 166 162 159 154 151 161 178 186 184 184 189 194 197 198 196 197 198 201 206 206 201 204 201 185 177 175 175 174 174 177 179 175 170 172 174 171 164 157 160 175 192 197 187 169 172 191 202 205 203 197 187 178 171 162 160 165 172 177 178 175 170 167 164 161 166 168 164 165 168 164 163 172 187 201 203
176 186 207 207 189 169 164 166 170 175 177 176 174 176 176 166 152 145 159 173 170 163 156 145 140 159 187 202 201 200 201 201 197 192 194 199 200 201 205 209 208 198 197 193 179 171 171 172 174 177 181 179 172 168 168 167 166 168 176 190 202 199 185 169 167 185 200 203 203 194 180 168 162 158 156 162 169 172 173 171 165 165 171 175 181 191 193 191 192 190 186 187 194 201 199 190
178 194 210 204 184 173 172 174 177 182 185 186 181 174 167 158 154 155 164 171 170 164 154 138 146 182 205 208 199 195 197 199 191 186 194 201 202 203 206 204 195 181 175 171 166 167 170 173 179 184 186 181 173 166 167 177 186 191 200 207 199 181 168 163 178 196 199 196 186 169 158 154 153 155 158 166 172 168 165 166 168 179 189 192 195 198 197 197 200 197 192 190 191 190 183 179
176 186 194 188 177 173 176 176 175 173 173 172 168 165 170 180 188 187 178 174 171 164 155 149 167 195 204 203 196 193 197 199 190 185 197 203 201 196 189 179 167 156 152 154 156 155 154 163 173 178 180 175 166 168 185 200 202 199 202 198 179 165 161 169 189 198 194 186 170 157 156 159 162 165 163 165 168 162 168 185 192 194 193 190 190 191 192 195 196 191 186 183 183 183 181 182
171 166 166 164 157 154 155 155 155 161 170 175 178 181 189 196 197 191 179 177 178 170 164 165 178 195 199 197 194 192 195 198 193 188 199 203 194 176 162 156 154 154 155 161 160 154 152 159 161 161 164 159 161 184 205 209 200 193 194 183 167 162 164 181 196 195 191 185 175 169 168 167 165 163 163 167 170 168 184 202 201 192 187 185 185 186 187 188 184 183 182 180 183 190 189 188
163 155 159 158 150 150 153 160 174 190 199 199 199 197 193 186 179 174 172 175 182 184 179 175 178 192 198 194 185 179 181 187 188 189 198 198 184 170 163 166 172 177 180 183 183 183 184 182 179 176 172 170 184 205 211 205 193 187 183 170 166 164 170 191 197 193 192 188 179 173 171 167 162 168 182 190 188 186 197 203 195 187 185 186 185 184 183 181 181 185 186 184 189 197 197 195
154 163 177 184 190 196 195 199 207 206 198 189 187 186 181 177 174 172 171 171 177 179 171 171 180 191 193 184 174 172 178 182 183 188 193 187 176 170 173 186 196 198 198 199 199 198 196 193 192 184 175 186 202 209 207 198 186 180 172 166 170 167 175 195 198 195 193 183 170 163 163 165 175 194 205 200 188 190 198 197 190 186 186 186 186 189 191 193 195 195 192 190 193 196 190 185
179 196 196 198 210 211 203 204 200 182 167 163 167 173 176 174 170 170 172 172 171 165 163 183 198 195 187 177 176 186 191 191 190 192 190 177 168 172 183 197 203 201 198 197 197 194 187 183 179 166 166 195 208 206 203 192 179 171 166 169 173 168 179 198 198 194 188 175 163 160 165 177 195 206 204 189 174 180 188 185 182 183 186 187 188 193 192 190 189 187 187 188 185 176 164 163
206 209 192 195 207 204 197 192 179 165 163 168 172 171 170 166 162 167 169 168 167 168 185 209 209 191 182 181 182 187 189 189 188 187 181 166 161 172 186 193 190 181 177 176 177 178 171 167 162 153 170 202 207 201 198 188 174 168 168 171 172 166 182 199 197 193 185 172 164 165 174 192 203 204 192 175 169 181 189 187 187 188 189 186 185 186 178 172 176 181 184 183 176 168 162 164
208 200 182 186 193 191 186 178 171 170 175 184 185 179 174 168 166 168 164 168 178 192 209 214 204 186 179 183 184 182 182 181 179 178 175 164 158 166 173 171 162 153 154 154 157 162 157 152 149 150 176 198 195 191 192 185 173 168 169 170 167 167 188 201 198 193 182 168 163 167 183 200 206 198 180 170 178 191 194 193 190 185 181 174 173 174 166 166 177 184 183 181 178 176 173 172
201 191 170 163 165 167 163 157 160 168 176 181 179 174 174 176 173 165 163 180 198 205 208 205 196 182 181 185 182 183 184 182 181 184 184 175 167 168 167 159 152 151 157 158 160 163 156 147 149 169 193 200 192 189 191 184 170 164 166 166 163 174 195 200 194 190 181 170 167 176 193 206 208 194 175 176 187 190 186 180 172 168 168 166 170 173 166 168 181 185 182 179 175 171 168 169
193 179 162 155 157 160 154 147 150 160 162 158 158 161 166 171 164 158 170 193 205 202 198 196 192 182 182 181 172 176 184 184 186 189 189 178 169 172 177 177 176 176 178 178 177 174 162 154 173 201 208 205 199 197 196 183 166 160 163 161 164 184 199 197 193 191 186 179 177 187 200 208 206 190 177 181 183 177 170 167 166 169 172 173 174 173 166 171 184 183 176 175 171 163 162 169
172 161 158 157 159 160 155 149 152 153 144 141 148 153 155 159 155 163 187 206 209 205 202 201 194 181 173 167 166 174 183 184 185 185 180 170 167 176 188 195 193 190 190 190 188 182 169 170 196 210 202 196 197 199 195 173 151 150 156 161 170 188 195 193 190 187 183 181 183 192 201 207 203 188 180 179 174 171 171 177 184 186 186 183 178 172 164 169 177 168 162 165 158 150 157 166
148 142 145 147 149 159 168 171 171 169 165 169 176 171 162 163 168 182 203 209 205 205 205 202 193 179 172 176 178 181 184 184 186 181 171 164 164 175 186 188 180 173 175 175 174 170 162 176 198 195 182 184 192 192 178 153 144 161 173 174 177 187 193 191 184 180 179 183 189 193 197 198 191 178 174 175 174 176 182 191 195 192 189 185 181 175 167 167 167 160 163 167 161 158 165 165
141 153 167 171 172 180 188 189 190 193 194 191 184 170 164 175 185 195 203 199 193 195 194 192 188 181 184 189 181 182 184 181 188 183 172 167 170 179 183 173 159 157 164 167 167 165 160 181 199 193 189 193 194 181 160 151 170 195 193 177 178 192 199 195 190 189 191 194 194 187 177 173 167 160 164 171 173 175 183 189 186 180 177 173 172 166 163 174 184 188 194 199 197 193 191 185
169 190 200 198 189 186 183 182 185 186 178 163 154 156 168 182 186 188 190 190 190 192 191 190 189 182 180 177 169 178 185 184 188 186 179 180 186 190 185 171 167 177 186 188 186 177 169 189 202 196 192 191 188 175 163 167 190 203 185 164 174 194 199 197 196 196 197 197 189 171 155 154 157 156 158 161 160 161 170 171 167 167 165 162 157 153 165 192 207 210 212 213 205 195 191 189
189 194 189 179 166 165 167 165 165 158 147 145 161 181 192 193 186 180 181 185 189 190 190 188 184 177 172 170 176 188 192 188 182 179 182 186 188 188 184 182 189 198 198 192 184 174 167 184 191 182 179 182 186 181 174 176 189 191 173 157 171 191 194 189 187 186 188 186 173 157 151 156 162 160 157 153 147 146 154 157 158 165 166 158 152 163 188 206 208 205 204 200 186 176 179 180
168 164 158 154 149 153 156 151 156 161 162 174 190 198 201 198 188 182 182 182 181 181 180 178 178 180 179 182 192 196 190 180 171 174 185 189 188 188 190 194 195 190 179 167 163 163 161 178 192 191 192 197 199 192 181 176 184 187 172 158 169 190 194 190 188 186 185 176 160 152 154 157 161 159 153 153 154 155 158 157 155 161 158 151 163 186 200 197 188 183 182 181 177 178 181 178
147 150 152 152 145 146 151 154 173 186 184 192 197 196 198 195 184 177 179 182 180 178 181 184 188 190 187 183 185 180 174 172 172 182 195 197 197 196 192 186 178 169 163 162 165 163 162 185 202 201 202 205 206 196 180 169 178 188 175 161 169 188 195 193 193 192 183 165 152 151 155 159 168 174 178 183 187 190 186 180 171 167 167 175 194 204 200 188 181 181 185 188 187 178 170 162
135 142 148 147 145 155 169 181 194 190 183 194 197 191 193 191 182 177 181 186 184 179 180 186 187 184 176 166 160 157 162 174 180 191 200 197 193 185 175 167 162 160 163 169 170 163 171 197 206 201 202 204 199 183 166 160 179 189 175 165 171 186 195 196 193 187 169 152 152 160 169 178 188 197 203 202 200 198 190 182 173 178 196 206 210 205 198 192 190 193 196 196 187 169 162 158
145 154 162 164 170 184 194 197 191 181 189 202 197 188 190 190 187 186 189 188 185 183 183 181 176 170 163 155 152 157 171 183 183 184 185 181 177 171 170 174 174 171 166 164 160 162 184 201 197 192 196 197 185 164 154 166 190 190 173 168 171 183 199 201 194 182 165 162 175 187 191 197 201 203 201 191 182 177 171 166 160 181 202 199 191 186 182 183 189 197 200 197 185 170 165 160
186 189 194 193 194 199 198 193 182 179 196 199 188 186 191 194 194 194 192 186 181 178 181 179 168 160 153 148 149 165 185 187 175 170 175 179 179 176 177 178 177 172 166 167 166 177 197 202 197 195 197 195 178 158 161 185 199 187 172 171 169 179 197 197 190 181 174 184 198 200 197 198 198 194 187 175 168 166 165 159 158 184 195 184 178 177 176 181 189 198 202 196 180 163 156 156
196 199 205 201 197 200 199 192 182 179 191 190 184 189 192 195 197 194 185 176 172 164 170 183 179 173 170 167 166 173 180 172 165 174 184 186 181 174 168 169 173 174 179 188 183 187 202 206 207 208 206 197 176 164 177 199 199 179 168 170 168 176 194 196 191 186 183 187 190 185 181 180 177 172 168 165 166 168 168 159 163 192 202 196 195 195 195 197 199 200 194 178 163 157 158 176
186 192 202 200 194 201 201 188 176 172 188 193 189 193 198 202 202 192 174 163 158 152 168 197 202 200 203 200 193 188 184 175 172 179 181 177 172 169 169 178 190 191 194 194 177 179 197 201 197 192 189 182 172 172 191 204 192 171 166 170 165 173 196 202 198 189 174 163 159 160 160 159 161 159 157 159 164 167 165 156 171 201 207 201 199 195 193 194 198 198 185 167 158 159 167 188
182 191 201 201 194 193 185 168 159 165 186 192 191 197 205 208 201 184 168 162 155 155 182 207 207 203 207 201 191 188 193 189 182 181 178 178 179 181 184 194 200 194 188 181 170 175 191 190 178 173 177 180 176 184 201 203 186 172 171 169 161 171 194 201 197 182 162 152 150 155 155 154 157 155 155 158 160 159 153 152 180 206 204 191 179 172 175 183 192 192 180 167 163 166 177 188
181 187 190 189 178 165 156 149 157 177 189 188 190 197 202 199 183 167 162 160 152 163 195 204 193 189 195 190 180 180 185 183 184 187 185 188 192 194 197 203 202 191 181 176 174 176 189 194 190 194 199 197 190 195 202 192 174 165 164 164 162 172 191 196 190 174 158 153 150 154 155 152 154 155 159 164 165 164 165 168 188 199 188 170 162 172 185 190 190 184 175 168 169 176 189 196
171 164 159 161 154 145 149 162 182 198 198 189 189 193 193 181 163 155 155 151 148 174 202 202 192 190 195 190 179 175 176 182 192 190 185 191 197 199 204 206 196 182 173 174 178 178 186 195 197 200 200 195 190 193 188 171 157 153 157 162 164 170 189 197 187 168 149 142 145 166 183 183 183 186 190 194 194 195 194 185 184 183 168 155 163 180 184 180 178 177 180 179 181 188 199 205
157 145 148 160 163 162 172 189 198 202 198 183 183 193 189 171 158 158 159 152 157 189 207 205 197 194 195 189 177 173 184 198 199 184 178 189 198 200 205 205 191 179 178 183 186 182 181 188 188 183 179 176 179 182 173 161 159 162 165 164 161 170 192 199 186 163 142 142 166 197 210 205 202 204 206 206 201 195 188 172 170 186 188 180 179 180 181 184 189 194 192 186 188 191 201 206
165 158 163 170 171 177 193 202 198 193 183 168 176 194 187 168 164 169 169 160 165 191 199 193 183 178 183 184 180 186 200 204 192 178 177 189 198 200 203 202 193 185 186 187 181 174 178 192 197 193 190 192 193 188 176 169 169 170 166 160 164 183 198 198 183 157 145 169 200 213 211 200 192 191 190 186 176 166 157 151 168 199 207 197 185 184 190 193 192 187 178 177 179 179 187 191
176 163 156 159 172 190 203 204 193 180 175 184 197 201 190 180 183 184 182 171 170 184 189 187 180 178 184 188 189 195 200 193 183 179 184 193 202 205 206 203 192 178 174 171 165 167 181 199 207 204 205 205 195 179 168 164 162 159 154 158 178 195 198 191 171 148 162 199 212 208 198 181 168 162 160 155 150 146 148 165 194 211 206 193 179 177 185 179 167 158 160 170 172 173 179 181
170 144 137 162 192 202 203 202 184 167 188 213 212 197 190 191 189 184 180 169 165 175 190 198 197 193 189 187 184 182 178 170 169 175 185 195 205 210 209 202 184 167 162 161 164 177 193 205 206 200 196 190 174 161 157 155 154 153 155 171 192 201 197 185 164 162 193 213 205 187 172 158 145 139 141 145 149 153 165 191 210 210 201 190 178 176 187 190 182 181 186 187 183 184 188 186
164 144 164 198 206 198 190 184 165 166 200 210 193 175 173 175 169 163 162 164 171 176 191 200 196 183 171 173 172 169 168 167 169 173 182 194 203 207 208 200 185 175 173 177 184 193 202 201 190 178 174 171 166 163 162 160 157 157 170 190 201 202 197 184 170 187 209 208 188 167 154 143 137 149 169 182 189 188 190 200 202 195 187 180 179 181 190 200 201 205 208 205 199 195 190 182
173 173 199 212 197 177 162 162 172 188 199 181 158 148 148 152 156 164 176 187 189 180 183 187 175 159 158 174 182 181 185 190 191 187 191 198 201 200 199 193 183 178 180 186 190 194 193 183 170 163 164 164 159 158 157 157 163 173 191 201 198 196 193 178 172 193 203 190 168 154 146 147 167 192 206 209 207 199 191 193 192 185 180 181 187 188 190 200 204 205 206 202 196 191 183 169
184 187 193 181 151 132 138 172 198 192 172 162 164 164 167 174 185 197 201 198 187 175 173 185 184 176 185 201 201 197 199 202 199 192 195 199 192 183 181 175 163 160 165 169 171 171 168 162 160 160 163 161 152 150 153 163 185 201 206 199 191 191 187 174 177 195 197 181 163 154 148 169 203 214 213 207 198 186 176 181 192 196 196 197 195 189 190 198 198 193 193 185 175 175 170 163
174 164 142 116 111 139 178 196 192 165 157 183 197 199 200 194 200 208 203 191 180 174 168 185 199 197 203 206 199 197 202 205 199 189 187 183 171 167 172 165 151 149 150 150 151 150 148 147 147 148 154 159 159 166 176 188 205 212 204 192 190 194 190 186 190 199 195 178 165 161 159 182 204 203 199 196 185 172 168 183 202 207 201 191 179 174 179 179 175 177 183 177 167 167 163 163
157 146 137 141 177 211 209 182 161 149 167 202 209 205 200 186 190 199 196 185 180 176 165 179 198 195 192 189 183 187 196 201 198 186 178 170 163 166 170 160 150 150 149 145 142 141 143 147 152 161 173 183 190 197 201 203 205 203 197 190 193 200 197 193 191 192 188 176 169 169 168 186 201 196 191 190 181 170 177 197 209 203 186 171 162 166 170 167 172 184 187 177 169 171 167 165
176 180 185 192 212 217 179 133 130 144 173 201 205 200 194 186 190 197 194 184 178 174 161 173 195 196 191 194 192 195 199 196 186 176 170 168 168 170 169 159 149 146 146 150 156 163 174 185 193 197 199 206 209 208 206 204 200 200 200 195 195 198 188 177 173 171 173 174 174 174 174 191 206 203 201 199 191 181 190 204 201 185 172 169 171 174 173 175 185 190 182 167 162 167 170 170
196 197 196 190 180 149 110 103 133 167 188 199 196 193 192 188 186 188 186 173 163 161 156 165 191 198 196 201 204 205 205 189 168 159 159 160 162 167 168 161 153 158 173 187 196 203 209 211 208 201 197 201 203 196 192 189 188 195 200 195 190 184 165 156 162 164 167 171 173 174 182 198 206 204 200 197 190 186 190 190 176 165 163 166 169 170 173 178 180 179 173 164 165 171 169 166
186 178 163 137 114 111 127 159 188 197 195 191 192 190 182 172 167 170 172 165 159 161 163 163 186 201 203 203 202 195 186 171 162 162 160 157 156 160 162 164 171 189 206 212 212 209 204 196 185 173 169 174 175 167 160 159 167 182 189 179 169 165 154 155 166 170 170 172 172 177 187 193 192 187 182 178 175 176 177 170 161 163 169 172 173 175 180 179 171 171 170 167 170 171 163 160
153 148 141 133 144 177 201 212 206 189 180 180 192 196 186 175 172 173 171 170 171 175 174 164 184 207 206 196 187 171 159 158 160 162 162 161 162 163 170 184 200 211 213 204 192 176 161 151 144 139 142 149 149 141 138 148 167 180 175 156 149 159 159 157 166 173 173 172 176 180 180 172 166 169 168 164 167 174 177 168 161 167 175 180 185 190 191 183 173 175 176 168 163 160 156 158
139 158 167 172 180 192 203 206 187 163 162 170 182 188 188 189 186 180 173 168 171 175 168 159 186 209 198 178 166 156 154 158 157 157 162 170 178 184 192 204 210 206 193 171 150 136 135 145 156 166 175 178 173 167 162 165 173 173 162 148 155 174 173 163 166 171 171 171 177 178 173 160 158 169 166 164 177 184 181 171 166 167 170 175 182 186 183 172 164 171 174 161 154 158 160 164
148 173 168 161 149 135 141 153 146 133 140 153 162 172 189 196 184 168 162 155 156 157 151 167 199 205 186 172 166 162 165 168 169 173 181 191 199 199 200 205 200 183 163 143 140 153 174 195 204 206 205 197 192 195 190 183 178 167 153 147 164 180 174 162 161 168 169 166 167 169 165 156 163 174 165 172 185 179 169 164 166 169 169 173 175 170 159 147 148 163 176 173 167 169 174 182
138 148 127 110 90 81 100 116 109 105 117 133 143 163 190 188 153 131 134 140 153 165 173 196 205 193 180 174 172 172 175 178 185 194 201 206 206 197 190 190 181 166 152 151 175 196 210 216 211 205 196 185 188 197 191 180 180 177 169 165 168 163 151 141 143 155 159 157 158 160 157 152 160 163 158 171 176 164 159 159 164 169 167 166 165 158 149 149 167 184 189 183 175 179 190 197
