data/case_study_itwater/runner_hmc/geo/PoBasin/gridded/PoBasin.area.txt
ncols  1190
nrows   615
xllcorner   6.61250
yllcorner    44.01800
cellsize   0.0050020
NODATA_value -9999
[rows 294 to 335 of 615, columns 96 to 191 of 1190]
2 1 1 1 1 1 2 3 4 455 10 2 2 2 2 1 1 2 3 4 5 598 3 2 1 2 1 1 1 3 2 2 29 1 1 1 1 1 2 3 25 30 32 3 1 2 15 11 818 5 2 1 7 2 3 132 130 4 3 2 1 1 1 1 1 1 1 1 1 1 2 2 1 1 1 1 1 1 2 7 4 1 1 1 1 1 1 1 2 4 2 3 3 5 2 1
1 1 1 3 2 2 3 4 5 450 3 9 1 1 1 1 1 2 3 4 5 584 11 10 9 6 4 2 1 1 1 1 15 12 3 1 1 14 15 21 2 2 1 2 1 14 10 6 5 799 3 2 10 1 4 133 1 1 1 1 1 3 1 1 1 2 1 1 1 1 1 1 1 1 2 2 1 1 2 2 2 1 1 1 2 2 2 4 50 52 61 93 100 108 113 118
3 1 1 3 8 12 14 15 439 2 1 2 8 6 3 1 1 3 5 6 7 572 7 6 5 4 2 1 1 1 7 11 3 3 5 1 1 11 3 2 1 1 1 1 13 9 5 4 2 3 790 783 511 498 138 2 2 2 2 1 5 1 1 2 1 4 2 2 2 2 1 2 2 2 5 1 2 1 1 1 1 2 3 5 7 36 39 41 2 1 2 28 3 2 2 3
2 1 1 1 1 1 1 1 423 3 2 1 1 1 2 1 1 1 1 2 3 557 2 1 1 1 1 1 1 3 2 3 2 2 3 1 3 7 2 1 1 2 8 11 8 4 3 1 2 2 2 270 1 2 358 356 5 3 2 6 2 1 2 3 2 5 3 3 3 3 2 3 3 3 7 1 3 2 2 1 1 1 2 6 10 14 2 1 1 1 1 26 2 1 1 2
2 1 1 1 2 3 4 6 418 15 5 4 3 2 1 1 1 1 2 3 10 2 539 2 2 1 2 1 1 1 1 2 1 1 2 2 4 2 1 1 2 5 2 7 2 1 2 1 1 1 1 267 2 1 1 6 342 333 7 1 3 2 3 4 3 6 4 4 8 4 3 4 4 4 9 4 1 5 2 1 1 1 3 1 2 12 1 1 1 2 18 3 4 1 1 2
1 1 1 2 1 1 2 390 6 2 9 7 5 3 1 1 2 4 5 6 1 7 536 12 9 7 4 2 1 1 1 1 1 1 1 2 1 1 1 1 2 1 1 5 1 1 1 1 1 1 260 3 2 1 5 1 4 4 319 315 191 185 182 177 168 162 154 145 85 82 78 62 59 53 46 34 22 14 11 6 2 1 1 1 1 9 2 1 2 14 1 2 2 1 1 1
1 1 4 7 1 2 1 385 2 3 1 1 1 1 1 1 2 3 4 5 6 1 516 2 1 1 11 10 8 6 4 2 1 1 1 1 1 1 1 2 1 2 3 1 1 1 1 2 2 2 255 3 2 1 4 3 1 2 3 119 3 2 1 4 2 1 4 38 9 2 11 2 1 2 2 4 3 1 2 1 2 1 1 2 5 2 1 1 8 2 1 1 1 1 1 1
1 1 1 1 9 2 3 383 17 1 2 1 1 1 1 1 1 1 1 2 3 19 21 491 14 12 1 1 1 1 1 1 1 2 1 1 2 2 3 1 3 1 1 1 1 2 2 2 3 246 3 3 2 1 3 2 1 2 1 116 1 2 1 3 1 2 1 37 6 2 1 10 1 1 1 3 1 1 1 1 1 1 1 1 1 1 1 4 2 1 1 1 1 1 2 3
4 2 1 2 1 10 356 3 3 16 13 10 7 3 1 1 3 5 7 8 15 1 1 475 70 69 66 63 2 2 1 2 2 3 2 1 3 7 14 18 29 33 36 41 45 47 3 6 231 7 2 2 2 1 2 1 1 1 2 115 3 2 1 2 1 1 19 17 3 2 1 4 5 1 1 1 1 1 1 2 2 2 2 1 1 1 1 1 1 1 1 3 2 2 1 7
6 12 16 18 3 318 23 2 2 2 2 2 1 2 1 1 2 3 4 6 2 3 4 404 2 1 1 1 59 55 1 9 6 3 1 1 1 1 2 7 2 1 4 2 2 3 51 217 2 3 6 1 1 1 1 2 5 6 7 109 2 1 1 1 1 3 17 16 2 2 1 3 3 1 1 1 2 2 2 3 3 3 3 3 2 1 1 1 1 2 4 6 12 3 2 9
1 1 1 1 20 313 3 22 1 1 1 1 1 1 1 1 2 1 1 1 1 2 3 397 5 4 3 2 1 3 49 11 10 6 4 2 1 1 2 4 1 3 1 1 1 2 3 165 3 1 2 5 3 1 1 2 1 2 3 99 4 3 2 1 1 2 13 13 1 1 1 2 1 1 1 3 7 10 3 7 4 4 7 3 1 2 3 1 1 1 1 2 3 16 3 11
1 1 1 2 285 2 2 2 21 20 7 6 5 3 1 1 2 3 2 3 32 34 35 388 7 6 4 2 1 2 2 26 5 4 3 2 1 1 2 1 2 1 2 1 1 1 2 158 10 2 1 1 1 1 1 1 2 3 4 87 4 3 2 1 1 1 10 11 5 3 1 1 2 3 5 6 7 23 34 36 50 58 11 2 3 1 5 2 1 1 2 1 1 21 15 2
2 2 2 4 252 30 1 1 1 1 11 6 4 2 1 1 1 4 25 28 1 2 4 345 2 1 1 1 1 1 1 2 18 15 4 3 2 1 1 1 1 2 3 6 8 10 142 3 2 9 7 5 3 1 1 2 3 4 5 77 4 3 2 1 1 2 8 5 1 1 1 1 1 2 3 4 12 15 1 2 3 7 77 85 2 1 8 2 1 1 2 5 7 9 49 1
6 9 12 244 2 1 29 25 2 1 2 2 1 1 1 2 12 15 2 2 1 1 1 337 3 2 1 1 1 1 1 1 2 2 8 3 1 1 1 1 1 1 1 1 1 1 131 14 1 1 1 1 1 1 2 3 4 5 51 21 10 8 5 3 1 1 4 3 1 1 1 1 1 1 2 5 7 2 1 2 5 1 2 3 94 9 1 4 2 1 1 1 1 1 1 52
2 3 227 2 2 1 3 3 19 12 1 1 1 1 3 6 2 2 1 1 1 2 3 333 8 7 6 4 2 2 1 1 1 1 3 1 1 3 7 10 11 13 15 2 2 102 5 8 12 9 6 2 1 1 1 2 3 4 45 9 1 1 2 1 1 2 1 1 1 2 2 2 1 2 1 1 1 1 1 2 2 1 2 2 2 107 2 7 2 2 1 2 1 1 1 2
4 5 223 1 1 1 2 2 2 4 10 3 1 1 1 1 1 1 1 2 3 4 5 321 14 13 12 11 10 7 5 3 2 1 1 1 1 2 1 1 1 1 1 16 19 93 5 4 7 2 2 3 1 1 2 3 4 5 38 2 8 5 1 1 1 1 2 1 1 4 3 3 2 3 1 1 1 1 1 1 1 1 1 1 1 1 120 130 3 2 1 3 2 1 2 1
1 2 216 5 3 1 1 1 1 3 4 2 1 1 3 6 8 9 10 11 12 1 1 301 47 13 12 11 10 9 8 7 6 5 3 1 1 1 2 3 5 7 9 11 65 4 4 4 3 6 1 1 1 1 2 3 4 27 3 2 1 2 3 1 1 2 3 6 8 10 8 4 3 5 1 2 2 2 2 1 1 1 2 4 8 9 2 134 146 2 1 1 6 2 3 1
4 182 26 21 1 1 1 1 1 2 2 1 1 1 1 1 1 1 1 1 1 13 2 252 2 33 30 24 21 17 13 6 4 2 1 1 1 2 3 13 17 21 25 43 7 3 3 3 3 2 5 3 1 1 3 5 12 10 1 1 1 1 1 1 1 1 1 1 2 4 16 30 36 7 3 1 3 3 4 1 2 1 1 1 2 1 1 6 3 153 1 1 2 152 143 136
155 20 2 4 20 16 12 8 2 1 1 1 1 1 1 1 1 2 1 2 2 4 243 2 2 1 2 5 2 3 3 6 1 1 1 1 3 5 9 3 3 3 3 14 3 3 2 2 2 2 1 1 1 1 1 2 4 4 5 2 1 1 2 4 2 1 2 2 1 1 1 2 2 47 51 2 4 4 5 4 2 1 1 1 1 3 5 2 1 157 159 1 160 156 2 2
1 2 17 1 3 3 2 2 4 2 1 1 2 5 7 1 2 2 106 109 113 223 1 1 1 1 1 1 3 1 2 2 5 3 1 1 1 3 2 2 2 2 2 6 5 2 2 1 1 1 1 1 1 1 1 1 2 3 1 1 1 1 2 3 8 21 29 35 36 1 1 1 1 1 5 60 66 71 10 3 2 2 1 1 1 1 1 1 2 1 161 325 162 1 1 1
2 1 1 15 1 2 2 1 1 1 1 1 2 3 1 8 2 101 1 1 2 107 2 1 1 1 1 2 1 2 1 1 1 1 1 1 2 1 1 1 1 1 2 3 3 1 1 1 1 1 1 2 2 2 1 1 1 1 1 1 3 5 7 8 9 5 3 1 1 37 2 1 2 3 1 1 1 1 85 3 3 2 2 1 1 1 1 2 3 4 5 332 1 1 1 1
1 1 1 8 4 2 1 1 1 1 2 1 1 1 4 2 93 2 1 1 2 2 100 11 9 7 5 2 1 1 1 1 1 1 1 1 1 1 1 1 1 1 1 1 1 1 1 1 1 3 2 3 3 3 2 2 1 1 1 1 1 1 1 2 4 2 1 3 7 13 52 58 69 74 75 76 1 2 182 7 3 3 1 2 2 2 1 1 2 3 4 337 2 1 3 1
3 2 1 2 4 1 1 1 2 1 4 2 1 2 2 78 2 2 1 1 1 4 88 33 32 31 30 26 6 4 2 1 2 2 2 2 2 2 1 3 2 1 1 1 1 1 2 2 1 2 8 4 4 4 5 2 1 1 3 2 1 1 1 1 1 1 1 2 4 1 3 10 4 1 3 6 90 93 1 193 202 2 1 3 5 2 1 1 1 1 1 389 48 44 41 35
2 1 1 1 2 1 1 2 3 1 2 5 3 2 55 64 7 1 1 1 3 2 8 40 11 8 4 3 19 16 14 11 7 4 1 3 3 3 1 2 6 2 2 3 1 2 3 1 4 6 7 16 25 35 3 2 1 1 5 4 1 1 2 4 1 1 1 1 2 2 1 8 3 1 2 5 2 1 2 2 2 210 1 4 6 4 1 1 2 2 2 393 2 2 2 1
4 3 2 1 1 1 2 4 6 2 1 3 6 40 50 3 5 6 1 1 1 2 7 28 1 2 3 3 2 2 1 1 1 1 1 1 4 4 4 4 1 7 12 4 2 8 5 1 1 2 3 4 5 41 6 2 1 1 7 6 1 1 11 7 2 1 2 1 1 1 3 4 2 1 2 2 1 1 1 1 2 2 259 266 274 279 2 1 2 3 399 1 1 1 1 1
5 4 3 2 1 1 1 2 11 1 3 23 28 2 5 4 2 4 4 1 1 2 4 26 2 1 1 2 2 1 1 1 1 2 2 1 2 5 10 10 1 1 1 30 11 2 1 1 1 2 3 4 5 1 50 2 2 1 1 15 2 2 12 1 1 1 3 1 1 1 1 2 1 1 1 1 1 1 1 1 1 42 3 2 1 2 297 299 1 405 2 1 1 1 1 1
18 3 2 1 1 2 2 1 3 12 2 18 1 1 2 2 3 1 3 2 1 1 2 21 9 3 2 1 1 1 1 1 2 6 3 2 3 1 1 23 25 2 1 32 1 1 1 2 1 1 2 3 4 10 62 8 3 1 1 1 20 13 2 1 2 1 5 3 1 1 1 1 1 1 1 1 3 25 31 35 38 3 2 1 1 1 12 3 304 716 1 2 2 1 2 13
11 3 2 1 1 3 7 11 4 1 13 1 1 1 1 1 1 1 1 1 1 1 1 3 7 5 3 1 1 1 2 1 2 3 13 16 5 1 1 1 1 29 31 33 2 2 2 3 2 1 1 2 3 4 5 76 1 1 1 2 35 3 2 1 3 1 7 5 2 1 1 1 3 5 7 17 20 2 2 2 2 2 1 2 3 11 2 1 3 2 721 727 1 1 17 1
3 7 3 1 1 1 1 2 17 1 1 1 2 1 1 1 1 1 1 1 1 1 1 1 3 3 1 1 1 3 3 2 1 1 1 18 6 2 2 1 1 1 33 34 70 3 3 6 2 1 1 1 2 3 4 78 2 1 1 4 44 5 2 4 1 1 9 8 2 1 1 2 3 4 5 3 2 1 1 1 1 1 1 1 5 2 1 2 1 1 1 25 756 759 778 2
2 2 1 1 1 1 1 1 20 3 1 4 2 2 2 1 2 2 2 3 2 1 1 1 1 1 1 1 1 3 7 3 2 1 2 1 19 9 3 2 2 1 1 1 1 74 4 14 5 3 1 1 2 3 4 89 2 2 1 1 50 1 1 6 1 1 3 23 2 1 2 1 1 1 1 1 1 1 1 1 1 1 1 1 2 1 1 1 1 1 21 3 2 1 2 786
1 1 1 1 1 3 1 2 2 25 5 3 3 1 3 2 3 3 3 6 2 2 1 1 1 1 1 2 4 5 16 20 3 2 3 2 20 1 13 3 3 2 2 1 2 2 97 4 3 2 1 1 2 3 4 94 99 2 1 1 52 2 1 8 1 1 1 2 29 1 4 1 2 2 1 1 1 2 1 3 2 2 2 1 1 1 2 3 13 17 2 2 1 1 1 1
-9999 1 1 2 2 2 4 2 3 31 6 4 4 2 4 3 4 4 10 3 3 1 2 2 3 1 1 1 2 3 6 8 30 36 40 3 21 2 14 4 4 3 3 1 2 105 100 2 1 1 1 1 1 2 4 6 109 2 1 2 55 2 1 10 1 2 1 1 31 37 2 1 1 6 2 1 2 2 4 4 1 5 4 1 1 1 2 6 2 2 1 1 1 2 3 15
-9999 1 4 8 12 17 37 40 43 45 83 128 135 138 5 4 5 15 4 1 4 2 3 6 2 2 1 1 1 2 1 1 2 4 6 51 74 78 15 5 1 8 4 2 108 1 1 1 2 1 2 2 1 1 1 1 3 116 2 3 58 2 1 12 1 4 1 1 1 40 2 1 1 1 10 2 1 3 7 5 1 7 9 3 1 1 2 1 1 1 1 2 4 8 11 1
-9999 1 2 1 2 11 4 2 1 1 39 1 2 3 148 155 161 16 5 2 5 3 4 9 1 4 1 1 2 1 1 1 1 1 1 1 1 1 79 21 580 592 600 604 714 2 2 3 1 2 3 3 2 1 1 2 1 3 123 128 187 4 1 14 1 6 1 1 2 42 6 2 1 1 1 14 2 1 4 8 7 19 2 1 1 1 1 1 1 1 1 1 1 2 2 1
-9999 -9999 1 1 2 6 3 1 1 2 35 2 1 2 1 2 2 206 215 243 249 254 14 2 5 2 2 1 1 4 1 2 1 1 1 1 1 1 472 555 2 3 3 1 2 722 728 4 2 3 7 3 1 2 1 1 1 1 1 1 1 195 197 15 8 2 1 1 2 51 1 2 1 1 3 4 19 22 24 5 16 22 2 1 2 2 1 2 3 3 1 1 1 1 1 2
-9999 -9999 -9999 1 3 2 2 2 3 18 12 2 1 1 1 1 1 25 3 25 1 3 275 6 3 3 2 1 2 5 2 1 3 3 1 2 2 463 469 3 1 2 2 1 3 3 3 764 767 4 11 2 1 3 2 2 1 1 1 1 1 1 1 214 11 2 2 1 1 55 3 2 1 1 1 2 3 4 5 25 46 2 1 1 1 5 2 1 6 8 3 1 1 1 2 3
-9999 -9999 -9999 2 1 1 1 3 6 14 9 2 1 1 3 6 18 6 2 24 2 1 2 289 4 1 3 2 3 6 3 2 1 7 2 443 456 3 1 4 2 1 1 2 2 2 20 8 7 780 792 3 2 4 3 3 2 2 2 2 1 1 1 1 226 5 1 2 2 59 3 2 1 2 1 1 1 2 3 9 72 1 1 1 2 7 3 1 16 2 1 1 2 1 1 1
-9999 -9999 -9999 1 -9999 1 2 2 4 3 3 5 1 1 2 4 7 5 1 23 1 1 2 2 299 303 4 3 4 7 4 3 2 425 434 4 11 1 2 1 2 1 1 1 1 19 7 2 4 1 15 814 821 835 839 4 3 3 3 3 2 2 2 909 1138 1144 1147 3 3 60 6 1 2 3 2 1 2 3 4 5 90 2 2 2 1 3 11 2 19 1 1 2 3 1 2 4
-9999 -9999 -9999 -9999 -9999 -9999 1 1 2 2 2 2 2 1 3 3 3 4 15 6 1 1 1 3 2 28 351 358 365 379 397 402 408 7 8 2 1 10 1 1 1 1 1 2 18 4 2 1 3 4 10 3 4 9 6 854 862 870 879 886 892 898 902 3 2 1 4 1158 64 7 2 1 6 3 2 1 1 1 1 3 1 93 101 104 1 3 129 130 153 3 1 3 4 2 1 1
-9999 -9999 -9999 -9999 -9999 -9999 -9999 -9999 1 1 1 1 1 2 2 2 3 3 11 4 1 1 2 1 1 26 15 3 2 6 13 4 2 6 2 5 1 3 5 1 1 3 7 12 3 3 1 2 3 6 3 2 3 8 5 4 4 4 5 3 3 3 3 2 1 3 3 3 1229 1242 1 2 7 4 4 1 2 2 1 1 1 1 2 2 108 110 1 1 1 159 4 1 5 3 2 2
-9999 -9999 -9999 -9999 -9999 -9999 -9999 -9999 -9999 -9999 -9999 -9999 1 1 1 2 2 7 3 2 1 1 2 3 22 3 14 2 1 5 12 3 1 5 1 2 2 2 2 1 1 2 2 2 2 2 1 2 3 2 2 1 2 7 4 3 3 3 4 2 2 2 2 1 2 2 2 3 3 5 1249 1254 8 5 6 1 5 1 2 1 1 1 1 1 1 1 1 1 1 160 6 1 6 4 1782 1788
-9999 -9999 -9999 -9999 -9999 -9999 -9999 -9999 -9999 -9999 -9999 -9999 -9999 -9999 1 1 2 4 2 1 3 6 9 15 3 2 13 1 1 3 11 3 2 2 2 1 1 1 1 1 1 1 1 1 1 1 1 1 1 1 1 1 3 3 3 2 2 2 3 1 1 1 1 1 1 1 2 2 2 2 2 96 1362 1370 1377 2 7 1 4 1 2 2 1 1 1 1 1 2 2 162 1755 1760 1762 1771 4 3
