data/case_study_itwater/runner_hmc/geo/PoBasin/gridded/PoBasin.area.txt
ncols  1190
nrows   615
xllcorner   6.61250
yllcorner    44.01800
cellsize   0.0050020
NODATA_value -9999
[rows 378 to 419 of 615, columns 576 to 671 of 1190]
14 2 1 3 3 2 1 1 116 52 1 1 3 21 1 6 4 1 1 1 1 1 1 91 92 133 32 31 1 2 1 6 2 2 2 1 1 2 1 1 1 3 2 1 2 2 3 3 3 3 1 2 3 5 32413 1 1 1 2 1170 1167 1163 1158 2 1 1 1 1 5 83 80 4 4 29 32 81 2 1 27 1 1 2 1 1 2 33 36 2 45 46 285 289 292 1 8 2
7575 2 4 4 3 1 3 117 1 1 1 1 2 24 1 9 1 1 2 2 1 1 1 1 1 167 2 1 1 4 1 1 10 15 1 2 1 4 1 1 1 1 1 1 1 2 2 2 2 2 4 5 16 34 4 32420 1 2 1175 1 2 2 3 1 1 1 2 2 90 1 2 1 1 1 1 82 1 1 2 1 4 1 2 1 1 1 1 38 1 1 1 1 1 295 9 3
4 7586 7593 7598 5 4 118 2 1 1 1 1 1 25 1 1 12 1 6 1 2 2 2 1 1 168 3 1 7 1 1 1 2 1 16 4 1 1 6 1 2 1 1 1 1 1 1 1 1 1 9 10 10 7 3 1 32423 1180 2 1 1 1 1 1 1 1 2 95 2 1 1 1 1 3 6 84 2 3 2 1 6 1 3 1 2 1 1 1 1 1 1 1 1 2 308 56
3 4 2 1 7611 1 123 2 2 1 2 4 1 30 2 1 1 15 22 24 3 3 4 1 2 175 1 1 1 10 1 1 3 1 3 25 1 3 13 2 1 3 2 3 1 1 2 4 5 8 2 9 6 1 1 5 33609 2 1 1 1 1 1 1 3 1 103 100 2 1 1 1 2 1 1 92 6 3 2 1 9 1 8 4 1 1 3 1 3 1 4 1 1 1 371 3
2 3 1 2 3 7741 4 3 2 1 1 1 37 5 4 3 2 1 2 3 34 38 5 1 1 1 177 179 1 13 2 1 4 1 1 1 26 1 14 1 1 5 1 7 1 1 1 1 2 1 1 5 5 3 4 4 6 33621 3 2 1 2 2 2 109 104 1 1 1 1 3 1 1 3 1 1 102 3 2 10 1 1 9 1 1 4 1 5 4 2 6 1 1 376 1 1
1 1 1 2 2 1 7752 5 2 2 1 1 44 1 1 1 1 1 1 2 3 1 40 47 2 1 3 5 199 1 1 5 6 1 1 1 28 17 1 1 3 11 12 10 2 1 1 1 2 3 4 4 2 2 3 1 1 33624 1 1 2 3 3 112 1 1 3 2 1 2 5 1 1 5 2 1 107 3 11 2 2 1 11 1 1 1 6 1 10 3 7 2 379 1 1 1
1 1 1 1 2 4 7757 4 3 2 1 1 1 48 1 3 1 1 1 1 1 1 1 51 1 1 1 1 1 202 1 1 14 1 1 2 47 1 1 1 1 1 15 1 13 2 1 2 1 2 3 1 1 1 3 4 5 33630 2 1 6 4 1 1 114 2 6 1 2 3 6 2 1 7 1 3 2 124 3 1 3 2 12 2 2 2 8 1 1 14 1 8 384 2 1 1
2 1 2 1 1 2 3 7765 3 2 2 1 1 1 50 4 2 3 2 1 2 2 1 1 54 1 1 2 1 1 203 2 222 2 1 1 51 53 3 1 1 1 1 17 19 35 1 2 3 1 2 3 4 1 1 9 30 41 33677 33680 33687 6 1 2 115 33836 33847 3 1 1 10 4 1 1 8 2 4 125 131 1 4 15 3 1 3 3 10 1 1 2 15 394 1 1 1 1
3 2 3 1 1 1 4 7770 7776 3 2 1 1 2 52 1 7 4 8 4 1 1 4 2 55 2 2 3 2 2 1 204 1 227 1 1 1 2 60 2 1 1 1 1 1 1 36 4 1 5 6 7 1 6 7 20 2 8 3 1 8 33707 33711 33714 33718 1 33850 1 1 3 11 6 1 2 9 8 1 1 1 139 1 19 2 1 1 7 12 1 1 2 18 396 2 1 2 2
4 7 4 2 1 1 1 2 7783 6 3 1 2 3 53 2 12 1 10 1 1 1 6 3 56 3 3 4 3 3 2 1 1 1 230 1 1 1 61 3 3 1 1 3 2 2 1 37 5 1 2 3 12 14 19 1 3 4 2 1 6 5 2 2 1 1 33852 1 1 2 33910 33919 33925 33926 33949 3 2 1 1 1 161 3 2 2 1 8 14 1 1 2 5 417 1 2 3 3
10 8 1 3 2 1 1 1 1 7793 2 1 3 4 54 3 14 11 1 2 1 1 8 1 60 4 4 1 5 7 3 3 1 1 233 2 1 2 62 7 1 2 1 2 6 9 2 43 1 1 1 1 1 2 2 2 3 1 2 5 3 1 1 1 6 10 14 33871 33887 33892 1 2 4 1 33951 2 1 1 1 1 1 167 3 2 1 23 1 2 1 2 1 425 1 3 4 4
11 9 1 2 4 7 2 1 1 7796 1 1 4 59 1 4 26 2 3 1 2 2 9 2 61 5 5 1 7 8 7 1 2 235 1 4 1 1 3 70 2 4 1 3 1 1 11 57 2 1 3 1 1 1 1 1 1 1 1 1 1 1 1 5 3 1 2 3 15 2 1 1 3 1 2 33958 2 1 1 2 2 169 4 3 25 2 1 3 2 3 1 2 430 434 439 5
13 1 10 2 3 1 8 3 2 7797 2 5 60 2 5 27 3 4 1 2 3 3 10 3 62 6 6 2 8 9 9 1 3 237 1 6 1 1 5 71 74 5 5 2 1 1 1 1 58 3 5 2 1 1 1 1 1 1 1 1 1 1 1 2 2 1 1 1 11 3 1 2 4 5 8 33967 1 2 213304 213310 213314 213486 213493 213498 213524 213532 4 1 3 4 1 1 1 1 1 445
14 1 2 11 3 4 2 161390 161392 169193 169201 61 3 6 28 4 5 2 1 1 4 8 12 11 4 69 7 11 10 10 2 242 238 2 7 1 3 1 2 8 88 1 12 4 2 1 1 2 60 4 6 3 2 2 1 2 3 2 14 11 3 1 1 1 1 1 1 8 2 2 1 3 1 2 10 11 33980 213299 1 3 1 2 2 1 1 213540 6 4 1 5 2 1 1 2 3 214692
17 1 2 5 17 4 9 161376 1 1 1 169268 36 29 16 11 5 2 1 1 1 1 1 13 29 169576 169585 169597 169621 3 243 1 1 17 7 5 1 1 1 1 1 89 17 3 2 1 1 2 63 1 5 10 3 3 2 3 6 16 1 1 6 4 1 1 1 1 4 6 1 1 2 2 4 9 1 2 179314 2 2 1 1 1 1 1 2 213545 2 1 2 6 3 1 2 2 214239 214243
18 2 1 1 2 20 21 161366 1 1 1 1 169306 17 1 2 1 2 1 2 1 3 2 4 169476 1 1 2 169624 246 2 36 21 3 2 1 1 4 1 1 4 1 108 1 2 1 2 1 3 64 2 16 4 4 3 4 24 1 1 1 1 1 1 3 2 1 1 1 1 1 1 1 4 1 2 3 179310 1 1 1 1 2 3 5 6 213552 1 1 3 214193 214197 2 1 214230 214234 2
19 3 2 1 2 3 5 161343 161334 1 1 1 169325 5 3 1 4 1 1 4 1 1 4 169468 3 1 1 2 3 169915 41 4 13 12 11 10 8 2 1 1 2 116 4 3 1 2 3 1 2 68 69 19 5 5 8 26 1 2 1 4 2 1 1 1 6 1 2 1 2 1 2 3 2 3 5 7 179306 1 1 1 1 1 1 1 5 9 213565 214180 214183 2 214202 214207 214210 16 2 1
243 3 1 1 1 1 1 2 2 161329 1 1 2 169333 2 5 1 1 2 5 1 2 2 169461 2 1 1 1 2 169920 2 1 3 2 1 1 1 1 1 2 1 1 121 1 1 2 3 4 6 9 1 70 25 14 27 1 3 2 6 1 1 2 2 1 2 7 4 4 1 1 1 1 1 1 1 2 4 179293 2 2 1 1 2 1 2 3 2 614 1 1 2 2 2 11 4 1
1 248 2 1 2 1 1 1 2 161324 2 1 1 169336 169345 2 2 1 1 3 6 2 169455 3 1 1 1 1 2 169925 4 3 2 1 1 3 1 1 1 1 3 2 123 2 1 2 5 9 10 14 24 96 175696 175711 29 4 3 8 1 1 2 3 3 2 1 4 16 22 2 1 1 3 1 1 1 1 2 2 179285 2 2 1 3 1 1 1 1 1 612 32 1 1 1 6 4 3
2 249 4 3 2 2 1 1 2 4 161317 1 1 1 2 169353 2 1 2 4 169428 169444 169448 2 1 1 1 2 169933 5 3 1 1 1 2 5 2 1 2 1 2 6 124 3 2 1 1 2 3 1 3 175573 1 1 175746 13 9 1 2 1 1 6 4 1 3 1 1 1 23 4 5 2 1 2 1 1 1 2 179278 179274 6 4 1 1 1 1 553 571 7 1 31 29 4 5 3 2
159214 159467 159475 3 3 1 1 1 1 2 161313 2 1 1 1 5 169369 169379 169384 169415 2 15 2 1 1 2 2 4 169938 2 1 1 2 2 3 8 2 1 3 2 1 4 134 3 1 1 3 4 5 1 1 2 175567 1 1 175762 2 3 3 2 1 3 14 2 1 4 2 2 179027 179033 179039 179044 4 2 1 1 1 1 2 2 179263 2 1 1 545 549 2 1 16 6 1 8 16 3 4 2
1 1 2 159483 159488 2 1 1 1 1 2 161308 2 1 1 3 8 8 4 28 1 12 2 1 1 1 4 169949 2 1 1 1 3 3 4 11 1 5 3 1 1 2 144 2 1 1 1 1 1 6 1 1 175564 1 1 2 175772 4 1 1 1 1 1 18 2 1 6 178997 179000 1 2 1 179052 4 2 1 1 1 1 1 179259 3 1 2 539 2 1 1 15 2 3 7 1 14 2 3
11 1 2 83 159575 2 2 1 1 1 161293 161305 4 1 2 3 4 7 2 1 27 11 1 1 3 4 5 169955 1 1 1 1 5 4 16 1 2 9 1 2 1 1 3 151 2 1 1 2 2 2 7 175559 3 1 1 2 3 175783 2 1 2 2 1 1 21 1 2 178988 1 1 1 2 179059 1 2 2 1 1 1 1 179255 2 1 1 2 536 1 1 13 1 2 5 1 11 2 1
3 1 82 1 2 159582 160743 1 1 161281 161291 4 3 2 1 2 3 6 1 3 23 7 3 1 2 6 11 169971 169978 2 2 2 6 5 17 4 10 2 3 2 1 1 1 156 2 1 1 2 3 3 175537 2 11 1 1 2 2 4 175798 4 3 1 2 23 1 1 2 178985 1 1 1 1 3 179066 179072 4 2 1 1 2 179232 19 2 1 1 2 533 530 4 8 6 1 4 1 9 1
2 1 80 1 2 1157 13 160842 160847 431 4 5 3 2 1 1 2 5 2 17 5 6 2 1 3 4 4 5 2 169983 169986 169987 169996 6 24 174874 174885 6 3 2 1 1 1 1 162 2 1 1 3 175523 175529 2 1 10 1 1 3 8 14 175822 175828 175832 175837 175861 2 1 1 178981 2 2 1 1 2 3 3 179083 179086 179181 179185 179213 12 4 16 4 2 1 2 529 3 1 2 3 2 1 1 7
1 1 78 1 1156 1 11 84 4 379 51 3 4 2 1 1 4 1 12 4 4 5 1 2 3 3 3 1 1 1 1 1 4841 174839 174845 7 174893 174905 3 2 1 3 1 1 1 166 1 2 175512 4 4 1 1 8 1 2 7 1 12 5 2 2 2 1 175867 1 1 178977 5 2 1 1 1 1 2 3 3 90 2 27 3 8 3 11 1 1 1 2 526 2 1 2 1 1 5 1
1 61 7 9 1155 1 9 83 3 371 7 50 2 3 1 1 2 9 2 3 3 4 1 2 2 2 1 1 2 2 4815 4834 5 1 5 6 2 1 174918 2 4 1 1 1 1 1 167 175477 175490 18 3 3 1 7 1 3 3 11 3 1 1 1 1 1 2863 178734 1 178971 22 21 4 3 1 1 2 1 1 89 1 1 25 2 7 2 10 9 2 1 524 1 1 1 1 2 1 1
1 58 6 8 1154 1 7 82 2 370 6 5 44 1 2 1 6 2 1 2 2 3 1 1 1 1 1 2 4802 4808 3 18 3 1 4 5 1 6 7 174931 174936 3 2 1 1 3 175283 175308 2 10 17 2 1 6 1 1 2 10 2 1 1 1 1 2862 1 2 178744 178947 2 1 16 3 1 1 1 2 85 2 1 4 3 17 1 6 1 4 2 1 1 522 1 3 4 5 6 7
51 6 5 7 1153 2 4 81 1 369 5 4 42 1 1 4 1 1 1 1 1 1 1 2 1 1 2 4677 4799 2 1 2 17 2 3 4 5 1 5 3 3 174945 174986 174995 175233 175240 39 4 20 1 9 16 1 4 1 1 7 2 1 1 2 2 2859 1 1 1 6 29 171 1 12 6 2 1 1 2 82 2 1 3 2 13 3 4 1 2 1 1 516 2 3 1 1 34 36 38
4 1 4 6 1152 1 3 79 1 368 4 3 2 39 1 2 1 2 10 11 1 1 1 1 3 2 4658 4673 60 61 1 1 16 1 2 3 4 4 1 1 2 2 38 7 236 6 37 1 3 19 7 1 15 2 1 1 5 1 3 4 6 2851 1 3 1 2 3 28 10 159 4 1 5 1 1 3 74 1 1 2 1 9 3 2 3 1 3 515 1 1 1 1 1 31 1 1
2 3 5 1142 9 2 1 76 1 367 3 2 1 38 1 1 2 7 1 2 14 2 2 3 4625 4638 16 13 1 59 60 57 3 12 1 2 3 2 1 1 1 1 36 6 1 234 5 36 2 2 16 6 10 4 1 3 1 2 1 1 8 1 2833 4 1 1 2 27 9 9 149 3 2 1 1 1 71 2 1 1 5 3 2 1 2 2 1 511 1 13 15 26 30 1 3 5
2 4 1141 5 3 1 42 32 1 366 2 1 6 1 30 1 4 4 5 1 1 18 4610 4613 5 12 14 1 12 58 2 55 1 2 11 1 2 1 3 5 8 34 1 5 3 230 4 35 1 1 15 5 4 5 3 2 1 1 2 6 1 2825 3 1 3 1 22 4 8 8 147 1 2 1 1 2 68 3 2 1 4 2 1 1 1 1 505 4 11 1 2 8 2 1 1 8
3 24 1116 4 2 1 40 30 1 365 1 1 4 28 1 2 3 1 4 6 2 1 4589 2 4 1 10 13 11 57 1 52 2 1 2 8 1 2 1 2 22 3 4 2 221 8 3 31 3 11 3 4 3 4 2 1 2 3 1 2 2815 6 2 1 2 13 8 3 7 7 144 2 1 1 3 6 62 7 3 1 3 1 1 22 28 501 2 3 10 1 1 6 1 3 7 1
23 1 1114 3 1 36 3 2 27 364 1 3 3 24 1 2 1 2 7 12 4563 4568 19 12 1 3 9 12 10 56 1 49 1 1 1 1 6 1 1 21 2 3 1 131 89 7 2 30 2 10 2 3 2 3 1 1 1 1 5 6 2808 3 2 1 1 12 7 2 6 6 3 140 1 1 2 34 12 2 3 1 2 1 20 1 4 472 1 2 8 1 1 4 2 2 1 1
2 1 1112 2 3 32 2 1 26 363 1 2 3 23 1 1 5 6 12 13 4544 2 5 1 11 2 8 11 9 55 7 18 23 14 5 1 3 1 20 1 2 3 130 85 3 6 1 29 1 9 1 2 1 2 1 1 1 2 1886 1896 911 905 2 1 1 10 6 1 5 5 2 138 1 1 1 32 9 2 1 2 1 3 15 2 1 471 1 4 2 1 1 2 1 1 1 1
1 1105 6 1 2 31 1 25 359 3 1 2 1 19 1 3 6 11 1 2 4530 1 1 4 10 1 7 10 8 54 6 17 5 3 8 4 2 1 18 1 2 122 4 84 2 1 4 21 7 7 1 1 1 1 1 2 2 1883 1 6 2 5 904 1 3 6 5 3 1 4 1 137 1 2 29 2 6 2 1 1 2 11 3 1 468 2 1 2 1 1 1 1 1 1 1 2
4 1100 5 1 28 2 24 86 272 2 1 5 11 17 1 5 4 130 1 1 4526 2 1 3 8 1 6 9 7 53 5 16 4 2 7 3 1 11 6 1 121 3 32 68 15 1 3 20 6 3 3 1 1 2 2 4 1862 1878 1 3 2 1 4 903 2 5 4 2 1 2 37 99 1 8 18 1 4 1 1 1 1 9 2 465 2 1 1 1 1 2 1 1 3 1 2 2
1099 4 17 27 1 23 85 2 269 1 4 2 3 5 4 3 129 1 131 133 4522 18 1 2 6 1 5 8 6 52 4 15 3 1 6 2 3 7 5 120 2 31 1 34 10 4 2 19 5 2 1 3 4 1 4 1857 5 4 6 1 2 1 3 902 1 4 3 1 1 36 2 96 1 5 16 1 2 1 3 7 8 1 1 463 1 1 1 1 2 4 2 1 5 1 2 3
3 16 8 1 22 84 1 15 253 3 1 2 4 3 2 127 1 1 3 4367 2 1 16 1 3 2 4 7 5 51 3 14 2 5 1 2 6 4 119 1 2 28 1 32 9 3 1 18 4 1 2 1 1 1841 1843 7 4 3 3 1 1 2 3 896 2 3 2 1 11 24 1 95 1 3 14 1 1 2 3 1 416 417 431 462 1 2 2 2 2 3 5 788 799 802 817 831
15 4 3 21 12 71 5 9 252 2 1 3 2 1 1 125 1 2 4353 10 9 1 11 4 2 1 3 6 4 50 2 13 1 4 1 5 3 116 2 1 7 20 22 9 8 2 1 16 3 1 2 1 3 1835 1 6 2 1 2 2 1 2 5 890 1 2 1 2 7 23 3 91 1 1 12 1 1 2 411 414 1 12 1 30 1 1 3 3 3 772 775 4 5 1 14 5
3 2 20 11 67 3 4 8 251 1 2 1 6 22 38 86 1 2 4348 2 1 8 4 6 3 1 2 5 3 49 1 12 1 2 4 2 59 56 1 2 4 19 21 8 7 1 9 6 2 1 3 6 1 1828 2 1 4 1 1 1 1 4 883 5 1 1 1 5 1 22 2 90 6 8 2 1 1 410 1 1 1 9 29 1 13 16 19 23 762 1 2 3 4 2 11 4
1 19 9 1 66 2 3 7 250 1 2 5 15 7 8 85 1 3 4345 8 7 6 7 3 5 2 1 4 2 48 1 10 1 3 1 58 2 44 9 1 3 18 20 7 6 3 5 5 1 2 1 2 1825 1 1 1 2 1 1 2 3 132 750 2 2 1 4 16 21 1 89 2 3 1 1 406 408 1 3 5 8 3 25 11 1 1 1 732 1 2 1 2 3 1 10 3
