data/case_study_itwater/runner_hmc/geo/PoBasin/gridded/PoBasin.area.txt
ncols  1190
nrows   615
xllcorner   6.61250
yllcorner    44.01800
cellsize   0.0050020
NODATA_value -9999
[rows 168 to 209 of 615, columns 288 to 383 of 1190]
-9999 -9999 -9999 -9999 -9999 2 2 1 2 2 2 1 1 1 1 1 25 3 1 2 3 202 233 237 4 4 12 8 1 3 3 2 3 6 3 1 4 2 2 1 1 1 1 1 1 2 1 1 1 1 1 3 2 522 524 984 1 1 1 1 1 1 1 1 1 1 1 1 3 1 1 1 1 -9999 -9999 -9999 -9999 -9999 -9999 -9999 -9999 -9999 -9999 -9999 -9999 -9999 -9999 -9999 -9999 -9999 -9999 -9999 -9999 -9999 -9999 -9999
-9999 -9999 -9999 -9999 -9999 -9999 1 1 1 1 1 1 2 3 13 23 1 2 1 1 2 4 25 2 246 253 267 276 2 4 4 3 10 4 1 2 10 3 1 2 2 1 2 2 2 1 1 1 1 1 2 1 1 1 1514 988 3 2 1 1 1 1 8 7 5 3 1 1 2 5 2 2 2 1 4 3 1 1 1 -9999 -9999 -9999 -9999 -9999 -9999 -9999 -9999 -9999 -9999 -9999 -9999 -9999 -9999 -9999 -9999 -9999
-9999 -9999 -9999 -9999 -9999 -9999 -9999 -9999 -9999 -9999 -9999 1 2 3 8 7 2 1 1 2 3 1 23 1 2 2 1 2 283 9 4 11 5 2 1 13 1 2 1 3 3 1 2 5 8 11 13 2 2 2 1 1 2 3 1521 3 2 1 2 1 17 14 5 3 2 1 1 1 2 3 8 3 13 8 2 1 1 1 4 1 1 2 1 -9999 -9999 -9999 -9999 -9999 -9999 -9999 -9999 -9999 -9999 -9999 -9999 -9999
-9999 -9999 -9999 -9999 -9999 -9999 -9999 -9999 -9999 -9999 -9999 -9999 1 2 2 3 3 1 2 3 4 17 3 2 1 1 1 2 2 296 314 6 3 1 15 2 3 1 2 1 8 1 1 1 2 3 4 18 21 24 27 2 1 2 1526 2 1 3 1 22 3 2 1 1 1 1 1 2 2 3 4 26 1 1 1 1 1 1 1 6 6 4 1 -9999 -9999 -9999 -9999 -9999 -9999 -9999 -9999 -9999 -9999 -9999 -9999 -9999
-9999 -9999 -9999 -9999 -9999 -9999 -9999 -9999 -9999 -9999 -9999 -9999 -9999 1 1 1 2 1 1 2 9 3 1 1 1 1 1 1 1 2 2 324 330 16 3 1 4 4 1 2 9 2 2 1 1 2 3 4 5 6 7 35 38 39 1608 42 41 37 35 9 8 4 2 1 2 2 2 3 1 3 36 2 1 1 1 2 2 1 2 8 10 2 1 -9999 -9999 -9999 -9999 -9999 -9999 -9999 -9999 -9999 -9999 -9999 -9999 -9999
-9999 -9999 -9999 -9999 -9999 -9999 -9999 -9999 -9999 -9999 -9999 -9999 -9999 -9999 -9999 1 1 1 2 3 3 1 1 1 1 2 1 1 1 1 1 1 2 353 2 1 9 1 2 3 10 3 3 2 1 1 2 4 5 1 1 1 2 3 1620 8 7 5 3 3 1 2 1 1 1 5 3 4 2 4 37 1 2 1 2 3 3 27 25 21 1 1 -9999 -9999 -9999 -9999 -9999 -9999 -9999 -9999 -9999 -9999 -9999 -9999 -9999 -9999
-9999 -9999 -9999 -9999 -9999 -9999 -9999 -9999 -9999 -9999 -9999 -9999 -9999 -9999 -9999 2 1 1 1 1 1 1 1 1 2 4 2 2 1 1 1 1 1 1 358 11 2 1 3 4 11 4 4 4 1 1 1 2 3 9 11 13 1 1 1623 2 1 1 1 2 2 1 1 2 4 6 9 140 134 131 124 82 3 71 46 43 36 32 2 1 1 -9999 -9999 -9999 -9999 -9999 -9999 -9999 -9999 -9999 -9999 -9999 -9999 -9999 -9999 -9999
-9999 -9999 -9999 -9999 -9999 -9999 -9999 -9999 -9999 -9999 -9999 -9999 -9999 -9999 1 4 1 2 1 2 1 1 2 2 2 3 7 3 2 2 2 1 1 1 1 373 1 2 4 5 12 9 5 2 3 1 1 1 3 6 9 10 14 16 1637 12 4 3 2 1 1 1 1 1 2 3 158 2 1 2 3 2 76 2 23 20 3 1 1 1 -9999 -9999 -9999 -9999 -9999 -9999 -9999 -9999 -9999 -9999 -9999 -9999 -9999 -9999 -9999 -9999
-9999 -9999 -9999 -9999 -9999 -9999 -9999 -9999 -9999 -9999 -9999 -9999 -9999 -9999 2 6 1 3 1 4 2 2 3 3 3 1 4 11 3 3 3 2 2 1 1 374 4 1 5 6 22 6 3 4 1 1 1 1 2 2 2 3 14 1670 2 1 7 6 4 2 1 1 1 2 1 1 163 1 1 1 2 1 2 1 2 16 3 2 1 -9999 -9999 -9999 -9999 -9999 -9999 -9999 -9999 -9999 -9999 -9999 -9999 -9999 -9999 -9999 -9999 -9999
-9999 -9999 -9999 -9999 -9999 -9999 -9999 -9999 -9999 -9999 -9999 -9999 -9999 -9999 3 7 2 4 1 6 3 3 4 4 4 1 2 316 325 334 343 351 358 366 367 753 762 769 781 1 29 1 8 2 2 2 1 1 1 1 1 2 3 1678 4 3 2 1 1 1 1 1 2 2 3 174 7 5 3 2 1 1 1 1 1 13 1 2 1 -9999 -9999 -9999 -9999 -9999 -9999 -9999 -9999 -9999 -9999 -9999 -9999 -9999 -9999 -9999 -9999 -9999
-9999 -9999 -9999 -9999 -9999 -9999 -9999 -9999 -9999 -9999 -9999 -9999 -9999 -9999 5 15 1 5 1 8 4 1 9 272 284 288 293 5 5 5 5 5 4 6 5 5 4 5 9 794 827 829 11 3 3 3 1 1 1 2 3 4 5 1689 5 4 3 2 1 1 1 2 2 3 183 2 1 1 1 1 1 1 1 1 5 12 5 3 1 -9999 -9999 -9999 -9999 -9999 -9999 -9999 -9999 -9999 -9999 -9999 -9999 -9999 -9999 -9999 -9999 -9999
-9999 -9999 -9999 -9999 -9999 -9999 -9999 -9999 -9999 -9999 -9999 -9999 -9999 -9999 1 2 20 223 225 229 239 248 253 5 7 2 4 4 4 4 4 4 3 5 4 4 3 4 8 2 3 1 846 853 4 1 2 1 1 2 4 6 7 1699 2 1 2 1 1 1 2 2 195 189 1 1 1 1 1 2 6 4 1 2 1 1 1 -9999 1 -9999 -9999 -9999 -9999 -9999 -9999 -9999 -9999 -9999 -9999 -9999 -9999 -9999 -9999 -9999 -9999 -9999
-9999 -9999 -9999 -9999 -9999 -9999 -9999 -9999 -9999 -9999 -9999 -9999 -9999 -9999 1 1 1 196 1 2 1 4 4 4 6 1 3 3 3 3 3 3 2 4 3 3 2 3 7 1 2 4 3 864 5 3 2 1 1 1 1 2 4 1705 1 3 1 2 1 1 2 203 2 1 1 1 1 22 19 16 5 2 1 1 -9999 -9999 -9999 -9999 -9999 -9999 -9999 -9999 -9999 -9999 -9999 -9999 -9999 -9999 -9999 -9999 -9999 -9999 -9999 -9999 -9999 -9999
-9999 -9999 -9999 -9999 -9999 -9999 -9999 -9999 -9999 -9999 -9999 -9999 -9999 1 1 1 187 8 7 2 1 3 3 3 4 1 2 2 2 2 2 2 1 3 2 2 1 2 6 1 3 2 3 3 873 8 5 3 1 1 1 1 1 1713 6 2 4 1 1 3 211 1 1 1 1 2 25 1 1 1 2 2 1 -9999 -9999 -9999 -9999 -9999 -9999 -9999 -9999 -9999 -9999 -9999 -9999 -9999 -9999 -9999 -9999 -9999 -9999 -9999 -9999 -9999 -9999 -9999
-9999 -9999 -9999 -9999 -9999 -9999 -9999 -9999 -9999 -9999 -9999 -9999 -9999 1 2 178 5 2 2 2 1 2 2 2 2 1 1 1 1 1 1 1 1 1 1 1 1 3 2 2 1 2 2 1 883 3 2 1 1 1 2 1 1 1714 8 7 2 1 1 1 213 1 1 1 31 29 1 1 1 1 1 1 -9999 -9999 -9999 -9999 -9999 -9999 -9999 -9999 -9999 -9999 -9999 -9999 -9999 -9999 -9999 -9999 -9999 -9999 -9999 -9999 -9999 -9999 -9999 -9999
-9999 -9999 -9999 -9999 -9999 -9999 -9999 -9999 -9999 -9999 -9999 -9999 -9999 1 171 3 2 2 1 1 1 1 1 1 1 1 1 1 1 1 1 1 1 1 1 1 1 1 1 1 1 1 1 2 3 891 1 1 1 2 2 3 2 1734 4 3 2 1 1 2 217 2 1 35 33 1 9 7 5 3 1 -9999 -9999 -9999 -9999 -9999 -9999 -9999 -9999 -9999 -9999 -9999 -9999 -9999 -9999 -9999 -9999 -9999 -9999 -9999 -9999 -9999 -9999 -9999 -9999 -9999
-9999 -9999 -9999 -9999 -9999 -9999 -9999 -9999 -9999 -9999 -9999 -9999 -9999 140 28 1 1 1 1 1 1 1 1 1 2 1 2 3 1 1 2 2 2 3 5 2 1 1 1 1 1 1 1 2 3 897 2 1 1 2 3 9 1740 3 6 2 1 1 1 3 220 1 66 63 25 24 10 7 5 3 1 -9999 -9999 -9999 -9999 -9999 -9999 -9999 -9999 -9999 -9999 -9999 -9999 -9999 -9999 -9999 -9999 -9999 -9999 -9999 -9999 -9999 -9999 -9999 -9999 -9999
-9999 -9999 -9999 -9999 -9999 -9999 -9999 -9999 -9999 -9999 1 2 134 3 2 27 26 4 3 1 2 2 2 2 4 1 3 5 1 2 1 3 3 13 7 1 1 2 1 2 2 2 2 1 2 900 2 1 1 2 5 1756 1 1 1 3 2 1 1 1 301 76 8 1 2 1 3 2 1 1 1 -9999 -9999 -9999 -9999 -9999 -9999 -9999 -9999 -9999 -9999 -9999 -9999 -9999 -9999 -9999 -9999 -9999 -9999 -9999 -9999 -9999 -9999 -9999 -9999 -9999
-9999 -9999 -9999 -9999 -9999 -9999 -9999 -9999 -9999 1 2 3 131 2 2 1 3 18 2 1 1 4 5 3 5 2 4 6 2 3 1 2 23 16 2 1 2 1 4 7 11 14 3 3 4 942 4 1 1 2 1 1759 2 1 1 1 1 1 3 313 10 3 1 7 3 1 1 1 1 1 1 1 1 1 -9999 -9999 -9999 -9999 -9999 -9999 -9999 -9999 -9999 -9999 -9999 -9999 -9999 -9999 -9999 -9999 -9999 -9999 -9999 -9999 -9999 -9999
-9999 -9999 -9999 -9999 -9999 -9999 -9999 -9999 1 1 1 120 3 2 1 1 2 15 3 1 1 5 10 17 28 33 34 45 48 52 2 1 27 1 1 1 2 6 1 1 11 13 30 36 37 2 951 1 2 1 3 1762 1 1 2 2 329 327 323 2 1 5 2 1 2 2 1 1 1 1 3 1 3 2 1 1 1 -9999 -9999 -9999 -9999 -9999 -9999 -9999 -9999 -9999 -9999 -9999 -9999 -9999 -9999 -9999 -9999 -9999 -9999 -9999
-9999 -9999 -9999 -9999 -9999 -9999 -9999 1 2 2 2 113 5 2 1 1 4 3 4 1 2 1 1 2 2 2 3 4 1 2 55 1 29 2 1 1 1 1 9 10 1 1 1 2 1 1 1 955 959 960 2727 1 1 2 339 335 2 2 2 2 1 3 1 1 1 1 1 2 1 2 5 1 5 4 1 2 2 -9999 -9999 -9999 -9999 -9999 -9999 -9999 -9999 -9999 -9999 -9999 -9999 -9999 -9999 -9999 -9999 -9999 -9999 -9999
-9999 -9999 -9999 -9999 -9999 -9999 -9999 1 2 5 105 3 2 4 1 1 2 2 2 1 1 1 1 1 1 1 1 1 5 1 60 1 32 2 2 1 1 1 1 2 3 1 1 1 1 1 1 1 1 2 3080 349 346 345 1 1 1 1 1 1 1 1 1 1 1 2 2 3 2 1 8 1 2 11 1 3 3 -9999 -9999 -9999 -9999 -9999 -9999 -9999 -9999 -9999 -9999 -9999 -9999 -9999 -9999 -9999 -9999 -9999 -9999 -9999
-9999 -9999 -9999 -9999 -9999 -9999 1 2 3 92 3 2 2 1 3 1 1 1 1 1 1 2 1 1 1 2 4 6 7 1 63 1 1 37 2 2 1 1 1 1 1 5 1 1 2 2 2 1 1 2 3082 1 1 1 1 1 1 1 1 1 1 1 1 1 3 3 1 8 1 1 10 2 1 14 2 4 4 -9999 -9999 -9999 -9999 -9999 -9999 -9999 -9999 -9999 -9999 -9999 -9999 -9999 -9999 -9999 -9999 -9999 -9999 -9999
-9999 -9999 -9999 -9999 -9999 1 1 2 83 3 2 2 1 1 1 1 1 1 1 1 3 4 2 2 1 1 1 1 15 1 64 2 1 41 3 1 2 2 2 1 2 7 1 2 2 3 3 3 2 3085 1 1 1 1 2 2 2 2 2 2 1 2 2 1 5 4 2 10 1 2 13 1 1 16 8 1 5 -9999 -9999 -9999 -9999 -9999 -9999 -9999 -9999 -9999 -9999 -9999 -9999 -9999 -9999 -9999 -9999 -9999 -9999 -9999
-9999 -9999 -9999 1 1 1 2 1 79 1 2 1 1 1 1 2 1 2 3 1 1 5 12 3 2 1 2 2 1 17 1 68 1 45 1 2 3 3 3 2 1 10 1 2 3 3 7 426 427 3373 285 278 276 269 263 259 3 3 3 2 1 3 3 2 6 5 3 11 2 91 88 72 62 57 36 15 14 -9999 -9999 -9999 -9999 -9999 -9999 -9999 -9999 -9999 -9999 -9999 -9999 -9999 -9999 -9999 -9999 -9999 -9999 -9999
-9999 -9999 1 1 2 3 1 68 77 4 1 1 1 1 2 4 2 1 6 1 2 1 1 16 3 1 4 3 2 18 2 69 2 46 2 3 4 4 4 3 2 11 1 2 3 410 415 1 430 3375 1 5 5 4 1 2 249 243 238 223 2 4 174 165 162 153 144 134 120 24 2 8 3 4 3 9 8 -9999 -9999 -9999 -9999 -9999 -9999 -9999 -9999 -9999 -9999 -9999 -9999 -9999 -9999 -9999 -9999 -9999 -9999 -9999
1 1 1 2 2 5 62 2 2 2 2 1 1 2 2 7 3 1 2 7 2 3 2 2 20 124 131 137 143 168 175 247 251 316 322 334 341 349 358 364 370 383 390 394 400 3 1 1 2 3808 2 1 4 4 3 1 2 4 5 6 218 201 2 5 2 3 6 2 2 23 1 7 2 3 2 8 7 -9999 -9999 -9999 -9999 -9999 -9999 -9999 -9999 -9999 -9999 -9999 -9999 -9999 -9999 -9999 -9999 -9999 -9999 -9999
2 2 1 2 5 49 2 2 1 1 1 1 1 2 3 27 33 35 3 8 3 7 82 89 94 8 2 2 3 6 4 2 1 18 3 8 2 3 4 2 3 1 5 3 3 1 1 1 1 2 3816 3 2 3 3 2 1 3 4 5 12 24 1 4 1 2 5 1 1 21 1 6 1 2 1 7 5 1 -9999 -9999 -9999 -9999 -9999 -9999 -9999 -9999 -9999 -9999 -9999 -9999 -9999 -9999 -9999 -9999 -9999 -9999
26 31 36 38 40 2 1 1 1 1 1 1 4 9 14 2 1 7 45 50 62 69 3 4 4 7 1 1 2 5 3 1 1 16 2 7 1 2 3 1 2 2 2 2 2 2 5 6 7 8 3826 1 1 1 2 2 1 2 3 4 11 2 21 1 2 1 2 2 1 11 8 3 2 1 1 5 2 2 -9999 -9999 -9999 -9999 -9999 -9999 -9999 -9999 -9999 -9999 -9999 -9999 -9999 -9999 -9999 -9999 1 1
1 1 1 1 1 1 1 1 1 1 3 1 1 2 2 1 2 3 2 1 3 6 2 3 3 5 1 1 2 2 2 3 8 7 1 3 3 1 2 1 1 1 1 1 1 1 1 1 1 2 3834 5 3 2 1 1 1 1 2 3 10 1 2 18 1 1 1 1 2 8 2 5 2 1 2 2 1 1 -9999 -9999 -9999 -9999 -9999 -9999 -9999 -9999 -9999 -9999 -9999 -9999 -9999 1 1 1 1 3
1 1 1 1 1 1 2 2 2 5 1 1 1 1 1 1 1 1 1 2 3 2 1 2 2 2 2 1 1 1 2 2 2 3 3 2 2 1 1 2 1 1 1 1 1 1 1 1 2 3 3845 7 6 5 4 3 2 1 1 2 3 6 1 1 15 2 1 1 1 6 1 3 1 1 1 1 -9999 -9999 -9999 -9999 -9999 -9999 -9999 -9999 -9999 -9999 -9999 -9999 1 2 3 1 2 59 61 63
2 2 2 2 2 70 74 77 85 2 1 3 1 1 1 1 1 1 1 1 1 1 1 1 1 1 1 1 1 1 1 1 1 2 2 1 1 1 2 3 11 12 14 2 2 2 3 1 2 1 3857 11 9 7 5 4 3 2 1 1 2 2 3 1 5 6 2 1 2 2 1 1 1 -9999 -9999 -9999 -9999 -9999 -9999 -9999 -9999 -9999 -9999 -9999 -9999 -9999 -9999 1 1 1 1 4 52 2 1 1
3 3 3 57 62 3 1 2 90 95 5 2 1 2 2 2 2 3 1 1 2 1 2 1 1 1 1 1 3 2 1 1 1 1 1 1 1 2 3 4 1 1 1 15 3 3 3 4 2 3912 48 45 1 1 1 1 1 1 1 1 1 1 2 2 2 1 2 1 1 1 1 1 1 -9999 -9999 -9999 -9999 -9999 -9999 -9999 -9999 -9999 -9999 -9999 -9999 -9999 -9999 1 3 5 7 9 45 1 1 1
7 42 46 5 2 2 1 2 2 2 104 107 2 11 8 3 4 1 1 1 2 6 9 14 16 2 1 2 5 3 3 2 1 1 1 1 2 1 1 1 1 2 2 2 16 4 4001 3929 3924 5 3 2 44 35 34 30 24 21 5 3 2 1 1 1 1 1 1 1 1 1 3 2 2 1 -9999 -9999 -9999 -9999 -9999 -9999 -9999 -9999 -9999 -9999 -9999 -9999 -9999 1 1 1 1 32 2 1 1 2
25 3 3 4 1 1 1 1 1 1 1 109 14 1 1 5 2 4 2 1 1 1 1 1 2 23 26 29 32 39 47 3 2 2 2 2 1 4 2 2 2 2 3 6 3 4028 3 65 4 2 2 2 1 8 6 3 3 1 14 12 1 1 1 1 2 4 2 2 2 1 4 3 3 2 1 1 -9999 -9999 -9999 -9999 -9999 -9999 -9999 -9999 -9999 -9999 -9999 1 3 5 27 2 1 1 1 1
2 2 2 2 1 1 1 1 1 1 1 2 126 3 16 15 7 2 1 1 1 1 1 1 1 1 2 1 1 1 1 52 3 3 3 3 1 1 5 3 3 3 3 1 7 4037 1 2 64 3 1 1 1 1 3 2 2 2 1 2 8 4 1 1 2 3 11 14 3 2 1 5 9 1 3 1 1 -9999 -9999 -9999 -9999 -9999 -9999 -9999 -9999 -9999 -9999 1 1 17 2 1 1 1 2 15
1 1 1 1 1 1 2 3 2 2 1 1 127 23 3 2 1 1 1 2 1 2 3 2 1 1 1 1 1 2 3 4 60 64 4 5 1 1 2 6 4 7 4 2 1 4042 4 3 1 63 2 1 1 1 1 1 1 1 1 1 1 1 1 1 1 1 1 1 16 24 27 33 44 5 2 2 1 1 1 1 1 1 -9999 -9999 -9999 -9999 1 8 11 3 1 1 1 3 7 4
1 1 1 1 1 2 4 6 3 3 1 2 129 24 1 1 2 1 1 4 1 2 6 3 2 2 1 1 2 1 1 1 1 1 69 666 2 2 3 4 699 708 710 717 718 4050 6 2 2 1 61 59 5 3 2 1 1 1 1 1 1 1 1 1 3 2 1 1 1 1 1 1 1 60 7 4 2 1 1 3 3 1 1 -9999 -9999 1 2 6 1 1 1 1 1 1 2 2
2 2 1 2 2 2 1 11 4 4 2 3 130 25 3 3 2 1 1 6 2 1 3 13 5 1 2 2 3 1 2 2 2 3 591 2 673 675 680 681 3 1 1 1 4778 9 8 3 1 1 1 52 1 1 1 2 2 2 2 1 2 4 1 2 2 4 4 2 1 1 1 2 3 63 2 1 1 22 20 18 11 7 3 1 1 1 1 1 1 1 1 2 1 1 1 1
27 3 2 1 3 3 3 207 218 225 234 240 246 402 410 6 2 2 1 1 10 1 1 1 20 1 3 3 4 1 2 573 575 585 2 1 2 1 2 1 1 1 1 2 4783 3 2 7 2 1 1 2 47 44 39 6 3 3 3 1 1 1 5 2 7 1 5 8 2 1 1 1 2 107 38 35 31 7 1 1 2 1 1 1 1 3 1 1 1 1 2 5 1 3 1 1
11 44 47 2 1 181 187 191 6 6 4 3 2 4 5 426 429 3 2 2 12 1 1 2 22 2 539 546 554 558 561 5 1 3 4 1 1 1 1 2 3 1 2 4792 5 2 1 1 6 4 2 1 1 4 4 25 18 11 2 1 1 3 12 19 21 29 40 49 68 70 2 1 1 110 2 2 2 1 5 2 1 1 1 1 2 5 3 1 1 2 2 15 6 2 1 1
2 1 2 52 175 1 2 3 5 5 3 2 1 3 4 4 4 450 455 464 481 487 493 499 525 531 2 3 3 2 2 2 2 2 2 1 1 1 1 2 3 7 4804 1 1 2 1 1 1 1 1 1 1 2 3 6 1 2 5 1 1 3 7 1 1 2 2 2 14 1 75 79 193 2 1 1 1 1 1 1 1 1 2 4 6 17 2 1 1 2 5 23 7 3 2 1
