data/case_study_itwater/runner_hmc/geo/PoBasin/gridded/PoBasin.area.txt
ncols  1190
nrows   615
xllcorner   6.61250
yllcorner    44.01800
cellsize   0.0050020
NODATA_value -9999
[rows 336 to 377 of 615, columns 576 to 671 of 1190]
3 2 3 1 2 36 1 2 8 7 1 1 58 6 77 3 1 1 1 7 91 11 17 4 3 80 1 1 37 354 3 2 3 400 1 141 1 8 7 1 3 1 1 1 3668 2 1 23 2 1 7 1 2 12 167 206 83 81 76 1 3 2 4 1 3 2 105 47 14 3 1 2 3 1 6 7 10 11 10321 229 226 6 5 4 3 2 1 1 4 1 4 1 80 1 169 1
305 302 4 4 37 2 1 1 18 1 1 1 1 59 85 1 1 1 2 2 8 103 18 8 81 2 1 1 1 392 4 3 4 401 143 1 1 10 8 1 1 4 6 3681 3672 3 1 24 2 1 1 9 3 1 180 207 86 2 2 1 2 1 3 2 1 2 108 48 15 4 1 2 3 7 1 2 3 4 10565 10 9 5 4 3 2 1 1 1 7 2 5 2 1 82 171 1
2 3 292 285 282 3 3 19 2 2 1 1 2 61 87 1 2 1 3 8 1 112 1 108 1 3 2 2 1 2 397 4 5 545 2 1 2 11 10 1 1 2 5 3687 2 1 1 1 27 2 2 13 1 2 181 294 1 1 1 1 1 1 1 1 1 1 2 157 20 1 1 2 3 1 8 1 1 2 10570 2 1 3 2 1 1 1 1 2 1 11 6 3 1 84 173 1
1 1 2 2 3 238 232 229 206 3 3 3 1 149 1 3 1 1 1 1 10 113 2 109 2 4 3 3 1 2 400 5 6 548 1 2 3 1 23 1 1 2 4 3694 3 2 1 36 34 3 1 14 1 4 182 296 2 1 1 1 1 1 1 1 1 1 2 162 21 2 1 2 5 4 6 10 1 1 10574 3 2 1 3 2 2 2 1 1 3 1 18 4 1 86 174 2
1 1 1 1 1 2 2 3 2 198 195 189 150 1 2 5 2 1 1 2 12 114 3 110 3 5 4 4 2 3 401 6 7 550 1 6 1 2 25 1 1 3 1 2 3701 3 1 37 1 1 1 17 1 6 183 297 4 2 1 1 4 1 2 2 1 2 1 163 24 1 2 1 2 6 7 7 18 20 10582 6 5 4 1 3 3 2 1 2 1 4 20 5 2 87 175 5
1 1 1 1 1 1 1 1 1 2 2 34 29 26 22 18 9 2 4 9 24 141 147 260 266 275 283 291 299 305 709 718 726 552 7 2 1 3 27 1 1 1 1 3707 2 1 1 41 2 1 1 19 2 1 190 298 5 5 1 2 6 1 3 3 1 2 6 164 25 4 1 1 1 4 5 8 23 10626 1 1 7 6 4 4 3 2 4 1 1 2 5 26 3 88 181 1
1 1 3 2 1 1 1 1 1 1 1 3 2 2 1 3 2 2 2 2 2 2 2 2 2 3 3 3 5 2 2 2 1 1295 1307 2 4 28 1 2 1 2 2 3755 45 44 43 1 1 1 1 1 20 3 192 304 6 1 1 3 8 1 7 1 1 2 171 1 26 5 2 1 3 4 8 14 3 4 10633 10 2 1 5 4 3 7 2 1 1 2 3 6 118 182 1 2
1 2 6 1 1 3 1 3 1 1 1 1 1 1 1 1 1 1 1 1 1 1 1 1 1 2 2 2 4 1 1 1 15 2 5 1323 1 29 4 2 1 1 3 3757 1 1 1 1 2 2 1 2 22 4 1 497 8 1 1 5 9 2 9 1 1 3 178 2 27 6 3 1 1 3 1 2 1 2 10654 8 7 6 5 4 8 2 1 1 1 2 3 4 307 1 2 3
1 3 8 1 1 2 4 5 2 2 1 1 1 1 1 1 1 1 1 1 1 1 1 1 1 1 1 1 2 2 3 14 1 4 4 4 1332 1363 1369 1372 3796 3794 3792 29 2 1 3 3 3 1 1 2 25 5 2 498 9 2 2 1 15 15 12 2 1 1 1 180 210 1 10 2 1 1 1 2 1 2 10665 8 7 6 5 9 3 1 2 1 2 3 1 4 312 2 3 6
1 4 10 1 2 3 10 1 1 5 2 1 3 2 2 2 2 2 2 2 2 3 2 1 1 1 1 1 1 4 7 10 3 3 1 2 3 1 1 1 5171 1 2 2 24 21 17 10 4 2 4 26 1 8 1 499 10 3 3 2 16 16 1 1 2 1 1 1 1 211 12 3 1 1 3 4 3 4 10666 1 1 6 10 4 2 3 1 2 3 4 2 1 317 6 1 7
1 5 12 3 4 1 11 1 3 6 3 2 4 3 3 1 5 3 3 3 3 6 2 2 1 2 2 1 1 2 2 2 2 2 1 1 1 1 2 5176 1 1 1 1 2 2 3 2 2 7 14 41 512 502 500 1 1 14 1 22 1 17 4 2 3 2 1 2 4 217 16 1 1 3 5 6 11 12 10684 9 7 11 5 3 4 2 1 3 4 7 2 1 1 324 2 1
2 18 4 5 2 1 12 1 2 10 4 3 8 1 4 1 2 11 4 4 4 18 5 2 1 3 4 1 1 1 1 1 1 1 1 2 1 1 2 5179 1 1 1 1 1 1 1 1 1 2 2 1 559 4 2 2 1 1 16 24 1 22 1 1 4 3 2 1 1 218 17 2 1 1 1 2 8 11 10707 13 12 6 1 4 5 5 1 4 5 10 2 2 1 1 328 331
21 5 6 3 2 1 13 2 3 1 15 1 13 1 5 2 1 1 12 5 5 19 4 3 1 8 1 2 2 1 1 1 1 1 1 8 10 11 12 5193 5 3 1 1 1 1 1 1 1 1 1 2 561 1 1 4 1 1 2 41 24 2 2 1 5 1 7 9 11 231 1 18 21 2 3 5 2 2 1 10731 9 2 1 5 11 2 1 5 16 3 1 4 1 1 1 1
6 7 4 3 2 1 14 3 4 2 16 2 15 6 1 4 1 1 2 13 6 25 15 10 9 1 2 5 1 2 1 3 5 1 3 4 1 2 3 4 5201 2 1 3 2 1 1 2 2 1 2 574 8 7 5 3 1 2 72 69 3 1 3 1 7 1 1 1 1 233 235 1 2 24 1 1 1 1 287 11019 1 2 1 6 14 1 1 6 20 2 5 2 2 1 1 1
19 5 1 4 3 2 18 1 5 3 17 3 22 2 1 5 2 2 1 16 1 32 16 1 1 2 3 6 4 1 1 2 7 1 1 2 1 1 4 5212 2 1 1 6 1 2 2 3 1 3 4 581 2 1 1 5 1 1 76 1 1 2 16 1 9 2 2 1 1 2 5 241 243 245 270 271 277 285 3 10 11042 11045 2 7 16 1 8 1 21 8 3 3 2 2 1 1
3 2 1 8 1 3 20 1 6 4 18 4 23 3 2 8 1 3 2 17 2 33 18 2 1 3 10 1 6 1 2 3 8 1 1 1 3 2 2 2 5219 2 7 2 1 3 6 1 1 2 4 586 2 1 1 7 1 1 1 78 2 19 1 11 1 1 5 2 1 1 1 1 1 1 3 5 7 2 3 3 11 19 11071 11079 11105 9 1 23 9 4 4 3 3 2 1 2
1 2 9 1 2 24 1 2 11 1 19 5 24 4 3 9 2 1 6 18 3 34 19 4 4 1 11 8 1 2 3 4 9 2 2 1 5 1 1 2 1 5223 13 3 1 4 7 4 1 1 1 2 603 12 10 2 1 1 4 79 3 21 1 1 1 1 7 4 1 1 1 1 1 1 1 6 1 2 2 10 9 9 4 8 4 11121 11123 24 19 5 4 4 3 1 2 3
25826 25839 2 3 1 25 2 3 12 2 20 6 25 5 4 10 3 2 7 19 4 54 1 9 3 1 20 2 3 4 1 5 10 3 3 1 7 1 1 1 2 5226 15 1 1 5 8 5 1 1 1 2 610 4 3 2 1 1 2 87 1 22 2 2 2 1 2 15 2 1 2 2 1 3 4 1 1 1 9 8 8 3 6 1 3 2 5 11153 11173 5 5 4 1 2 3 11
1 4 25851 25855 2 28 4 1 13 23 7 1 26 6 5 11 4 3 8 20 59 2 1 13 1 1 21 3 4 6 1 6 11 7 1 1 10 12 1 1 3 5 5249 2 6 1 9 7 2 1 1 2 614 1 1 2 1 1 2 90 1 24 3 3 3 2 3 16 1 1 4 3 1 3 4 6 7 8 7 4 3 2 5 2 1 4 4 22 11208 11215 11221 5 4 4 1 15
1 2 5 4 25862 25899 2 1 14 24 9 27 7 1 1 6 16 4 9 1 80 3 2 14 3 22 1 4 11 2 7 1 12 9 1 1 1 1 14 1 1 2 2 5260 2 10 1 8 5 1 1 1 619 3 1 3 1 1 2 93 2 28 1 7 1 6 1 17 2 12 10 5 1 1 1 1 2 6 1 2 2 1 4 1 3 3 3 14 12 1 4 11236 11245 11250 11252 17
1 1 3 3 4 4 25947 25952 25975 26000 26045 8 2 1 1 2 23 1 5 11 81 6 1 15 26 2 1 16 3 8 1 2 13 10 2 2 2 2 1 15 1 1 1 2 5278 3 1 14 1 1 1 3 629 9 1 5 1 1 1 4 96 29 9 1 2 7 1 19 3 13 1 1 1 1 1 2 1 1 1 1 1 2 1 2 2 2 9 4 11 2 1 5 4 13 11283 4
1 2 2 3 1 2 41 3 8 1 26047 3 1 2 4 1 24 2 1 26238 26320 8 1 16 32 3 1 20 9 2 3 1 14 11 3 3 3 3 2 16 1 1 1 1 5281 2 1 1 17 1 2 635 2 1 7 1 3 1 1 5 126 1 10 2 10 1 1 21 19 2 1 2 2 2 1 2 3 1 1 1 1 1 1 1 1 3 5 3 10 1 4 2 1 12 4 11293
2 1 1 1 1 22 18 2 7 4 26056 26104 26107 26111 26124 26128 26210 26215 26217 26220 2 26333 26335 1 26401 1 21 10 3 1 4 16 1 12 4 4 7 1 19 1 2 1 3 5292 5286 3 1 2 3 22 24 668 2 1 1 1 5 1 1 7 128 1 13 1 1 12 1 42 1 2 1 7 1 1 4 1 4 6 1 4 1 1 1 1 2 4 2 4 5 2 1 1 11 3 1 2
6 14 16 17 21 17 1 6 3 1 3 44 1 1 8 2 57 2 1 2 1 2 3 26351 7 26410 26433 16 2 1 5 17 2 13 5 5 9 1 21 1 3 1 2 5296 1 1 1 1 1 2 6 1 675 3 1 1 7 3 1 1 136 15 1 3 1 1 13 46 1 14 10 1 1 1 2 7 8 20 5 2 1 1 3 2 3 1 3 2 2 1 8 10 1 1 1 27
2 3 1 3 15 1 2 3 2 1 1 31 12 2 5 1 2 54 1 1 1 2 2 12 6 1 2 26452 1 7 18 1 3 14 6 6 10 2 22 2 4 1 1 5299 2 1 1 1 1 1 2 2 680 2 1 2 11 2 2 1 152 1 2 5 1 1 2 75 15 1 1 1 1 1 1 2 1 1 29 1 1 1 2 4 1 2 1 1 5 7 1 1 19 22 26 1
1 1 2 10 4 1 2 1 1 2 29 1 11 1 4 1 21 24 8 1 1 1 4 5 5 1 1 26484 26486 26514 2 1 4 21 1 7 13 23 1 1 8 2 5312 11 6 2 2 1 1 1 1 2 683 4 3 1 14 3 1 156 2 1 9 1 1 3 78 1 1 3 1 1 2 1 2 1 4 2 1 33 1 1 1 7 1 2 3 4 1 6 16 17 2 3 6 22
1 1 7 2 3 1 2 4 5 6 26 7 3 1 2 10 20 23 5 1 1 3 2 2 4 1 28 2 1 26516 2 1 5 31 8 14 24 1 1 2 3 5325 1 3 1 3 2 2 1 1 1 1 2 692 2 20 19 1 158 1 2 10 1 1 1 83 1 2 1 6 2 2 3 1 2 3 1 45 36 1 1 2 2 9 1 1 1 3 5 3 6 1 2 5 3 12
5 6 1 1 1 1 1 2 3 7 12 6 2 1 9 1 8 18 4 4 1 1 1 3 2 7 19 1 2 4 26523 1 54 47 15 25 2 1 1 2 5330 1 1 1 1 3 3 2 2 1 1 1 2 716 21 1 1 1 160 4 3 12 3 1 1 87 3 1 1 2 9 8 1 1 2 3 4 51 1 1 1 2 14 1 1 2 1 1 2 2 3 1 4 2 3 8
1 1 1 1 1 1 1 1 3 2 9 5 1 7 1 7 2 15 3 2 1 1 2 1 4 9 9 1 1 3 26564 26567 26623 1 1 31 3 1 1 5336 5332 1 1 1 1 7 3 5 2 3 1 1 2 719 2 2 2 1 165 1 1 16 1 1 1 88 5 1 1 1 10 9 2 1 2 3 4 53 1 1 2 1 18 1 1 4 1 1 1 1 1 3 1 2 6 1
4 1 1 2 3 2 1 1 1 2 6 4 3 3 1 5 1 6 8 2 1 1 2 3 8 1 7 1 2 11 26 2 1 26626 1 26671 1 1 1 5339 1 1 2 2 2 18 7 1 4 1 1 1 3 5 731 3 2 166 2 1 1 2 19 2 1 89 7 1 1 3 11 12 1 1 4 1 4 58 1 1 4 22 20 1 1 6 2 1 1 1 1 1 1 2 3 1
7 1 1 2 3 6 2 1 1 3 2 3 2 2 1 3 2 3 3 4 1 1 3 7 1 6 1 8 10 18 7 1 3 8 26637 1 26676 1 26731 32072 1 1 4 1 33 8 7 5 1 3 1 1 1 2 3 738 169 3 1 2 2 22 3 1 2 97 2 1 1 2 17 14 1 1 3 9 1 65 2 1 27 1 1 2 2 7 3 2 1 3 1 1 1 1 1 1
9 1 2 3 1 10 3 1 2 1 1 1 1 1 1 1 1 2 2 2 1 1 1 2 2 2 6 1 3 14 6 2 1 3 2 2 23 26728 2 32079 32081 32083 32089 36 1 2 1 1 2 5 1 1 1 1 1 2 914 920 924 929 932 26 2 1 3 102 2 2 1 1 18 15 2 1 1 1 12 13 82 28 1 2 2 1 12 1 1 7 1 4 2 3 1 1 2 3
14 1 1 6 2 1 14 3 1 1 1 1 1 1 1 1 1 1 1 1 2 1 1 1 1 2 3 2 9 4 5 1 1 1 1 1 22 28 1 4 1 5 8 32137 1 1 1 3 6 2 3 1 1 1 1 1 3 2 2 2 1 963 2 4 103 1 3 2 1 1 20 1 16 20 2 1 1 2 3 115 1 5 1 1 14 2 2 8 2 5 3 4 1 1 1 4
16 18 2 7 3 1 20 1 1 1 2 4 1 2 1 3 1 1 1 1 1 4 1 1 1 1 1 1 8 3 3 1 5 9 12 18 3 27 2 1 4 2 3 2 32141 2 15 10 3 4 1 2 1 2 1 1 1 1 1 1 1 2 971 976 1083 4 3 2 1 1 22 2 1 23 1 1 1 1 3 120 122 130 132 2 152 156 160 169 3 9 1 5 2 2 3 10
2 1 19 32 1 1 22 3 1 1 2 7 2 3 1 5 2 2 1 2 5 1 6 1 2 1 1 1 6 2 2 4 3 2 5 2 24 2 1 3 1 1 1 1 1 32162 3 2 1 6 1 3 2 4 1 1 1 1 1 1 1 1 2 2 2 1091 10 4 2 1 23 3 2 24 2 2 2 1 1 1 1 1 1 134 135 1 1 1 171 185 2 8 2 1 1 11
3 1 2 34 1 1 1 27 1 1 5 8 3 4 1 2 8 4 1 1 1 8 7 1 4 1 2 5 1 1 3 2 1 4 1 1 22 1 2 1 2 3 4 5 52 32216 1 1 1 8 1 4 3 9 3 1 3 2 2 1 1 1 1 1 1 1 1105 3 2 1 24 4 3 27 1 5 1 1 2 1 1 1 1 1 1 1 1 1 1 1 189 12 1 1 1 13
8 1 3 1 37 1 2 33 2 1 1 15 1 8 1 2 13 5 8 1 1 1 17 2 1 6 8 1 1 2 1 1 3 1 2 3 21 1 10 14 16 17 25 46 13 32231 32237 32247 32249 10 5 1 4 10 1 1 6 3 2 2 1 1 1 1 1 1112 4 3 1 2 25 5 31 1 8 6 3 1 3 2 2 2 2 4 2 2 5 1 1 1 191 15 2 1 1 15
9 1 4 1 1 38 2 34 1 2 1 1 16 10 2 1 14 1 9 3 1 1 18 3 1 1 9 2 1 1 1 1 2 4 6 15 2 9 3 1 2 7 9 11 12 1 4 8 1 32266 1 2 32310 14 2 1 10 1 5 2 1 1 3 2 2 1118 3 1 1 3 26 37 2 9 1 1 5 1 4 1 7 1 1 1 7 1 1 7 1 2 1 208 1 1 2 17
3 1 1 5 3 1 39 37 39 3 2 2 1 17 30 32 48 2 13 1 2 1 24 1 2 2 1 13 1 1 3 1 1 1 4 4 1 8 2 1 4 8 10 6 5 2 1 7 1 32268 32301 32303 1 32327 2 1 11 2 11 3 1 1 1 4 3 1121 2 1 1 1 67 1 3 14 3 1 6 2 5 2 8 2 2 9 1 2 1 9 1 3 217 2 1 2 1 20
4 1 1 3 9 14 40 1 1 43 1 5 2 1 1 1 1 52 15 1 1 3 1 27 30 4 1 14 2 7 2 1 1 3 2 1 2 5 1 3 3 4 9 5 4 1 6 3 13 23 8 1 1 3 32333 2 28 14 2 1 1 1 2 2 1135 4 2 1 1 3 68 1 20 1 1 1 9 1 1 17 3 1 1 12 1 4 2 1 10 11 229 1 1 3 1 2
6 1 1 1 1 1 56 2 2 1 44 2 10 13 1 1 1 1 71 74 79 1 1 1 35 1 1 1 26 1 1 2 1 1 1 1 1 3 2 2 3 8 4 1 2 5 2 4 5 9 6 1 1 1 1 32368 3 2 1 1 1 2 2 1144 2 2 1 1 2 1 72 1 1 23 1 11 2 1 1 21 3 1 1 15 2 8 1 2 1 2 233 2 1 1 4 2
8 2 1 2 2 1 1 60 3 1 47 1 1 1 16 1 2 1 2 1 2 84 86 2 1 38 1 1 28 1 2 3 1 1 1 1 2 1 1 2 2 5 3 1 4 1 3 4 7 1 4 1 1 1 1 32371 2 1 1 2 1 2 1151 2 2 1 1 1 3 2 73 2 2 24 2 12 34 31 1 26 1 1 1 2 28 1 1 1 3 1 237 2 1 1 7 1
