data/case_study_destine/merger_hmc_by_domain/geo/AdigeDomain.dem.txt
ncols  423
nrows   426
xllcorner   10.37400
yllcorner    44.96738
cellsize   0.0050020
NODATA_value -9999
[rows 279 to 309 of 426, columns 345 to 413 of 423]
301.0 300.9 300.4 300.0 300.5 299.7 298.7 297.0 295.9 295.1 295.1 293.8 292.2 290.8 289.9 290.0 288.5 285.7 285.3 280.5 278.3 282.4 281.1 278.0 276.9 277.6 276.4 275.1 275.8 276.8 279.3 277.3 276.8 275.4 273.9 275.0 274.3 274.7 274.1 273.8 273.0 272.3 273.2 274.8 273.9 271.8 271.1 272.0 271.2 269.7 269.5 269.0 270.1 269.2 269.8 268.5 268.4 -9999.0 -9999.0 -9999.0 -9999.0 -9999.0 -9999.0 -9999.0 -9999.0 -9999.0 -9999.0 -9999.0 -9999.0
297.1 297.4 296.9 297.2 297.5 296.4 294.9 295.2 294.2 294.1 293.1 292.2 290.7 285.4 284.2 287.7 286.3 283.5 283.0 282.2 280.7 276.8 280.3 278.5 276.4 274.7 274.1 274.4 274.6 275.0 276.8 274.0 274.0 273.6 272.8 274.8 274.3 273.4 273.2 272.8 272.7 271.2 270.5 272.4 272.9 272.4 270.4 271.3 270.6 269.8 269.1 269.0 268.5 268.9 269.9 269.3 268.3 266.8 265.8 -9999.0 -9999.0 -9999.0 -9999.0 -9999.0 -9999.0 -9999.0 -9999.0 -9999.0 -9999.0
295.5 295.0 295.4 294.8 295.5 294.6 293.2 292.3 291.8 289.9 289.7 289.8 287.9 283.3 277.2 280.8 284.0 280.6 280.7 279.5 278.8 277.7 276.0 275.5 276.2 274.9 274.4 274.3 273.5 275.3 274.7 273.2 272.5 272.3 271.2 271.8 273.0 272.6 272.2 272.4 272.4 271.4 270.0 270.8 270.9 270.4 270.4 270.7 270.4 270.5 270.3 269.0 269.1 269.2 267.5 266.9 266.1 266.0 265.8 266.1 -9999.0 -9999.0 -9999.0 -9999.0 -9999.0 -9999.0 -9999.0 -9999.0 -9999.0
293.7 293.1 292.5 292.5 292.0 292.8 291.0 289.4 289.3 289.2 288.9 287.3 287.7 284.9 276.2 277.1 278.5 280.7 279.0 277.6 276.6 276.1 277.0 274.0 272.9 273.4 273.9 274.2 274.0 274.3 273.7 272.8 272.4 269.9 270.7 271.4 270.5 269.4 269.0 270.7 271.2 270.2 269.8 270.4 270.9 271.4 270.5 269.1 267.6 268.6 268.3 268.3 267.6 267.9 267.6 266.5 266.1 265.1 264.7 264.8 265.0 -9999.0 -9999.0 -9999.0 -9999.0 -9999.0 -9999.0 -9999.0 -9999.0
289.9 289.3 288.1 285.9 284.4 287.6 283.6 285.0 286.2 285.9 285.6 285.1 284.9 283.2 282.7 281.3 277.8 278.8 276.7 276.0 274.5 274.6 274.5 271.9 273.8 274.7 276.1 275.9 273.9 274.2 273.1 271.6 270.5 269.4 268.7 268.4 269.6 268.6 269.0 269.5 269.4 268.8 268.2 269.4 269.6 269.8 269.5 268.2 267.9 266.8 267.9 267.8 267.8 267.4 267.2 266.6 266.5 265.6 264.6 264.3 263.9 263.6 263.8 -9999.0 -9999.0 -9999.0 -9999.0 -9999.0 -9999.0
286.6 286.6 284.9 284.8 280.1 280.1 282.7 281.9 282.0 282.6 282.0 281.2 280.4 278.7 278.8 277.1 275.0 276.1 274.9 273.8 273.0 272.6 272.7 272.4 274.0 275.8 276.0 275.8 276.6 272.5 271.2 271.0 269.6 268.8 268.3 267.9 268.9 270.7 269.0 269.3 269.7 267.8 266.8 267.6 267.4 267.5 267.2 267.9 267.8 267.2 267.8 266.9 267.4 266.6 265.8 265.9 266.2 264.4 264.2 263.2 263.2 263.8 263.3 263.9 -9999.0 -9999.0 -9999.0 -9999.0 -9999.0
283.4 284.1 282.9 282.5 282.2 280.2 281.4 280.3 281.0 279.8 278.9 278.8 277.5 276.2 276.3 276.0 274.1 274.2 273.2 273.4 273.1 272.5 273.9 271.8 271.9 271.9 272.7 272.9 274.0 272.6 271.2 269.7 268.4 266.9 266.8 267.1 268.2 269.1 267.4 267.8 267.6 267.8 265.9 266.2 266.0 267.2 266.6 267.3 266.1 265.1 265.0 263.5 264.7 266.4 266.0 265.4 264.8 264.7 263.0 262.6 262.9 262.3 262.6 263.5 -9999.0 -9999.0 -9999.0 -9999.0 -9999.0
281.5 281.6 280.3 280.9 279.7 278.9 279.0 278.8 278.4 276.9 275.8 275.7 274.4 273.5 272.4 273.6 273.0 274.4 273.6 273.1 272.2 272.1 271.1 272.1 271.8 270.8 272.6 273.1 272.9 271.8 271.5 269.5 269.3 266.8 260.0 260.8 261.7 263.5 263.7 263.7 265.7 266.9 267.4 265.6 266.0 266.5 265.8 265.6 266.5 267.0 264.9 265.6 265.8 264.4 264.3 263.7 264.5 264.4 264.1 263.7 261.6 258.9 259.6 261.5 263.9 -9999.0 -9999.0 -9999.0 -9999.0
279.7 279.0 278.4 278.2 277.6 277.6 276.7 276.7 274.9 272.1 270.6 269.3 269.9 269.4 269.6 269.9 269.9 270.5 268.0 268.3 265.1 267.6 267.9 268.4 269.5 269.5 271.1 271.7 271.6 270.8 269.5 269.8 268.3 262.5 257.1 254.8 252.2 252.1 254.1 256.7 260.4 265.1 266.5 265.1 266.9 266.7 266.2 265.4 265.7 267.7 265.4 266.8 266.0 265.4 264.7 263.4 263.5 264.0 263.1 261.8 259.3 255.9 256.4 258.8 261.0 262.9 263.0 262.7 -9999.0
277.8 278.9 278.8 277.9 277.5 276.9 277.6 276.7 273.2 268.8 265.5 264.6 263.9 263.9 263.7 263.3 264.4 263.7 266.4 266.9 262.5 263.2 263.4 265.2 263.9 264.6 265.5 267.2 268.1 266.3 264.9 264.9 264.7 259.4 255.0 242.9 237.0 240.1 241.9 238.9 255.7 258.6 261.3 261.8 263.6 265.1 266.4 265.5 265.4 265.5 266.9 267.0 267.5 265.0 264.5 263.6 263.6 263.2 263.2 260.1 255.8 250.7 250.3 254.7 256.9 258.8 260.0 260.8 -9999.0
273.9 274.3 274.8 276.2 277.4 276.4 276.6 275.0 271.6 267.4 254.1 250.5 251.7 250.9 249.0 249.1 254.8 261.0 262.8 262.7 258.8 255.1 258.0 258.8 258.6 259.0 260.3 262.4 262.8 262.7 261.7 260.8 260.3 258.5 250.3 248.1 254.2 256.8 254.8 242.5 234.1 250.7 256.6 257.3 260.5 261.8 263.8 264.9 265.1 265.5 265.3 265.4 265.6 265.3 264.0 263.7 264.8 263.9 263.9 259.8 255.8 251.5 241.6 249.3 253.1 255.1 259.0 260.4 -9999.0
268.8 269.0 270.6 273.1 274.2 274.9 276.1 275.3 273.1 269.3 265.4 266.0 264.6 264.2 263.1 261.3 256.5 249.3 248.0 248.3 249.5 254.8 253.2 250.5 250.6 246.0 247.8 251.6 251.0 251.4 256.4 258.2 256.1 247.7 248.6 257.9 259.2 261.7 259.6 252.4 242.6 236.9 238.8 249.7 256.1 257.8 259.8 261.9 264.0 263.7 264.3 265.0 264.4 265.2 265.1 263.9 264.6 264.7 263.3 261.3 258.4 255.3 251.5 240.9 250.6 253.2 257.0 260.4 262.4
260.0 263.0 267.6 269.2 270.3 271.9 273.4 274.7 275.4 271.5 269.3 269.7 268.8 268.7 267.0 265.9 263.7 262.0 260.2 261.0 261.8 262.7 262.2 260.6 260.9 258.8 259.0 260.3 258.6 255.9 252.3 250.6 249.6 253.2 258.8 260.6 262.2 264.4 262.2 257.7 256.8 254.6 250.7 240.7 238.1 251.4 257.2 259.2 262.3 262.7 263.8 264.6 264.4 264.8 266.3 264.5 263.3 263.2 263.2 262.6 260.6 257.9 253.5 247.6 245.1 252.2 256.4 259.8 261.8
266.7 263.3 256.6 260.2 265.5 267.8 269.0 270.3 272.3 273.1 272.9 272.8 273.0 271.8 271.3 269.4 267.6 266.2 265.6 265.1 265.9 266.0 266.5 266.3 266.1 264.6 264.7 266.5 263.4 261.3 260.0 259.7 259.8 260.5 262.3 264.1 265.5 266.0 265.3 262.7 259.8 257.8 256.6 254.8 247.6 241.4 255.9 258.1 260.2 262.5 263.8 263.9 263.0 264.2 266.3 264.3 263.4 262.6 262.6 262.6 261.8 258.4 254.9 250.8 240.7 252.2 255.3 258.4 261.1
270.2 268.3 266.6 262.7 255.4 260.3 265.7 267.2 267.6 269.9 270.7 271.8 272.2 272.2 271.5 271.8 270.7 269.7 269.0 269.0 269.3 269.7 269.3 269.0 268.1 267.3 267.8 267.1 265.9 264.5 264.1 264.3 263.7 263.4 264.0 266.0 266.6 266.1 265.8 265.3 265.2 263.1 260.7 258.2 253.7 239.2 248.6 252.9 256.3 259.2 261.4 263.0 263.9 263.9 264.8 263.7 263.1 262.8 262.3 261.8 261.5 260.3 256.3 252.1 244.0 244.8 252.0 255.9 260.0
274.1 272.0 269.5 267.6 265.1 259.8 254.4 259.2 263.5 265.4 266.7 268.6 270.3 270.4 271.2 271.5 271.2 270.3 270.0 270.6 269.7 268.9 269.5 269.3 268.5 268.5 268.9 269.3 268.0 266.2 266.2 266.5 267.1 266.5 264.9 265.3 265.2 264.0 264.6 264.4 264.5 263.8 260.4 257.9 257.8 252.4 238.6 247.6 253.5 258.1 261.2 263.6 264.2 263.4 263.9 264.7 262.9 262.2 261.9 261.6 261.1 260.5 257.8 254.3 250.7 241.0 248.5 252.8 256.2
275.7 275.1 272.6 269.9 267.4 265.2 264.1 258.4 252.4 257.7 262.0 264.0 265.9 267.7 267.9 269.8 270.4 269.7 270.7 270.0 269.0 268.8 268.6 269.0 269.3 268.5 269.0 267.4 266.6 266.1 266.0 265.6 267.7 265.2 264.4 264.4 264.0 263.3 264.0 264.7 264.3 263.9 260.0 257.9 258.8 256.7 252.6 237.4 250.1 256.7 260.3 262.6 263.4 263.5 263.5 262.7 262.2 261.6 262.0 261.7 261.5 260.1 259.3 256.1 252.4 248.3 240.1 250.6 254.9
274.7 274.7 274.2 273.8 271.5 268.7 265.3 263.6 262.0 257.0 251.6 257.9 262.7 263.4 264.3 266.8 268.3 269.9 269.4 270.1 268.8 268.4 268.4 267.5 267.4 268.8 269.5 268.6 267.1 266.7 266.2 265.7 264.9 264.4 264.3 264.5 263.6 263.6 264.5 263.1 263.4 263.5 263.0 263.7 262.3 257.8 253.9 243.9 249.3 255.2 258.2 259.8 261.8 261.6 262.4 262.2 261.6 261.4 260.9 260.8 260.6 260.3 259.8 258.1 254.4 250.9 239.9 248.4 253.3
274.0 274.0 273.7 273.6 272.3 270.8 268.8 266.9 264.9 262.3 260.7 256.6 251.8 253.7 260.3 264.4 265.6 267.7 268.5 268.5 268.4 268.4 267.6 267.3 266.6 267.0 268.0 268.3 267.0 266.1 265.9 265.5 264.7 264.1 264.2 263.6 263.6 263.3 263.3 262.3 262.4 262.3 263.0 263.4 262.8 258.1 252.8 239.2 249.1 252.6 253.3 255.0 257.9 259.6 260.7 262.0 261.2 260.9 260.5 260.4 259.6 259.8 260.1 259.4 255.8 251.5 244.3 248.0 252.4
271.9 273.2 273.0 272.0 271.5 271.8 270.5 269.9 267.5 265.8 264.2 261.9 260.3 256.1 249.9 259.8 262.1 264.7 264.6 266.3 265.5 264.9 266.5 266.5 266.6 266.8 265.7 265.8 265.3 265.1 264.4 263.5 263.6 263.5 263.7 263.4 263.0 262.4 262.5 263.0 262.0 262.4 262.8 262.4 262.3 257.4 254.0 243.3 240.3 248.4 248.3 250.8 253.5 255.9 258.9 259.2 260.0 260.4 260.0 259.6 260.0 259.4 259.1 259.5 255.5 251.3 244.0 247.4 252.4
267.5 269.7 270.3 270.7 270.7 270.9 271.0 270.4 269.7 268.4 267.1 265.1 263.6 260.7 255.4 250.2 259.3 260.6 261.5 261.2 260.8 260.3 261.2 263.5 265.0 266.0 267.0 264.9 264.8 263.8 263.7 263.9 263.9 263.3 263.4 263.7 263.6 262.7 263.9 263.6 262.6 262.0 261.6 261.7 262.2 259.4 255.6 252.0 247.7 242.6 239.3 240.1 250.1 253.0 254.9 255.9 257.5 258.8 259.6 259.7 259.3 259.4 258.8 258.3 254.9 250.9 242.7 246.2 251.3
263.4 264.7 265.7 266.9 268.1 269.5 269.9 270.3 269.6 269.2 268.4 267.5 265.6 262.6 260.2 257.7 247.4 251.3 255.3 255.7 254.9 255.4 258.0 259.8 261.3 264.5 264.6 264.1 264.6 264.0 263.5 263.4 264.2 263.4 262.8 262.5 263.3 262.6 262.6 262.3 260.9 260.0 260.5 260.4 260.5 260.5 257.5 254.5 253.4 253.3 252.3 245.0 236.5 247.6 250.5 251.7 253.3 255.7 257.3 259.4 258.8 258.8 258.5 258.2 255.0 250.1 244.9 241.8 249.0
257.5 261.1 260.7 262.4 263.7 264.5 266.3 268.0 268.7 268.5 269.0 268.2 268.2 265.5 263.6 260.2 257.1 253.7 250.3 250.7 250.0 247.3 246.4 253.5 257.0 259.6 260.6 260.9 261.9 262.2 262.1 263.4 264.7 263.7 262.9 262.2 262.2 261.4 259.1 257.8 255.9 254.7 254.9 255.5 257.5 259.5 259.5 257.9 256.8 257.5 254.7 252.6 249.4 243.4 236.3 244.7 250.4 251.2 253.7 254.5 256.9 257.7 258.1 257.3 255.7 251.4 248.8 238.5 243.0
256.8 252.0 250.3 254.0 258.1 260.4 262.9 263.7 265.1 266.9 267.6 268.1 268.1 267.3 265.6 263.2 261.4 260.1 259.1 258.3 258.0 256.4 252.6 244.4 248.1 255.3 258.3 257.3 257.9 258.5 258.2 259.4 263.3 262.4 261.1 261.2 260.4 258.3 256.3 253.5 251.3 248.7 248.0 249.9 252.6 254.8 256.3 257.0 257.3 257.5 255.5 255.3 254.8 252.7 249.7 240.8 236.3 243.9 249.3 251.5 253.1 253.7 253.4 253.7 254.1 253.2 250.5 246.7 237.8
265.0 263.5 260.4 256.6 248.8 251.2 257.7 260.0 261.8 263.3 264.7 266.0 267.1 267.5 267.3 265.4 264.1 263.3 263.2 262.5 262.1 260.5 257.1 254.0 248.6 244.0 248.0 252.1 252.5 252.7 253.9 254.8 256.9 257.1 257.0 256.5 256.0 254.6 252.2 250.6 242.7 241.0 243.0 238.5 245.7 250.5 252.5 254.0 253.5 253.6 252.3 253.9 255.1 254.5 253.0 250.2 247.3 236.6 239.1 246.8 249.7 250.3 249.8 249.6 250.2 251.2 251.3 250.2 246.4
266.3 266.4 264.2 262.7 260.2 254.7 248.2 248.3 255.9 258.0 260.6 262.2 263.8 265.5 266.8 268.2 267.9 266.5 267.0 265.5 265.1 264.3 260.8 258.5 257.4 255.1 253.3 249.0 245.9 243.4 243.7 249.2 252.2 253.2 253.1 252.4 252.2 250.7 247.3 240.8 246.6 250.7 251.0 249.2 241.9 240.7 247.6 247.2 246.8 246.4 247.0 249.0 250.2 252.6 254.5 253.1 252.0 249.7 246.9 239.3 235.9 239.1 238.6 240.5 245.3 247.1 248.2 247.8 248.0
268.6 269.1 267.8 264.5 262.7 260.2 259.1 255.4 247.1 247.8 255.6 258.0 259.8 261.7 263.3 265.7 266.5 265.6 266.3 265.3 264.6 264.2 263.0 261.3 260.8 260.1 259.1 256.9 256.2 255.1 252.0 244.4 241.7 244.1 244.2 243.9 243.2 240.9 245.4 251.9 252.4 254.2 255.2 252.8 249.2 245.3 240.1 242.6 243.6 245.5 243.2 238.7 240.3 247.9 250.4 251.0 251.6 252.4 251.1 249.7 247.6 248.3 247.7 245.2 240.1 238.2 236.3 237.4 236.8
268.6 268.9 269.3 268.5 266.3 264.2 263.1 260.2 257.7 254.3 246.5 247.4 253.6 257.0 257.8 259.9 260.7 261.8 262.8 261.4 260.8 261.0 261.7 262.6 263.1 261.9 262.0 260.9 259.4 259.1 256.9 253.4 252.3 252.0 251.0 251.2 250.6 251.8 254.2 256.1 256.6 259.1 260.4 256.9 253.6 251.9 250.0 250.4 251.0 251.5 251.2 249.1 244.8 237.4 239.9 242.6 247.3 252.0 253.8 252.4 251.9 251.0 250.5 250.0 248.7 248.3 247.5 248.2 248.8
268.7 268.4 268.4 268.1 267.7 267.0 265.2 263.6 262.1 260.0 258.7 255.0 247.0 245.3 252.7 255.2 256.4 257.6 258.2 257.1 255.7 256.3 257.7 258.7 260.5 260.6 261.1 259.7 260.1 261.2 258.8 256.1 255.8 255.6 254.8 254.5 254.4 254.7 255.9 257.8 260.3 260.7 261.1 259.2 257.4 255.8 256.1 256.4 255.9 254.7 254.3 252.4 249.8 247.6 246.5 238.6 245.7 252.2 253.2 -9999.0 -9999.0 254.2 254.1 253.4 252.7 252.3 251.3 251.6 -9999.0
268.5 268.6 268.3 269.0 267.6 267.4 266.8 265.9 264.2 263.0 262.9 261.3 258.3 254.3 247.4 244.3 248.2 252.5 253.6 252.5 246.6 250.4 253.0 254.7 255.7 256.5 256.5 255.3 256.5 258.3 257.8 256.6 256.8 257.5 258.0 258.6 258.3 259.5 259.6 258.8 261.3 260.4 257.1 255.3 254.7 253.8 253.6 254.5 253.5 253.6 254.1 254.1 252.4 250.0 246.6 236.8 246.1 248.4 249.3 -9999.0 -9999.0 -9999.0 -9999.0 -9999.0 -9999.0 255.7 255.7 -9999.0 -9999.0
268.7 267.5 267.9 267.8 268.0 266.6 266.7 267.1 265.6 264.7 263.9 262.7 260.4 259.0 256.5 254.0 251.6 246.1 245.5 245.4 249.4 244.8 242.0 249.6 251.6 251.1 250.6 250.5 252.4 254.1 253.2 252.4 253.2 253.4 254.7 255.2 256.7 257.5 256.3 255.6 254.8 257.2 253.4 250.7 250.1 248.8 248.5 248.0 249.0 249.4 250.6 250.8 249.3 247.7 238.8 240.4 242.1 235.3 237.3 -9999.0 -9999.0 -9999.0 -9999.0 -9999.0 -9999.0 -9999.0 -9999.0 -9999.0 -9999.0
