data/case_study_destine/merger_hmc_by_domain/geo/AdigeDomain.dem.txt
ncols  423
nrows   426
xllcorner   10.37400
yllcorner    44.96738
cellsize   0.0050020
NODATA_value -9999
[rows 62 to 92 of 426, columns 69 to 137 of 423]
3426.9 3489.9 3376.9 3258.4 3134.3 3035.6 2962.1 2975.9 3062.9 3047.5 2975.7 2903.8 2816.5 2959.3 3039.1 3115.2 -9999.0 -9999.0 -9999.0 -9999.0 -9999.0 3609.3 3511.2 3414.7 3384.9 -9999.0 -9999.0 -9999.0 -9999.0 -9999.0 -9999.0 -9999.0 -9999.0 -9999.0 -9999.0 -9999.0 -9999.0 -9999.0 -9999.0 -9999.0 -9999.0 -9999.0 -9999.0 -9999.0 -9999.0 -9999.0 -9999.0 -9999.0 -9999.0 -9999.0 -9999.0 -9999.0 -9999.0 -9999.0 -9999.0 -9999.0 -9999.0 -9999.0 -9999.0 -9999.0 -9999.0 3186.5 2932.5 2615.8 2376.2 2167.9 2096.4 2093.6 2164.6
3314.9 3448.5 3521.3 3292.9 3148.7 3070.5 2979.0 2858.6 2785.4 2936.4 2853.4 2745.6 2722.6 2995.8 3289.4 3294.1 -9999.0 -9999.0 3444.5 3522.1 3576.9 3504.4 3283.3 3169.8 3135.3 3214.7 3249.1 -9999.0 -9999.0 -9999.0 -9999.0 -9999.0 -9999.0 -9999.0 -9999.0 -9999.0 -9999.0 -9999.0 3683.8 3585.1 3542.6 3469.6 3368.6 3386.7 3437.3 3348.7 3371.3 3475.8 3503.5 3537.6 -9999.0 -9999.0 -9999.0 -9999.0 -9999.0 -9999.0 3412.2 -9999.0 -9999.0 -9999.0 3330.3 3098.8 2846.5 2521.0 2274.7 2189.9 2127.4 2183.0 2399.7
3267.8 3452.9 3381.1 3248.8 3075.6 2923.9 2818.5 2717.7 2636.3 2788.8 2731.5 2622.5 2631.3 2908.0 3242.3 3360.1 3342.7 3273.5 3224.7 3269.4 3383.9 3379.0 3164.1 3021.4 2931.9 2926.9 3127.6 3324.8 -9999.0 -9999.0 -9999.0 -9999.0 -9999.0 -9999.0 -9999.0 -9999.0 3631.3 3579.2 3464.5 3308.5 3338.8 3253.5 3115.1 3137.3 3240.8 3073.8 3111.6 3314.7 3302.0 3272.0 3385.9 3418.7 3448.5 3452.0 3360.6 3350.6 3346.7 3391.0 3479.3 -9999.0 3431.5 3123.0 2849.2 2666.1 2549.1 2451.9 2285.3 2169.2 2367.4
3300.4 3400.4 3318.5 3117.5 2970.8 2820.0 2728.0 2610.0 2482.5 2562.8 2532.0 2402.7 2500.7 2735.6 2954.3 3148.1 3185.1 3093.3 3002.3 2969.1 3092.8 3281.9 3169.7 2929.3 2783.7 2797.0 3014.5 3279.0 3382.4 3398.9 3530.5 -9999.0 -9999.0 -9999.0 3591.5 3503.9 3424.8 3323.7 3201.3 3112.8 3106.3 3023.4 2853.0 2839.4 2984.2 2837.6 2863.4 3018.3 2961.3 2934.2 3106.0 3096.7 3167.7 3213.2 3217.3 3102.7 3043.2 3120.3 3292.5 3416.6 3370.5 3086.5 2864.9 2822.2 2908.1 2724.2 2494.1 2321.8 2210.8
3207.9 3245.7 3271.6 3023.3 2847.2 2780.6 2732.4 2636.7 2512.4 2426.5 2383.9 2301.1 2328.1 2486.1 2699.5 2929.9 3051.8 2996.0 2896.6 2809.1 2893.7 3134.5 3048.7 2785.9 2630.5 2660.5 2883.1 3080.1 3118.1 3223.3 3463.7 3582.7 3531.1 3531.3 3561.9 3391.2 3207.1 3064.5 2940.3 2874.0 2850.1 2791.0 2636.3 2607.0 2601.0 2547.5 2537.7 2593.6 2650.6 2654.1 2781.0 2789.2 2826.0 2891.3 2934.0 2868.8 2903.2 2986.8 3070.1 3159.8 3228.4 3052.1 2884.7 2904.2 2995.2 2902.9 2685.6 2504.1 2328.3
3119.4 3207.1 3249.1 3110.9 3023.4 2951.9 2809.4 2691.6 2646.9 2582.1 2445.3 2294.9 2255.6 2319.8 2519.1 2735.1 2984.4 3000.1 2753.1 2592.8 2679.6 2928.8 2891.5 2650.7 2477.5 2538.5 2748.2 2957.8 3117.8 3241.0 3315.1 3386.4 3379.3 3383.0 3419.2 3403.9 3214.9 3032.7 2861.6 2741.5 2614.9 2480.8 2369.1 2297.5 2269.9 2264.8 2284.2 2313.6 2367.6 2372.9 2413.1 2463.0 2498.9 2546.3 2608.0 2688.2 2760.0 2821.2 2879.4 2958.4 3068.7 3104.2 3057.1 3037.7 3051.2 2891.1 2684.2 2565.6 2431.8
3074.3 3190.5 3365.2 3248.4 3065.5 2936.0 2792.2 2747.6 2777.1 2699.4 2529.2 2321.4 2218.2 2222.1 2371.0 2613.3 2868.2 2952.4 2682.2 2433.3 2456.5 2678.1 2661.8 2513.6 2318.9 2389.9 2619.7 2800.3 2848.8 2933.8 2992.0 3140.3 3143.8 3141.8 3136.0 3187.0 3178.7 3114.6 2989.7 2797.0 2644.4 2532.9 2328.3 2180.4 2275.8 2387.0 2425.3 2532.5 2473.6 2386.3 2387.8 2476.7 2504.1 2514.6 2563.3 2618.4 2702.6 2769.2 2822.6 2896.7 2971.3 3051.9 3198.9 3191.0 2984.3 2805.0 2709.2 2598.7 2520.7
3165.3 3304.4 3443.9 3349.1 3171.8 3029.7 2946.2 2988.7 3014.5 2881.1 2667.8 2423.6 2274.8 2170.0 2242.9 2395.8 2621.4 2770.3 2608.9 2351.9 2283.4 2362.4 2306.9 2288.6 2173.7 2263.5 2442.8 2446.4 2494.5 2715.0 2938.7 3087.2 2986.3 2895.6 2894.6 2938.9 2973.6 2870.2 2883.3 2732.8 2566.4 2347.2 2130.5 2237.5 2591.0 2675.7 2635.3 2800.5 2786.8 2661.3 2655.3 2662.9 2776.4 2808.8 2864.9 2824.1 2907.8 3024.1 3029.9 2965.7 2983.0 3060.3 3180.7 3141.0 2962.4 2873.4 2750.8 2616.4 2538.5
3193.5 3416.0 3555.7 3518.8 3357.0 3117.8 2956.6 2946.9 2911.2 2820.6 2716.6 2568.7 2414.8 2222.4 2127.5 2152.0 2267.2 2416.1 2351.9 2179.9 2035.2 1993.6 2003.8 1974.6 1971.3 2031.5 2121.1 2228.2 2401.7 2605.1 2804.6 3000.6 2967.0 2839.7 2744.5 2664.9 2550.8 2476.2 2466.6 2404.6 2224.1 2064.5 2138.0 2377.9 2645.3 2781.2 2837.2 2928.8 2997.1 2879.5 2873.8 2861.2 2998.8 3051.3 3097.0 3088.1 3046.0 3116.0 3040.8 2869.8 2893.8 3023.3 3136.2 3143.8 3012.3 2907.3 2725.6 2666.2 2640.1
3216.2 3469.5 3497.3 3424.3 3314.1 3114.6 2861.1 2754.8 2741.3 2647.2 2582.6 2524.9 2446.3 2391.1 2271.0 2148.3 2065.9 2091.2 2059.4 1969.0 1931.5 1947.0 1948.4 1929.3 1907.2 1928.5 1985.4 2132.4 2263.9 2454.0 2694.9 2905.5 2952.2 2920.4 2806.5 2648.7 2454.3 2281.5 2227.3 2165.1 2031.6 1971.7 2214.6 2530.0 2802.8 2956.4 2993.6 3058.0 3156.6 3043.0 3007.5 3013.2 3210.1 3276.9 3280.9 3152.1 3017.0 2897.9 2790.4 2700.2 2841.6 3009.1 3156.0 3214.0 3099.7 2924.2 2788.0 2754.6 2719.2
3398.6 3479.2 3474.1 3384.0 3282.4 3111.8 2889.4 2727.5 2648.0 2607.0 2599.8 2578.8 2543.6 2569.3 2496.6 2367.4 2219.2 2116.3 2078.2 2094.0 2201.5 2299.4 2320.1 2275.6 2165.7 1975.4 1842.3 1928.0 2067.3 2293.0 2514.8 2580.5 2588.8 2603.6 2630.5 2633.3 2608.3 2582.9 2550.5 2442.4 2207.0 1916.4 2065.4 2340.9 2655.6 2941.7 3084.1 3204.0 3258.3 3196.8 3132.2 3157.2 3346.3 3253.7 3141.0 3030.6 2907.4 2800.1 2726.7 2611.3 2757.5 2910.9 3036.2 3167.4 3174.3 2983.1 2862.4 2828.3 2789.6
3483.1 3417.4 3286.9 3171.2 3244.0 3203.7 3066.2 2971.3 2910.4 2882.6 2908.1 2886.8 2829.4 2763.3 2623.4 2517.0 2422.8 2344.9 2326.9 2369.3 2469.6 2618.9 2676.6 2559.4 2359.0 2132.0 1847.9 1763.1 1845.7 2039.6 2259.3 2264.9 2208.4 2250.1 2322.5 2357.9 2454.5 2575.8 2617.8 2400.4 2035.5 1810.0 1976.2 2260.7 2456.3 2617.4 2830.2 3029.3 3215.1 3332.1 3313.1 3315.4 3380.2 3292.4 3182.5 3018.8 2878.1 2741.8 2603.2 2518.7 2584.7 2750.5 2865.4 2956.4 3043.0 3060.6 2983.6 2961.0 2930.0
3292.4 3232.4 3137.1 3017.8 3075.1 3248.3 3277.1 3171.6 3044.8 2981.6 2907.7 2949.6 2988.7 2895.4 2782.5 2617.0 2550.7 2536.1 2536.1 2566.1 2655.1 2786.5 2744.1 2572.5 2419.6 2185.9 1921.2 1741.3 1715.2 1766.9 1907.1 1904.9 1852.7 1901.1 1988.9 2056.3 2189.1 2319.8 2377.0 2256.7 1923.7 1748.2 1997.8 2264.2 2467.5 2616.8 2764.7 2914.0 3144.7 3369.2 3343.9 3236.6 3182.9 3119.5 2998.0 2832.7 2701.5 2650.3 2660.6 2546.7 2463.2 2470.8 2534.1 2691.3 2813.5 2886.1 2906.7 2920.9 2843.8
3110.7 3019.2 2971.8 2905.4 2918.3 2977.0 3044.0 2993.3 2905.4 2777.1 2734.2 2873.0 3088.5 3039.3 2829.5 2698.1 2691.7 2770.7 2805.8 2831.6 2861.2 2809.6 2707.4 2466.4 2238.9 2066.2 2027.3 1957.9 1832.9 1757.9 1721.8 1700.4 1671.1 1645.9 1649.3 1694.4 1816.3 1947.8 1997.3 2038.1 1827.7 1683.4 1981.5 2303.0 2557.5 2798.9 2974.3 3017.7 3179.7 3324.0 3256.0 3265.2 3194.7 3046.7 2883.1 2786.3 2764.1 2811.4 2754.8 2624.9 2381.1 2222.5 2271.3 2404.1 2512.2 2526.2 2500.1 2500.6 2523.3
3096.8 2989.9 2877.6 2829.3 2720.8 2642.2 2728.5 2770.5 2733.5 2637.1 2654.4 2921.3 3134.4 3069.3 3001.3 2964.0 3005.6 3099.7 3028.5 2874.4 2742.4 2633.1 2460.7 2246.0 2141.4 2248.4 2344.9 2261.2 2104.9 2035.9 2037.2 1971.3 1986.8 1876.5 1738.3 1612.6 1560.5 1571.8 1616.6 1676.4 1587.5 1747.6 2056.9 2350.1 2533.7 2580.8 2641.3 2713.4 2932.5 3179.8 3226.7 3244.8 3219.2 3077.2 2978.6 2971.9 2992.3 2946.9 2784.5 2593.1 2371.6 2141.6 2052.9 2146.3 2208.5 2151.6 2148.6 2198.4 2258.7
3248.7 3149.9 2964.7 2862.8 2684.3 2516.4 2481.6 2510.0 2533.2 2499.2 2576.7 2748.7 2870.2 2925.5 3055.7 3159.4 3213.0 3165.4 3164.2 3038.2 2822.3 2563.7 2297.9 2280.2 2404.9 2525.9 2596.8 2443.2 2301.0 2324.7 2352.8 2298.5 2181.3 1972.1 2017.2 1879.1 1712.7 1612.1 1478.7 1439.8 1626.9 1857.6 2026.5 2160.8 2214.9 2202.4 2302.6 2498.6 2755.2 3004.9 2997.0 3012.5 3164.5 3137.6 3161.3 3144.1 2953.0 2789.3 2700.3 2552.7 2374.1 2128.4 1900.7 1857.0 1947.9 1852.0 1864.4 1956.2 1995.7
3415.5 3230.9 3041.5 2897.5 2692.2 2607.2 2520.9 2412.8 2325.2 2325.0 2504.8 2712.8 2865.9 2915.5 3082.9 3241.1 3149.1 2994.4 2995.1 2959.3 2695.5 2404.3 2379.9 2572.0 2740.8 2798.9 2705.0 2520.2 2500.9 2604.7 2564.8 2331.9 2086.0 2097.1 2259.2 2096.1 1967.3 1872.8 1656.0 1416.9 1392.8 1536.6 1674.5 1785.3 1878.3 2015.1 2228.6 2472.0 2687.7 2779.0 2785.1 2883.4 3036.0 3111.3 3271.5 3183.6 3040.1 2930.8 2825.0 2722.3 2516.1 2247.6 1978.5 1773.5 1686.5 1557.1 1564.2 1618.8 1677.1
3382.2 3146.8 2956.9 2883.6 2853.3 2888.3 2816.0 2617.7 2365.9 2244.5 2439.8 2639.9 2750.3 2911.1 3134.5 3253.8 3258.8 3064.5 2901.9 2787.7 2611.7 2521.3 2632.2 2756.8 2903.0 3028.2 2886.7 2779.3 2806.4 2702.4 2480.6 2214.3 2202.0 2361.8 2488.5 2367.0 2244.6 2040.4 1810.1 1603.0 1357.2 1343.8 1510.1 1672.6 1864.3 2069.7 2293.3 2451.2 2454.3 2514.2 2577.4 2685.1 2769.7 2881.4 3081.6 3174.1 3082.5 3059.6 3015.3 2850.3 2712.8 2460.9 2203.8 1907.0 1600.7 1346.6 1294.0 1295.9 1391.6
3286.1 3156.4 3070.4 3104.7 3167.4 3060.0 2835.5 2578.4 2329.4 2222.8 2443.2 2648.4 2856.9 3027.2 3184.3 3172.7 3231.6 3165.5 2993.2 2811.4 2754.9 2786.1 2885.2 2931.9 3042.5 3075.5 3056.1 2950.3 2764.0 2532.3 2336.6 2303.3 2444.0 2597.6 2697.4 2501.4 2347.8 2235.5 2066.4 1803.8 1481.4 1290.4 1447.0 1592.0 1806.0 1996.8 2015.2 2119.6 2233.2 2398.7 2532.1 2668.7 2838.8 2980.5 3034.7 2872.4 2736.2 2730.5 2844.4 2732.1 2499.7 2379.5 2222.6 1969.4 1727.2 1506.9 1320.1 1121.8 1118.6
3141.2 3028.3 2969.6 2973.2 3047.1 2923.2 2707.1 2503.6 2245.8 2181.8 2387.0 2565.4 2698.4 2861.3 3005.1 3031.8 3181.1 3266.0 3183.4 3074.0 3093.6 3156.8 3190.5 3076.7 3101.4 3001.8 2834.6 2734.6 2561.5 2408.2 2358.0 2500.0 2704.9 2749.9 2675.9 2560.3 2477.0 2424.8 2188.9 1882.0 1636.2 1381.5 1244.6 1390.1 1612.5 1703.2 1850.9 2092.4 2269.9 2439.8 2609.6 2767.8 2859.8 2776.7 2687.6 2596.8 2352.2 2351.6 2404.0 2444.3 2354.1 2128.0 1946.2 1841.4 1753.4 1550.3 1304.0 1091.0 953.5
3120.1 2989.3 2876.7 2786.1 2755.1 2670.3 2500.6 2355.5 2270.2 2129.4 2193.3 2356.2 2518.8 2716.3 2869.9 2965.7 3122.3 3086.6 3079.1 3170.2 3226.4 3169.4 3143.5 3023.6 2971.4 2839.9 2678.8 2592.4 2515.5 2458.6 2526.8 2609.6 2710.7 2893.7 2834.4 2752.1 2662.4 2472.0 2208.1 2018.4 1854.7 1560.8 1251.8 1203.8 1425.2 1602.7 1865.0 2045.4 2209.3 2306.7 2433.0 2619.7 2545.3 2405.1 2275.1 2276.8 2068.9 1973.2 1979.6 2048.8 2041.5 2017.0 1814.2 1583.6 1430.0 1233.4 1006.8 870.7 862.4
2922.0 2941.3 2804.5 2640.2 2536.1 2477.5 2467.7 2508.4 2383.9 2157.9 2084.9 2318.0 2498.9 2666.7 2769.4 2836.9 2910.7 2977.0 3067.5 3150.0 3185.5 3086.5 3024.5 2963.1 2845.4 2736.6 2663.4 2645.7 2630.2 2568.5 2628.1 2737.9 2833.4 3005.9 2988.5 2836.4 2693.7 2502.9 2387.0 2298.3 2055.7 1680.1 1355.5 1158.1 1214.3 1412.9 1598.9 1819.1 1969.7 2132.7 2352.7 2436.2 2241.6 2050.8 1936.5 1926.9 1838.7 1664.7 1572.2 1672.1 1639.4 1620.4 1537.3 1413.7 1246.4 972.1 811.6 798.2 801.4
2548.9 2720.7 2724.7 2685.1 2673.4 2701.3 2711.1 2624.1 2377.3 2130.3 2043.1 2282.2 2490.0 2682.5 2837.7 2896.1 2973.5 3110.2 3219.6 3191.4 3087.1 3042.9 2989.9 2924.1 2848.8 2766.1 2728.4 2786.2 2867.9 2835.9 2855.4 2892.0 2976.8 2968.9 2965.5 2970.1 2763.1 2618.4 2638.0 2434.7 2166.5 1879.4 1610.0 1360.6 1179.9 1145.1 1379.8 1688.0 1904.0 1995.0 2048.5 2149.5 1975.2 1757.3 1611.0 1624.3 1625.5 1478.2 1311.1 1344.0 1269.2 1199.0 1172.5 1101.4 961.0 797.7 762.8 733.7 655.8
2312.1 2500.4 2731.2 2809.6 2802.5 2850.4 2745.5 2551.8 2329.9 2071.9 1926.6 2142.9 2396.4 2557.7 2669.4 2742.6 2876.7 3041.9 3096.5 3010.9 2983.4 2976.6 2928.0 2893.7 2860.7 2885.8 2881.6 2881.8 2935.7 3017.8 2990.1 2890.6 2847.7 2819.9 2691.3 2720.9 2745.0 2718.0 2731.1 2568.6 2335.5 2093.7 1877.4 1672.7 1457.3 1146.7 1170.7 1445.0 1538.7 1597.1 1667.6 1783.8 1704.6 1494.2 1355.3 1309.7 1319.3 1250.3 1135.9 1068.4 992.2 905.2 826.1 724.4 639.2 630.0 605.3 576.4 571.5
2316.9 2542.3 2639.6 2559.5 2570.6 2659.1 2563.5 2456.5 2243.9 1996.0 1799.2 1995.2 2165.9 2218.7 2309.6 2426.1 2616.1 2823.7 2750.3 2634.3 2690.0 2760.2 2632.6 2640.5 2625.4 2698.0 2782.0 2866.9 2990.1 3047.4 2909.9 2734.4 2659.2 2514.6 2435.9 2348.6 2403.3 2503.5 2515.9 2414.5 2198.2 2092.4 1988.8 1835.5 1539.0 1234.9 1032.5 1076.7 1106.0 1171.3 1332.0 1525.1 1446.9 1235.3 1077.3 1016.3 1023.3 983.4 924.2 868.0 773.3 664.6 595.4 575.5 576.8 603.9 611.5 631.3 749.4
2389.1 2442.6 2341.8 2257.9 2368.1 2352.9 2212.0 2193.4 2168.8 1968.8 1711.5 1770.1 1822.3 1971.9 2154.0 2361.4 2548.4 2528.9 2429.5 2298.2 2447.6 2500.8 2307.8 2276.1 2266.4 2330.1 2449.5 2598.3 2722.5 2751.7 2694.6 2478.3 2371.7 2387.1 2211.4 2051.7 2093.9 2198.9 2217.4 2185.5 1976.0 1734.4 1616.9 1500.6 1432.6 1352.0 1238.9 1165.3 1067.5 982.2 966.9 1145.1 1127.4 955.9 826.5 817.8 824.3 801.5 738.2 644.9 591.0 576.6 593.4 651.5 725.2 767.6 795.5 873.5 1001.6
2188.3 2142.1 1998.6 2044.5 2166.8 2119.6 1956.7 1855.7 1949.8 1830.0 1589.6 1635.1 1881.7 2095.4 2221.7 2354.3 2442.5 2282.8 2089.2 1975.2 2146.4 2306.7 2139.9 1926.3 1913.9 2089.1 2260.1 2350.7 2456.2 2462.3 2455.7 2253.9 2048.0 2097.2 2114.5 1977.5 1808.3 1874.5 1872.0 1812.2 1651.0 1468.4 1280.1 1157.2 1083.5 1052.9 1043.3 980.4 851.5 755.1 684.2 662.6 644.7 605.2 600.1 627.9 670.4 631.2 586.7 580.6 613.7 690.9 751.3 776.2 838.1 933.3 983.7 1057.8 1238.0
1937.1 1899.5 1731.8 1828.8 1877.7 1836.4 1776.3 1630.4 1694.3 1671.0 1518.5 1447.3 1643.8 1824.2 1925.0 2070.1 2147.4 2101.5 1889.4 1687.8 1868.2 2069.8 1959.9 1723.1 1725.5 1859.5 2028.1 2193.6 2243.2 2224.1 2214.8 2035.7 1800.4 1721.1 1796.3 1776.6 1659.4 1525.3 1444.9 1388.5 1250.6 1131.2 1023.3 950.8 836.2 711.4 640.0 621.3 625.2 653.4 707.6 713.3 735.7 734.3 659.9 614.4 608.5 603.3 619.5 698.5 776.7 802.2 834.0 890.0 1029.0 1188.0 1262.5 1198.4 1329.9
1635.5 1638.9 1528.6 1533.8 1552.8 1520.9 1488.8 1402.3 1430.3 1434.7 1392.9 1271.0 1414.6 1569.7 1639.4 1714.0 1749.7 1725.1 1684.7 1485.6 1598.4 1734.3 1623.3 1517.2 1632.3 1825.6 1940.4 2020.9 2011.8 2006.8 1934.2 1827.4 1655.2 1496.7 1481.7 1470.9 1387.4 1218.3 1082.2 1054.8 954.2 870.3 794.0 696.6 625.9 612.2 632.4 702.3 801.8 853.6 877.6 885.8 885.7 868.6 842.7 819.4 820.7 858.9 894.1 948.2 996.4 1045.9 1043.7 1065.0 1167.2 1344.1 1479.2 1473.3 1413.9
1358.7 1335.6 1284.4 1257.0 1230.0 1195.2 1174.4 1136.6 1135.0 1142.4 1126.6 1128.9 1271.8 1322.1 1355.1 1371.4 1387.2 1371.3 1346.9 1254.6 1293.8 1366.7 1355.2 1350.9 1496.2 1585.9 1612.2 1664.4 1656.0 1622.4 1570.6 1492.0 1411.8 1286.1 1116.1 1042.3 960.5 894.7 866.0 798.7 704.1 638.9 618.1 619.1 655.6 747.7 817.5 842.9 872.9 909.0 940.1 955.8 955.1 946.0 923.8 976.6 1025.3 1004.1 1167.0 1243.4 1299.3 1345.0 1308.3 1313.8 1388.1 1501.1 1635.6 1698.7 1710.4
1283.7 1250.0 1213.3 1175.6 1137.3 1100.6 1067.7 1039.0 1009.9 986.2 968.8 968.9 1001.8 1043.6 1077.2 1093.1 1082.0 1058.5 1042.7 1045.0 1051.9 1066.6 1133.9 1198.2 1262.1 1309.2 1336.3 1328.9 1242.4 1229.2 1196.0 1135.8 959.8 839.7 739.7 671.9 644.3 663.6 671.2 628.3 620.4 634.9 707.3 802.0 905.2 968.1 1021.8 1057.4 1087.8 1091.5 1061.8 1035.3 1091.3 1157.8 1065.8 1191.1 1341.8 1282.6 1282.9 1479.9 1562.0 1595.7 1569.7 1505.3 1640.6 1779.1 1883.8 1956.8 2002.4
