data/case_study_destine/merger_hmc_by_domain/geo/AdigeDomain.dem.txt
ncols  423
nrows   426
xllcorner   10.37400
yllcorner    44.96738
cellsize   0.0050020
NODATA_value -9999
[rows 93 to 123 of 426, columns 207 to 275 of 423]
1859.4 1896.3 1870.1 1869.1 2015.2 2209.3 2329.4 2361.7 2388.6 2366.6 2320.8 2282.7 2260.3 2229.8 2187.5 2065.9 1852.1 1667.5 1451.7 1310.0 1221.6 1164.1 1120.8 1073.1 944.4 683.6 595.4 715.4 1003.3 1123.1 1179.8 1248.5 1328.5 1366.5 1435.7 1464.6 1530.5 1644.4 1729.0 1802.6 1922.0 1946.1 1909.1 1752.4 1690.8 1816.7 1922.3 1854.4 1608.5 1558.9 1713.7 1884.9 2030.2 1960.0 1921.4 2058.4 2032.2 2089.7 1972.9 2079.1 2091.7 2080.2 2091.9 1951.7 1841.4 1984.5 2161.8 2161.0 2083.0
1606.3 1664.1 1829.2 2048.7 2234.9 2254.7 2301.8 2394.1 2456.3 2430.5 2356.0 2260.0 2190.9 2156.0 2133.9 2094.0 1960.6 1701.6 1534.6 1378.5 1251.3 1136.8 1019.4 903.9 715.7 576.2 726.3 981.1 1106.7 1200.5 1250.7 1312.0 1395.6 1478.0 1563.7 1661.7 1716.6 1787.0 1851.6 1916.8 1978.6 2047.1 2050.6 2010.3 1981.5 2035.6 2050.9 1877.8 1762.7 1708.4 1685.7 1804.0 1932.7 2065.6 2149.5 2192.8 2243.0 2263.1 2220.8 2274.5 2380.6 2366.7 2267.2 2124.1 1944.1 1977.0 2161.9 2246.2 2229.0
1650.9 1834.7 2041.7 2244.5 2326.3 2340.7 2356.9 2389.1 2426.2 2462.8 2428.9 2334.5 2195.0 2096.9 2011.9 1981.2 1930.3 1757.1 1603.6 1462.6 1355.6 1243.5 1105.8 834.9 577.8 656.0 966.9 1136.4 1233.4 1289.8 1306.6 1349.8 1450.4 1549.0 1624.8 1701.1 1746.2 1784.3 1764.5 1790.5 1844.7 1886.4 1941.5 2032.4 2118.8 2197.2 2152.4 2017.6 2017.6 1896.6 1832.6 1902.1 1973.4 2086.4 2283.6 2449.3 2491.2 2485.8 2479.4 2468.4 2462.1 2427.9 2355.5 2239.7 2083.7 2102.2 2140.0 2203.8 2307.6
1920.2 2030.0 2130.4 2234.8 2255.1 2272.4 2325.3 2353.2 2363.2 2370.1 2341.5 2299.1 2199.4 2023.5 1955.9 1867.3 1821.3 1673.1 1554.3 1406.5 1273.6 1139.0 1006.1 694.5 575.7 864.4 1083.7 1194.4 1282.5 1296.0 1328.5 1355.7 1420.4 1473.4 1524.7 1569.2 1582.8 1601.1 1551.1 1622.0 1656.8 1711.2 1799.7 1920.5 2037.9 2117.2 2175.4 2221.4 2196.2 2141.1 2083.8 2103.1 2255.1 2313.0 2376.1 2386.4 2387.8 2375.8 2364.8 2334.1 2329.4 2374.0 2320.0 2252.6 2240.5 2262.7 2306.1 2398.0 2536.4
1983.8 2078.3 2107.4 2148.0 2120.4 2242.0 2263.3 2245.3 2275.2 2253.6 2167.4 2128.4 2057.7 1940.5 1868.0 1787.4 1702.0 1577.5 1411.6 1321.4 1218.5 1070.5 915.0 608.3 596.3 904.2 983.2 1041.8 1100.3 1123.0 1181.6 1221.4 1286.6 1301.1 1324.6 1384.5 1366.3 1349.0 1370.7 1464.9 1446.6 1532.4 1590.1 1725.8 1870.1 1961.2 2087.6 2278.6 2434.0 2436.2 2433.9 2456.0 2440.5 2370.2 2292.7 2230.7 2232.5 2218.6 2197.7 2202.6 2258.6 2348.7 2466.2 2464.8 2490.1 2460.3 2476.1 2535.7 2629.5
1830.6 1860.0 1948.5 1969.1 2010.3 2092.4 2129.0 2219.4 2299.1 2264.5 2164.8 2047.0 1961.3 1918.6 1896.1 1820.2 1735.0 1582.8 1276.2 1110.7 1049.1 988.5 728.9 542.5 676.4 831.7 852.2 876.8 912.0 940.4 968.4 1049.0 1095.6 1107.4 1126.0 1183.4 1154.3 1131.4 1178.4 1235.7 1279.7 1325.1 1464.9 1582.6 1714.0 1847.7 2009.4 2278.6 2367.9 2358.7 2346.1 2350.7 2366.5 2350.8 2286.7 2185.6 2098.8 2084.0 2093.1 2166.0 2228.3 2411.7 2670.7 2618.9 2559.1 2524.8 2535.5 2528.9 2515.8
1769.2 1795.7 1849.1 1955.9 2063.7 2117.1 2160.5 2215.2 2259.5 2219.7 2152.1 2069.1 2040.1 2015.8 1991.5 1928.5 1801.4 1662.5 1395.1 1127.6 971.1 838.2 606.4 575.9 913.5 1048.1 1098.1 1100.4 1121.9 1111.7 1121.2 1064.4 1040.3 1042.8 1042.4 1104.0 1175.0 1262.9 1242.1 1247.0 1243.7 1256.4 1333.2 1453.5 1575.3 1723.3 2004.2 2174.6 2171.7 2161.6 2131.1 2136.5 2149.6 2146.0 2137.5 2122.6 2052.7 2012.6 2045.4 2085.8 2214.4 2463.8 2569.4 2476.5 2427.2 2416.8 2448.4 2456.7 2428.4
1986.0 1960.5 1911.8 1968.4 2030.1 2085.4 2106.7 2095.9 2142.5 2159.3 2112.0 2057.8 1990.1 1966.2 1920.8 1757.6 1633.5 1548.5 1274.7 1070.6 972.4 714.5 538.0 734.6 1111.0 1226.9 1235.6 1274.3 1269.8 1310.1 1370.2 1357.6 1334.3 1246.7 1181.8 1342.7 1452.3 1601.6 1654.4 1638.9 1554.9 1431.2 1330.1 1361.4 1467.6 1668.4 1892.6 1956.3 1952.7 1947.2 1919.3 1936.6 1962.5 1928.2 1944.3 1927.5 1898.5 1931.0 1974.3 2060.4 2169.7 2376.9 2421.8 2360.4 2319.9 2324.2 2362.3 2336.0 2308.8
1913.5 1931.3 1972.6 1943.1 1944.5 1971.0 1986.5 1985.5 1990.1 2028.2 2035.5 1969.3 1900.0 1885.4 1873.6 1767.5 1535.6 1306.1 1148.2 1008.2 906.7 617.0 587.0 993.6 1248.8 1387.6 1393.9 1405.9 1398.6 1457.7 1468.3 1482.9 1500.8 1333.4 1272.7 1324.9 1476.1 1616.1 1653.0 1685.1 1728.2 1656.6 1551.5 1467.7 1400.7 1515.2 1725.3 1738.6 1735.4 1728.4 1729.9 1757.1 1766.9 1751.2 1734.1 1733.1 1794.1 1893.5 1988.7 2135.5 2236.5 2396.2 2457.0 2361.1 2274.9 2243.1 2293.6 2232.1 2216.9
1832.0 1906.6 1941.0 1921.5 1852.3 1818.2 1835.9 1879.7 1913.9 1920.7 1930.9 1894.6 1829.5 1816.6 1809.6 1749.1 1587.5 1357.0 1170.5 1023.9 900.2 602.4 629.7 1081.2 1293.9 1430.7 1399.4 1353.7 1406.1 1388.4 1384.7 1429.1 1426.2 1381.0 1405.3 1421.4 1452.6 1517.8 1570.0 1637.8 1699.0 1715.5 1668.4 1607.4 1535.9 1439.3 1515.4 1532.7 1537.6 1542.6 1546.4 1552.9 1563.3 1586.6 1634.0 1710.0 1863.2 2038.8 2163.9 2270.2 2339.3 2406.7 2482.3 2373.1 2217.4 2127.6 2132.5 2143.3 2235.9
1822.8 1848.3 1861.4 1846.4 1768.4 1711.5 1765.9 1800.2 1793.8 1793.0 1781.5 1747.1 1693.5 1733.8 1738.6 1630.0 1488.3 1288.0 1102.6 1024.8 881.0 557.0 650.5 1016.7 1185.1 1247.7 1244.6 1228.1 1262.0 1298.3 1360.3 1356.3 1384.0 1395.9 1424.2 1475.7 1518.5 1576.4 1669.7 1759.2 1872.6 1806.1 1708.1 1635.8 1558.0 1490.8 1425.1 1433.4 1445.3 1458.2 1477.2 1485.4 1498.2 1550.3 1637.8 1765.5 1840.9 1944.8 2054.3 2122.0 2136.3 2184.8 2236.6 2165.5 2049.9 1982.3 2082.7 2149.3 2217.1
1736.4 1746.8 1762.5 1724.4 1658.2 1687.6 1730.5 1741.6 1680.8 1643.4 1655.3 1653.2 1583.7 1561.4 1555.5 1430.3 1327.9 1198.0 1103.6 1010.1 730.3 528.1 681.3 873.9 1005.3 1102.0 1168.6 1179.7 1237.3 1309.7 1314.5 1354.8 1408.2 1463.9 1508.8 1583.6 1734.2 1848.6 1879.9 2014.5 2150.3 2043.9 1930.3 1851.6 1752.5 1588.3 1545.3 1667.5 1626.4 1651.3 1634.1 1618.2 1589.9 1532.3 1536.8 1618.4 1688.2 1795.1 1909.2 1985.1 1976.1 2004.1 2062.3 2007.3 1874.1 2011.4 2113.5 2075.5 2130.1
1624.4 1625.7 1648.8 1630.2 1658.9 1728.1 1756.7 1704.0 1664.8 1578.4 1552.6 1557.3 1524.3 1419.2 1448.2 1364.6 1252.3 1142.6 1027.1 705.7 533.2 705.9 895.8 919.4 997.0 1198.2 1348.5 1291.7 1293.6 1348.8 1371.3 1418.9 1502.5 1600.4 1636.7 1712.2 1863.9 2049.0 2186.4 2308.8 2374.3 2321.0 2146.3 1908.6 1734.1 1637.5 1731.4 1931.3 1939.5 1969.3 1877.6 1899.4 1884.2 1685.8 1629.7 1592.1 1572.1 1602.6 1682.9 1788.8 1832.6 1868.1 1854.5 1805.7 1796.5 1947.9 1993.3 1968.0 1961.4
1483.3 1489.8 1567.0 1630.8 1666.6 1705.3 1699.6 1658.8 1600.8 1542.5 1488.1 1464.0 1443.3 1345.2 1286.6 1291.7 1213.7 1124.5 948.8 554.9 650.6 964.8 1032.5 1128.2 1256.2 1348.5 1377.8 1330.9 1327.3 1384.5 1424.9 1501.7 1621.0 1668.8 1748.9 1876.5 2058.6 2223.7 2329.0 2354.1 2367.6 2344.4 2155.4 1900.1 1758.5 1872.3 1975.7 2174.3 2248.8 2213.4 2168.5 2164.0 2013.4 1844.2 1925.8 1946.3 1848.1 1707.4 1613.0 1648.7 1666.2 1677.5 1689.7 1704.9 1749.5 1771.5 1773.7 1805.9 1830.0
1424.4 1486.1 1549.7 1607.9 1643.5 1647.8 1642.3 1631.3 1577.8 1554.6 1505.6 1355.6 1332.8 1313.2 1170.2 1202.6 1207.0 1140.2 1031.7 639.3 556.3 961.9 1096.7 1253.0 1399.4 1403.6 1407.5 1384.7 1353.9 1381.4 1426.9 1472.7 1508.3 1542.5 1673.3 1871.3 2105.0 2279.6 2328.5 2341.8 2347.0 2318.6 2202.0 2004.3 1920.0 2109.8 2206.5 2204.8 2165.3 2126.1 2099.2 2087.1 2086.7 2069.5 2077.2 2065.6 1953.0 1747.1 1782.3 1900.2 1843.3 1815.2 1781.5 1839.2 1882.9 1867.6 1954.1 1956.7 1904.9
1531.2 1519.2 1532.8 1564.7 1583.2 1587.7 1590.0 1575.7 1546.6 1501.8 1485.2 1363.9 1195.2 1138.2 1043.9 1116.7 1168.1 1066.5 790.4 524.1 617.1 850.6 998.3 1160.6 1317.2 1324.1 1336.2 1287.5 1276.8 1307.0 1340.8 1364.4 1405.8 1483.4 1600.3 1774.2 2001.3 2165.7 2221.8 2258.4 2233.1 2180.4 2104.4 2036.3 2044.7 2112.5 2164.9 2156.4 2111.4 2094.8 2097.3 2124.7 2150.6 2128.3 2056.7 1961.3 1796.4 1849.5 1948.4 1935.2 1918.4 1921.7 1925.6 1950.5 2015.2 2024.6 2121.0 2159.6 2076.4
1597.2 1595.5 1594.7 1618.7 1593.7 1555.8 1527.4 1506.6 1479.8 1456.4 1419.5 1413.2 1326.7 1156.2 947.4 956.6 990.4 721.7 503.7 696.0 1023.2 1057.5 968.4 977.9 1079.4 1129.6 1169.3 1166.4 1197.0 1244.0 1282.7 1327.9 1382.6 1507.1 1663.4 1860.0 1943.2 1960.7 2051.0 2102.3 2120.4 2086.3 2071.5 2093.6 2090.3 2107.8 2124.8 2121.6 2111.9 2130.1 2090.2 2104.2 2102.0 2074.7 2013.9 1850.1 1826.1 1960.2 2003.6 1998.4 2002.9 2025.2 2091.0 2073.1 2078.1 2180.8 2257.6 2306.5 2234.7
1608.0 1607.6 1617.1 1621.4 1565.3 1525.5 1481.8 1438.7 1422.8 1422.6 1400.2 1370.2 1324.8 1156.3 934.5 685.5 586.9 484.5 678.4 1015.3 1144.4 1149.1 1131.4 1070.7 1026.7 1090.4 1134.4 1209.2 1254.8 1312.3 1360.4 1383.5 1392.2 1438.2 1562.0 1675.0 1793.6 1928.2 1994.8 2041.2 2088.5 2124.9 2139.7 2151.6 2172.3 2170.0 2147.6 2125.6 2102.5 2076.5 2009.6 2016.8 2003.2 1991.0 1938.5 1921.8 1975.8 1989.2 2059.8 2084.4 2108.0 2183.6 2262.4 2216.7 2136.9 2280.8 2370.1 2421.7 2369.8
1533.0 1551.8 1568.3 1556.2 1535.2 1488.4 1444.0 1380.0 1346.8 1335.0 1275.9 1215.6 1197.8 1032.1 603.0 447.7 516.9 714.8 981.1 1085.8 1144.0 1192.0 1185.3 1168.8 1137.6 1198.4 1258.4 1354.2 1432.8 1477.9 1572.7 1622.4 1591.7 1505.3 1517.9 1662.2 1857.0 2066.9 2082.1 2104.0 2158.2 2197.4 2224.2 2220.1 2204.7 2172.3 2132.0 2090.6 2055.1 2011.6 1968.5 1937.6 1933.4 1946.0 1972.6 2024.9 2071.6 2057.6 2060.5 2132.7 2203.4 2284.6 2328.7 2293.8 2232.4 2263.1 2336.6 2387.3 2292.9
1427.0 1464.9 1502.4 1510.3 1515.8 1474.1 1410.6 1372.7 1312.9 1184.4 1187.7 1127.6 1024.0 889.7 568.1 478.4 747.4 972.8 1040.3 1119.7 1213.4 1262.7 1258.0 1250.6 1270.1 1345.5 1444.0 1591.0 1684.3 1725.2 1753.8 1891.4 1930.1 1745.0 1567.4 1691.0 1925.1 2150.2 2180.1 2191.0 2225.7 2258.8 2253.5 2234.8 2216.5 2199.2 2181.0 2147.4 2094.3 2027.1 1964.5 1976.9 2018.8 2050.8 2069.2 2097.4 2121.5 2166.9 2100.5 2112.1 2186.8 2345.1 2550.8 2576.5 2483.5 2418.9 2411.7 2380.1 2301.7
1350.0 1418.4 1446.7 1470.5 1496.7 1457.3 1339.6 1279.7 1311.1 1230.5 1043.6 954.1 898.4 627.2 474.4 551.7 889.1 991.1 1070.8 1159.2 1253.9 1305.9 1319.8 1345.7 1400.0 1486.4 1594.9 1739.8 1952.2 2096.3 2095.8 2282.9 2264.8 1992.6 1831.0 1737.5 1786.2 2033.3 2111.2 2163.3 2208.1 2233.0 2254.2 2281.2 2292.7 2285.3 2249.5 2181.7 2124.9 2068.5 1994.2 2011.1 2095.4 2137.1 2142.8 2194.2 2243.2 2269.9 2224.3 2221.5 2268.3 2392.3 2622.7 2679.4 2623.2 2539.1 2457.8 2387.7 2340.7
1427.2 1477.2 1469.7 1408.3 1337.3 1316.0 1261.6 1192.1 1183.7 1112.7 986.5 828.3 607.0 449.7 620.5 898.9 1074.8 1094.7 1112.0 1172.7 1238.7 1276.5 1334.0 1393.1 1491.7 1601.3 1713.3 1948.8 2344.6 2448.1 2349.3 2603.6 2621.1 2321.3 2073.3 2032.4 1933.7 1972.8 2053.9 2107.9 2148.5 2199.1 2245.5 2309.8 2385.9 2356.5 2267.1 2241.9 2236.9 2163.4 2036.2 2061.5 2198.1 2246.2 2254.3 2237.3 2320.8 2403.9 2542.7 2726.8 2717.5 2509.6 2630.2 2665.2 2662.5 2649.4 2567.0 2488.0 2407.2
1458.2 1483.1 1395.3 1269.0 1204.6 1185.2 1153.9 1092.4 973.5 918.1 649.5 490.7 438.2 486.7 749.5 909.0 1042.9 1040.0 1052.7 1109.0 1171.1 1206.9 1262.5 1348.5 1460.7 1595.4 1752.0 2102.1 2490.9 2628.5 2537.1 2678.9 2751.9 2656.0 2486.9 2313.0 2190.3 2101.3 2072.2 2123.6 2180.0 2257.5 2285.0 2343.9 2430.3 2385.8 2346.7 2355.8 2273.3 2147.1 2086.9 2103.0 2152.2 2228.1 2288.2 2302.1 2353.2 2456.8 2742.2 2940.4 3031.0 2818.2 2726.7 2741.3 2767.6 2724.7 2623.6 2510.5 2419.7
1285.8 1225.8 1199.2 1149.4 1094.4 1056.8 1068.1 1009.1 849.3 543.1 445.9 516.4 668.2 782.3 885.3 901.8 924.8 954.4 991.4 1024.9 1124.5 1197.8 1282.3 1385.0 1528.8 1699.2 1876.5 2138.3 2477.1 2613.3 2622.1 2701.1 2701.1 2650.9 2617.3 2561.5 2461.5 2334.4 2226.9 2189.4 2211.4 2306.3 2372.9 2371.5 2470.5 2505.8 2478.5 2352.9 2244.5 2195.1 2196.8 2204.4 2212.6 2231.7 2270.7 2327.6 2415.0 2541.6 2638.4 2689.9 2867.6 2891.6 2760.8 2729.1 2746.2 2662.4 2560.1 2497.8 2454.9
991.7 1014.4 963.8 1025.2 1016.7 904.2 866.5 610.9 459.0 439.2 644.6 891.8 1031.7 1090.2 1116.5 1128.7 1125.1 1127.1 1125.5 1105.2 1121.4 1192.5 1286.0 1393.0 1483.3 1604.1 1769.9 2016.1 2343.7 2461.5 2402.0 2539.7 2562.8 2540.7 2543.5 2610.9 2646.8 2612.7 2538.8 2511.0 2479.0 2457.1 2508.0 2538.0 2618.0 2633.4 2477.2 2342.6 2289.8 2333.8 2329.9 2319.3 2341.9 2412.8 2450.9 2453.2 2496.4 2536.2 2483.8 2526.7 2552.1 2531.3 2575.7 2605.6 2630.6 2580.5 2571.4 2507.1 2427.6
723.8 868.3 822.7 654.2 715.5 539.7 431.1 399.0 547.4 736.4 926.7 1042.1 1125.5 1156.7 1227.2 1267.4 1258.4 1248.6 1236.5 1207.2 1200.4 1254.1 1284.9 1347.1 1500.4 1651.6 1825.6 1982.3 2090.5 2173.5 2223.6 2317.7 2376.6 2420.9 2483.2 2504.2 2492.5 2471.4 2512.2 2684.4 2721.2 2651.7 2633.7 2673.8 2687.1 2590.9 2523.3 2439.0 2417.5 2433.1 2422.4 2417.7 2390.9 2368.8 2390.2 2336.7 2344.8 2378.4 2402.5 2384.3 2347.1 2294.9 2356.1 2387.9 2395.2 2426.6 2534.6 2579.5 2501.2
405.7 544.1 584.9 423.9 397.8 391.9 510.0 634.6 686.4 736.2 771.8 837.8 918.4 1046.7 1133.5 1176.6 1240.7 1340.1 1387.2 1317.8 1342.2 1458.7 1484.7 1497.4 1612.6 1904.6 2172.7 2209.5 2295.2 2296.8 2237.8 2284.4 2287.2 2186.9 2172.7 2220.8 2143.9 2130.5 2193.9 2374.8 2376.7 2337.5 2487.3 2680.4 2746.0 2763.8 2605.6 2439.6 2374.4 2304.1 2252.2 2218.9 2221.0 2201.7 2179.6 2161.1 2153.5 2166.7 2168.4 2163.3 2131.2 2056.2 2129.4 2137.2 2201.2 2332.2 2424.1 2503.6 2454.4
585.0 451.8 445.9 552.6 750.1 752.6 783.4 936.2 960.8 932.6 877.0 911.0 859.1 894.9 1003.9 1140.9 1273.6 1353.6 1372.5 1435.0 1553.3 1714.7 1764.5 1713.3 1712.1 1912.7 2163.6 2178.7 2128.8 2099.6 1984.8 1885.6 1830.3 1805.2 1803.0 1867.0 1893.3 1901.5 1941.4 2005.5 2061.1 2150.5 2360.5 2611.2 2766.2 2883.9 2825.2 2489.6 2337.5 2292.7 2292.6 2310.5 2326.6 2342.7 2392.5 2386.3 2327.7 2283.2 2172.1 2147.0 2081.7 1976.6 1903.2 1907.2 2007.2 2068.4 2205.5 2269.7 2245.2
1041.5 1014.4 1024.6 1037.8 1107.5 1093.4 1024.1 995.8 1047.2 1109.8 1033.8 1114.1 1094.1 998.4 908.9 1019.6 1157.8 1236.0 1270.7 1349.0 1527.6 1750.4 1929.9 1929.7 1914.5 1978.7 1952.3 1890.3 1741.5 1635.4 1603.2 1621.3 1740.7 1799.1 1879.1 2025.2 2095.7 2102.2 2149.8 2155.5 2184.2 2296.8 2429.7 2609.9 2781.9 2920.8 2987.3 2811.6 2588.1 2584.9 2633.0 2588.8 2492.2 2491.6 2448.9 2406.5 2393.2 2430.2 2412.4 2282.9 2262.8 2235.3 2108.3 1949.1 1829.8 1859.1 1914.9 1934.7 1912.6
1162.7 1309.3 1421.0 1440.2 1438.8 1389.7 1346.7 1281.4 1195.7 1170.3 1187.0 1236.5 1286.0 1198.0 1057.8 944.6 1042.4 1086.1 1165.2 1298.7 1431.3 1538.4 1660.8 1720.2 1770.4 1806.3 1732.6 1625.3 1503.9 1460.4 1548.6 1652.3 1750.7 1841.7 1913.4 2057.0 2174.8 2269.3 2322.5 2369.7 2410.0 2458.0 2542.5 2668.8 2833.6 2946.7 2931.4 2822.0 2769.1 2738.5 2720.1 2668.2 2536.2 2409.8 2453.2 2512.0 2421.9 2311.9 2331.1 2359.7 2246.4 2086.2 1989.8 1887.1 1783.8 1702.5 1709.1 1686.8 1680.7
1170.1 1383.8 1503.5 1568.1 1563.3 1567.8 1553.1 1507.5 1419.0 1316.6 1302.9 1357.4 1357.0 1203.0 1091.8 1037.4 994.2 1032.3 1135.6 1222.5 1275.4 1335.0 1417.5 1481.5 1595.8 1608.7 1541.8 1445.4 1377.5 1411.8 1480.4 1519.2 1610.7 1713.4 1775.0 1846.5 1950.7 2046.0 2204.4 2353.5 2491.7 2552.9 2698.4 2771.9 2809.3 2880.6 2952.6 2914.6 2912.3 2818.2 2696.6 2604.6 2478.2 2225.7 2288.6 2460.7 2357.9 2247.3 2063.5 2080.7 2030.3 1886.9 1761.6 1691.1 1659.9 1676.2 1759.6 1851.4 1893.1
