data/case_study_destine/merger_hmc_by_domain/geo/AdigeDomain.dem.txt
ncols  423
nrows   426
xllcorner   10.37400
yllcorner    44.96738
cellsize   0.0050020
NODATA_value -9999
[rows 341 to 371 of 426, columns 138 to 206 of 423]
107.9 194.7 274.0 217.3 164.9 146.7 89.5 73.9 79.1 85.3 86.6 78.2 73.5 72.3 76.7 102.8 184.8 265.4 270.1 246.8 207.8 222.3 261.0 272.4 272.5 272.5 271.3 272.2 273.2 272.8 272.8 272.9 274.0 273.5 273.3 273.6 273.8 273.1 269.9 123.7 77.8 145.1 269.2 279.7 281.9 283.6 284.7 284.6 284.8 285.7 285.4 285.4 284.8 284.4 282.3 279.2 273.7 265.1 272.2 276.8 278.0 269.8 103.1 118.0 277.6 282.3 284.8 292.8 302.5
276.5 281.3 282.3 281.2 280.6 279.3 249.0 208.5 199.7 185.0 160.7 162.2 204.6 199.8 148.0 92.4 67.7 93.4 109.2 79.5 66.3 65.8 85.3 182.2 217.0 248.7 264.6 271.3 271.8 271.4 270.5 270.9 271.5 271.4 271.7 271.6 271.7 272.1 273.8 242.4 106.1 76.6 157.6 275.8 280.6 283.9 285.2 285.1 285.8 286.4 286.0 284.6 283.8 283.9 282.7 278.6 273.2 264.2 272.0 276.6 276.4 213.6 79.3 150.1 279.5 282.2 281.9 283.9 285.2
281.0 281.5 281.5 281.5 280.5 279.7 278.6 279.3 279.6 278.5 277.9 277.6 278.1 277.8 275.8 242.5 150.9 123.0 122.3 139.6 194.5 172.2 86.8 75.1 68.6 72.7 89.5 124.2 194.3 256.4 269.5 270.5 269.9 268.5 268.4 269.7 270.2 271.0 271.7 272.6 235.7 98.7 85.2 265.7 280.4 284.0 285.7 285.8 285.8 285.6 285.1 283.9 283.7 284.0 282.9 277.7 272.6 263.9 273.0 276.2 249.8 97.9 84.8 218.5 280.1 282.0 281.4 281.7 283.3
281.8 280.9 281.4 281.6 280.9 280.0 279.9 277.8 277.3 277.5 277.3 276.9 276.8 276.7 275.7 274.9 274.2 273.4 273.1 272.9 273.2 272.1 255.7 245.0 208.3 158.0 119.4 83.7 66.0 78.2 111.1 166.4 245.8 269.0 268.1 267.7 268.3 269.3 270.1 271.7 270.4 121.8 85.8 264.8 281.1 285.3 286.0 285.3 284.8 284.3 284.1 284.6 283.7 284.3 283.7 278.0 272.6 263.7 272.3 270.7 124.1 75.9 158.1 274.2 279.2 281.1 281.3 281.4 279.9
283.7 281.7 282.1 282.6 281.3 280.3 279.8 278.6 278.7 278.0 277.5 277.5 278.2 277.6 277.1 276.5 276.4 275.4 274.6 273.5 273.0 272.4 272.3 272.5 272.5 271.2 267.4 237.4 186.7 133.6 92.5 66.5 85.6 206.0 266.9 266.0 265.5 266.6 268.6 270.2 266.7 108.2 125.5 275.8 281.6 284.5 284.4 284.4 284.2 283.9 283.5 283.2 282.4 282.3 281.9 277.4 271.9 261.3 271.4 256.5 94.2 110.5 262.3 276.8 279.8 280.7 280.7 280.3 279.8
283.4 281.7 281.6 282.4 282.1 281.5 280.2 279.6 280.2 278.5 277.7 278.1 278.8 278.7 278.5 278.1 277.8 276.5 276.2 275.4 274.5 274.3 273.9 274.4 273.6 272.3 270.1 269.0 270.3 269.4 256.7 176.3 72.3 90.7 138.2 130.9 127.9 165.7 266.7 269.3 259.8 92.5 144.6 275.9 281.8 284.7 284.3 283.5 284.0 284.0 283.5 283.2 282.5 282.4 280.8 276.4 271.4 260.8 269.9 226.9 80.5 180.0 273.7 277.1 279.7 280.4 280.9 279.4 279.5
287.0 283.6 281.7 282.3 283.0 281.9 280.8 280.6 280.4 279.5 279.1 279.1 280.2 280.6 280.3 279.6 278.9 278.5 278.0 277.9 276.8 275.8 275.3 274.6 273.7 273.1 272.0 271.4 270.9 270.9 270.7 267.7 161.8 94.0 91.9 89.3 76.3 93.8 265.6 268.2 145.3 72.3 172.6 270.0 279.5 285.0 285.0 284.4 283.5 283.4 283.4 283.1 282.5 282.7 282.4 277.8 272.9 265.2 265.0 224.6 80.3 183.2 274.1 276.8 279.3 280.0 280.0 279.5 278.1
289.1 283.9 281.4 283.5 283.2 282.7 282.1 282.3 281.1 280.5 280.2 280.3 280.4 280.7 281.7 281.0 279.9 279.4 279.5 278.6 277.8 276.9 276.4 275.5 274.7 273.7 273.4 272.4 271.4 270.4 270.4 270.2 267.5 262.6 150.6 75.2 63.8 122.8 266.2 256.4 96.2 87.7 229.8 274.6 279.2 282.2 283.3 283.9 283.1 283.0 283.5 283.0 282.5 282.9 282.2 278.4 274.2 268.9 259.1 238.4 86.3 142.2 273.3 277.0 278.5 279.2 278.7 278.1 278.2
289.2 287.8 276.8 252.7 271.7 282.0 281.8 280.9 281.3 280.8 280.5 280.0 280.9 281.5 282.4 282.7 281.5 280.7 281.1 280.4 278.5 277.4 277.3 276.7 276.3 274.9 274.1 272.7 273.3 271.2 270.9 270.9 270.9 269.0 127.4 68.9 76.8 161.0 256.8 191.4 71.3 149.1 270.6 275.7 280.1 280.8 280.8 282.2 283.4 282.8 282.4 283.1 281.6 281.2 281.2 278.7 275.2 271.7 267.0 257.0 109.2 136.2 271.4 276.6 279.0 278.9 278.6 277.9 277.8
289.1 287.6 253.4 99.0 124.5 197.8 263.3 279.4 279.4 278.9 278.8 279.8 281.9 280.7 281.1 281.4 282.0 281.5 281.9 281.4 280.7 279.0 278.7 278.3 277.3 276.5 275.2 274.2 274.2 272.1 271.5 272.9 270.7 269.0 235.4 147.6 89.7 60.7 95.1 112.3 79.3 228.2 270.7 273.4 277.5 280.0 281.9 280.5 280.2 281.8 281.8 280.6 280.4 281.2 280.7 279.3 277.2 274.7 272.0 268.0 113.5 89.6 244.8 275.4 278.2 278.5 278.7 277.8 277.5
289.2 289.2 279.2 152.4 103.8 90.8 105.0 164.1 273.0 279.2 278.6 280.7 280.6 279.5 279.3 279.4 280.4 281.6 281.5 281.7 281.0 279.6 279.1 278.6 277.7 277.6 277.1 276.2 274.4 272.7 272.2 272.2 267.8 265.0 265.0 266.5 243.5 146.4 70.6 62.9 81.4 240.1 269.8 274.9 276.6 278.1 281.3 281.9 280.8 279.6 279.7 280.8 280.9 280.6 280.0 279.5 279.9 277.8 275.3 272.7 166.6 75.0 134.3 272.1 277.0 277.5 278.2 277.7 277.4
290.0 289.6 289.4 286.2 259.8 177.2 109.9 91.0 128.8 204.2 251.3 268.1 275.7 278.5 278.7 278.1 278.8 281.3 281.1 280.9 281.0 279.8 278.8 278.1 278.1 276.0 270.5 271.4 270.0 269.2 268.1 266.6 266.0 266.7 265.8 262.3 261.1 258.7 184.7 80.8 66.4 239.7 269.8 273.8 275.7 277.1 278.8 279.7 279.9 279.6 279.6 280.6 280.3 279.8 279.6 279.8 279.9 280.5 277.6 273.4 259.6 96.5 107.9 264.5 275.9 277.7 277.6 276.8 276.8
289.7 289.8 289.1 287.5 287.0 286.4 245.4 133.8 97.4 91.7 94.7 98.4 113.1 157.2 185.3 144.3 140.0 161.5 215.0 215.7 216.8 216.3 230.6 278.2 278.6 277.7 276.3 275.8 276.2 275.2 271.4 270.0 271.5 269.9 268.1 265.1 258.1 247.0 152.2 72.4 79.2 250.0 271.8 273.0 273.7 275.3 277.5 279.2 279.5 280.3 278.9 280.0 279.5 279.9 279.6 279.6 279.3 279.6 278.7 274.7 269.8 118.6 78.8 139.4 265.4 277.2 277.6 277.1 276.9
289.7 289.1 288.8 289.0 288.3 286.6 286.4 282.6 262.5 221.0 206.5 169.0 120.4 104.7 101.5 102.0 108.9 93.6 92.4 93.7 94.3 92.1 112.6 215.7 264.1 277.5 278.7 278.5 278.2 278.0 272.5 271.2 273.4 271.3 269.4 264.7 266.2 154.5 63.5 90.1 204.1 270.4 271.7 271.6 272.3 273.9 275.3 278.2 278.8 278.8 278.9 278.5 278.9 278.5 278.6 279.1 279.1 278.8 278.7 275.6 270.5 232.4 106.0 84.2 131.2 268.6 276.8 278.1 277.4
287.0 288.0 287.8 287.9 287.4 287.3 285.9 285.0 284.9 285.9 285.3 284.0 280.8 271.7 269.9 270.2 273.7 248.5 245.1 245.4 248.2 155.5 97.8 91.2 101.8 163.7 260.5 277.4 275.2 275.3 277.0 276.0 273.6 271.5 269.1 267.3 267.5 153.9 65.9 75.4 104.0 156.7 253.5 271.0 272.2 273.7 276.1 277.4 278.1 277.7 277.9 277.7 277.6 278.8 278.2 278.2 278.5 278.6 278.8 275.1 270.8 265.6 246.2 121.6 90.3 233.3 277.1 276.7 276.7
280.6 284.0 284.3 285.2 286.4 285.9 285.4 285.5 284.5 285.0 284.9 284.4 284.0 283.3 282.9 282.4 281.8 280.8 280.3 280.0 281.2 279.2 248.4 194.4 109.6 90.0 103.5 139.2 118.0 110.9 155.1 237.0 256.5 270.8 268.5 266.0 266.1 229.0 161.1 126.4 88.4 56.1 178.8 270.7 271.7 274.0 275.1 276.8 278.1 278.4 278.0 277.1 276.8 277.9 277.5 277.8 278.2 278.1 269.2 241.6 259.4 261.3 264.3 227.3 89.9 122.1 242.5 275.6 276.4
214.6 249.6 267.9 278.6 283.9 286.0 284.9 284.7 284.5 284.6 284.3 283.6 284.5 284.5 284.9 284.8 284.6 283.7 282.3 281.2 282.1 282.9 283.6 282.4 266.0 177.9 123.1 109.6 109.7 104.8 89.4 87.8 98.5 183.9 263.9 265.2 264.6 222.8 116.3 85.6 75.0 59.2 176.0 271.0 272.5 274.0 276.0 278.1 277.8 277.4 277.3 276.6 276.5 276.8 276.4 276.4 276.7 277.1 230.4 87.6 101.4 154.5 223.9 259.5 137.4 89.4 97.8 164.3 260.2
74.4 77.4 89.2 157.2 278.9 283.4 284.1 284.0 283.8 283.6 283.6 283.1 284.2 286.0 284.8 284.0 283.0 283.0 283.2 282.7 281.8 281.3 281.6 281.9 281.6 281.7 278.3 275.4 275.1 266.2 243.6 178.5 93.9 93.7 240.2 264.9 264.6 154.6 59.4 96.7 156.3 167.1 248.5 270.4 272.3 273.9 275.9 277.5 278.9 277.3 277.2 276.3 275.5 275.4 275.7 275.6 276.1 275.7 261.5 155.3 93.1 67.5 81.7 245.6 267.5 193.4 105.5 87.6 109.8
216.9 203.3 92.2 91.8 264.5 280.0 284.8 284.5 283.5 285.3 284.0 282.8 282.7 284.0 284.7 282.2 281.8 282.1 281.8 281.1 281.7 281.5 281.4 281.4 281.4 281.5 280.8 279.7 279.1 277.0 276.3 273.9 166.0 79.4 130.8 262.3 263.5 169.3 66.1 61.6 112.3 260.2 268.6 269.5 271.7 275.1 276.8 277.8 277.5 277.4 276.9 276.0 276.0 275.7 276.2 276.0 274.8 274.8 274.0 269.5 256.5 127.6 87.9 251.0 270.7 273.7 256.7 155.6 91.9
277.5 274.9 187.1 72.1 174.5 276.3 280.9 282.9 284.7 283.2 282.5 282.6 282.3 281.8 282.3 282.5 280.9 281.4 282.6 280.6 280.4 280.7 280.9 281.0 281.0 281.4 280.1 279.3 278.0 276.4 274.8 272.6 257.9 109.3 83.4 231.6 263.7 236.2 135.9 66.4 87.0 258.8 270.3 270.8 270.2 272.3 274.9 277.3 277.8 277.4 276.7 276.0 275.7 275.4 275.2 274.7 275.0 274.6 274.4 271.0 267.4 144.0 86.3 252.6 266.5 271.5 275.2 274.4 229.8
281.3 277.0 240.8 87.8 78.1 156.8 270.5 281.0 283.0 285.9 283.4 282.5 281.9 281.4 281.0 281.1 281.3 280.9 281.0 280.4 279.9 279.5 279.3 279.0 279.2 279.3 279.3 278.6 278.0 276.7 274.7 272.7 269.8 206.4 79.3 181.9 217.1 86.2 59.9 83.1 164.3 265.6 268.6 269.9 269.8 270.9 273.0 276.4 277.7 277.3 276.8 276.9 275.9 275.3 274.9 275.0 274.6 274.9 274.5 272.9 269.8 155.8 73.0 83.3 115.2 209.8 271.3 274.1 273.7
281.6 279.7 276.3 223.3 91.6 76.6 130.0 261.0 279.5 281.5 282.1 281.9 282.6 282.4 281.1 280.7 279.7 279.9 279.7 279.2 279.1 279.3 278.9 279.2 278.2 277.7 277.8 278.1 277.6 277.7 275.7 272.7 270.1 252.4 88.3 134.7 190.1 61.1 119.5 210.1 247.0 256.4 266.5 266.7 269.0 270.3 272.6 274.3 276.6 277.3 276.3 276.1 278.6 275.6 275.2 275.0 274.7 274.4 275.0 274.3 272.1 233.8 131.0 91.5 67.4 140.4 269.1 271.8 272.6
281.7 280.4 277.3 272.7 239.7 105.2 79.6 108.3 209.4 278.2 281.0 282.1 281.6 281.6 281.6 280.7 280.8 281.0 280.9 280.7 279.8 279.2 278.3 278.4 277.5 277.5 277.1 276.8 277.0 277.1 275.3 272.0 269.8 266.4 113.3 117.7 202.3 78.0 65.8 66.2 66.7 79.2 181.0 266.0 267.2 268.7 271.5 272.9 274.6 276.5 275.6 275.5 276.1 274.8 274.4 274.0 274.4 274.0 273.8 273.6 273.1 270.8 261.1 97.9 64.1 169.8 266.0 271.4 272.8
284.0 283.3 281.7 278.6 273.6 255.5 130.8 79.5 91.0 192.3 275.1 279.9 282.5 281.7 282.5 282.3 281.0 280.1 279.1 279.9 279.9 279.2 278.4 278.5 278.4 277.5 277.3 277.2 276.3 276.5 275.9 273.0 270.3 268.1 129.5 102.9 261.1 238.3 227.0 203.7 138.4 66.5 131.4 266.3 266.5 267.1 269.9 272.7 274.6 275.4 275.3 275.0 274.8 274.6 274.3 274.2 273.6 273.3 273.4 273.5 272.8 272.1 262.0 95.7 67.6 83.3 185.6 270.7 272.6
282.5 282.9 282.1 280.5 277.4 273.3 266.2 188.2 76.7 83.6 169.2 271.8 279.1 279.9 280.3 280.7 280.8 280.4 279.2 278.7 278.8 278.8 278.3 277.8 278.1 277.3 277.4 276.7 276.2 275.4 275.7 273.7 270.3 268.3 154.7 83.7 209.9 264.9 264.0 186.7 74.9 64.2 166.8 265.4 265.9 266.9 269.1 272.7 274.0 274.8 274.6 274.4 274.5 273.2 273.4 272.6 272.8 272.6 272.7 272.8 272.3 272.0 267.9 239.2 158.6 79.2 106.8 263.3 272.2
282.4 281.5 282.3 281.2 279.7 276.7 273.8 269.3 206.3 80.7 77.5 139.6 257.0 274.9 276.5 277.2 277.9 278.4 279.0 278.0 277.5 278.1 278.2 277.9 276.9 276.5 277.4 276.3 275.8 275.3 275.0 274.1 272.2 270.5 199.7 83.8 94.3 225.7 249.4 83.2 73.0 178.7 261.2 264.9 266.7 267.8 269.3 271.1 273.0 274.9 274.7 274.7 273.4 272.3 272.3 272.3 272.3 272.5 272.7 272.6 272.7 271.9 267.8 263.8 255.0 123.2 77.4 172.8 269.7
280.9 281.2 280.9 281.1 280.4 279.9 277.6 275.1 269.2 222.3 93.9 70.6 99.6 147.3 214.5 259.7 272.1 273.7 275.4 276.1 277.2 278.3 278.8 278.6 276.6 276.4 276.8 277.0 276.1 274.9 274.9 275.2 273.1 272.1 268.3 165.2 79.2 101.6 222.1 75.9 102.1 249.2 263.9 264.6 265.0 266.0 267.1 269.3 271.9 273.4 274.2 275.0 274.3 272.8 272.3 272.5 273.5 273.3 273.8 273.8 273.2 272.0 267.4 263.1 257.5 212.0 81.5 89.5 250.5
280.7 280.4 281.1 281.9 281.5 280.8 280.5 277.0 272.7 269.7 248.7 145.3 92.8 68.8 73.4 90.9 143.5 208.6 264.3 272.1 273.6 276.4 277.3 277.1 277.1 276.9 276.2 275.6 274.6 274.5 274.5 275.5 275.6 271.9 270.1 262.8 139.9 76.1 225.0 225.0 62.4 93.6 212.9 262.5 264.0 264.6 266.2 268.3 269.6 271.4 272.2 274.4 274.4 273.5 274.1 274.8 273.7 273.3 273.3 273.6 273.9 273.1 270.4 266.1 261.9 250.3 163.7 74.4 215.5
280.3 280.4 279.5 279.8 280.0 280.0 280.6 279.5 276.4 273.8 271.9 270.7 264.5 220.9 160.9 97.8 68.5 74.8 104.2 189.3 266.2 273.1 274.7 276.3 276.6 276.4 275.3 275.4 274.7 274.4 274.4 274.6 274.4 271.9 269.4 268.0 251.4 93.5 90.6 227.8 135.2 60.4 86.2 249.4 262.7 262.8 264.3 266.0 267.4 269.7 270.7 272.7 274.9 275.6 276.0 275.1 273.4 273.3 273.4 273.3 271.6 270.8 270.1 267.5 264.3 255.0 123.8 73.7 213.9
278.3 279.9 279.7 278.9 278.9 278.9 279.3 279.3 278.2 276.9 275.1 272.9 271.5 270.6 270.4 265.5 216.1 129.8 69.3 73.8 138.7 256.0 272.3 274.0 276.7 276.5 275.6 274.6 274.3 274.0 274.2 274.3 273.8 270.2 269.5 268.4 270.0 159.8 75.5 127.8 257.4 142.6 64.1 232.9 262.2 262.0 262.0 263.1 265.3 267.6 269.5 271.1 272.5 274.1 272.9 272.5 273.7 274.9 273.5 272.8 272.7 272.2 271.1 268.9 265.2 236.1 73.7 93.7 235.3
275.4 278.3 279.3 278.2 278.3 278.5 278.5 278.7 278.8 277.8 277.1 277.0 275.8 274.6 272.7 271.0 269.9 267.7 218.6 91.6 67.6 140.4 264.5 271.9 273.0 275.7 275.4 274.5 274.5 274.4 273.6 273.2 271.1 267.6 265.2 265.9 267.9 251.1 108.5 80.3 234.4 187.1 62.6 220.5 258.8 261.0 261.3 261.9 264.2 265.9 268.1 269.4 271.3 272.9 273.2 271.9 272.3 275.0 272.7 271.4 271.0 270.7 271.3 269.3 266.3 185.4 67.1 174.3 267.6
