data/case_study_destine/merger_hmc_by_domain/geo/BasilicataDomain.dem.txt
ncols   395
nrows   388
xllcorner    14.9008
yllcorner    39.8950
cellsize    0.005002
NODATA_value -9999
[rows 68 to 101 of 388, columns 152 to 227 of 395]
90.8 89.7 89.0 88.2 87.9 86.4 85.3 83.1 81.5 79.8 75.9 73.8 72.7 74.9 77.6 75.1 70.0 64.6 62.7 57.5 55.3 55.1 57.0 62.4 66.2 65.2 62.5 59.3 58.0 57.0 56.1 53.5 52.3 51.5 49.1 40.3 29.1 39.4 46.6 48.1 49.3 50.7 51.9 48.6 43.9 44.6 44.6 44.2 48.1 53.1 53.6 -9999.0 -9999.0 -9999.0 -9999.0 -9999.0 -9999.0 -9999.0 -9999.0 -9999.0 -9999.0 -9999.0 -9999.0 -9999.0 -9999.0 -9999.0 -9999.0 -9999.0 -9999.0 -9999.0 -9999.0 -9999.0 -9999.0 -9999.0 -9999.0 -9999.0
91.5 91.6 91.2 90.4 89.1 87.7 87.3 86.2 84.6 80.0 75.2 79.7 81.2 79.8 77.4 70.0 67.6 68.8 72.2 73.1 71.5 70.1 69.2 67.7 65.0 62.5 58.9 56.7 54.9 54.4 51.2 45.7 40.3 34.8 30.9 35.1 45.6 48.7 50.3 52.1 53.1 53.8 54.1 53.6 46.7 44.1 44.1 44.4 44.3 47.0 53.5 54.2 -9999.0 -9999.0 -9999.0 -9999.0 -9999.0 -9999.0 -9999.0 -9999.0 -9999.0 -9999.0 -9999.0 -9999.0 -9999.0 -9999.0 -9999.0 -9999.0 -9999.0 -9999.0 -9999.0 -9999.0 -9999.0 -9999.0 -9999.0 -9999.0
92.1 91.1 90.1 89.2 87.9 86.6 84.2 80.7 79.1 77.7 81.0 82.1 80.0 76.5 72.0 70.9 75.5 75.9 75.5 73.6 70.7 69.3 66.2 63.6 61.8 59.7 56.9 51.4 45.9 38.3 34.9 39.9 45.0 47.5 48.3 49.4 50.0 51.6 53.8 54.2 54.6 54.5 54.1 54.1 53.4 46.2 44.3 44.1 45.5 50.4 53.9 54.1 54.1 -9999.0 -9999.0 -9999.0 -9999.0 -9999.0 -9999.0 -9999.0 -9999.0 -9999.0 -9999.0 -9999.0 -9999.0 -9999.0 -9999.0 -9999.0 -9999.0 -9999.0 -9999.0 -9999.0 -9999.0 -9999.0 -9999.0 -9999.0
91.3 88.2 86.8 86.1 85.3 83.5 82.2 80.7 80.2 78.8 77.7 76.3 75.3 75.2 75.1 75.3 75.5 75.5 73.4 70.9 66.8 64.7 62.1 59.4 55.5 46.5 38.5 39.8 45.6 50.1 52.7 52.8 53.2 52.8 52.9 53.1 53.8 55.9 56.1 55.1 55.1 54.5 54.6 54.2 54.2 54.0 48.8 52.1 53.8 54.3 54.2 54.3 54.2 54.1 -9999.0 -9999.0 -9999.0 -9999.0 -9999.0 -9999.0 -9999.0 -9999.0 -9999.0 -9999.0 -9999.0 -9999.0 -9999.0 -9999.0 -9999.0 -9999.0 -9999.0 -9999.0 -9999.0 -9999.0 -9999.0 -9999.0
89.7 89.1 89.7 89.3 86.7 84.4 84.3 83.7 82.2 82.7 82.1 81.4 80.2 77.9 74.7 73.2 72.4 71.6 69.6 66.9 63.0 55.1 47.6 41.1 45.3 51.5 55.2 56.0 55.9 55.6 55.8 56.4 56.4 56.9 56.7 56.6 57.0 56.6 56.3 55.7 55.3 55.2 55.1 55.1 55.0 55.1 55.1 55.0 55.0 54.9 54.2 54.2 54.1 54.1 -9999.0 -9999.0 -9999.0 -9999.0 -9999.0 -9999.0 -9999.0 -9999.0 -9999.0 -9999.0 -9999.0 -9999.0 -9999.0 -9999.0 -9999.0 -9999.0 -9999.0 -9999.0 -9999.0 -9999.0 -9999.0 -9999.0
90.4 89.9 88.6 88.2 88.5 88.7 87.9 86.2 85.3 84.2 83.5 82.9 80.9 77.0 72.0 66.0 64.3 63.7 62.1 56.2 43.2 49.2 54.8 57.7 59.4 59.4 59.9 60.0 59.9 59.4 59.6 60.0 59.6 59.3 58.4 57.5 57.1 56.5 55.8 55.7 56.1 56.4 56.1 56.0 56.0 55.3 55.4 55.2 55.2 54.6 54.5 54.3 53.9 54.2 53.5 -9999.0 -9999.0 -9999.0 -9999.0 -9999.0 -9999.0 -9999.0 -9999.0 -9999.0 -9999.0 -9999.0 -9999.0 -9999.0 -9999.0 -9999.0 -9999.0 -9999.0 -9999.0 -9999.0 -9999.0 -9999.0
92.5 91.9 91.2 89.7 89.7 88.5 87.5 86.8 85.1 83.8 83.6 82.6 79.9 72.6 61.5 56.0 55.7 54.1 51.7 52.6 59.1 62.1 62.8 62.6 62.9 63.2 63.2 63.3 63.0 62.9 61.9 61.5 60.8 59.7 59.0 58.1 57.9 57.9 49.0 49.0 49.0 49.0 49.0 49.0 49.0 49.0 49.0 49.0 49.0 49.0 49.0 49.0 49.0 49.0 49.0 53.3 52.8 -9999.0 -9999.0 -9999.0 -9999.0 -9999.0 -9999.0 -9999.0 -9999.0 -9999.0 -9999.0 -9999.0 -9999.0 -9999.0 -9999.0 -9999.0 -9999.0 -9999.0 -9999.0 -9999.0
95.6 94.4 92.6 91.2 89.7 88.2 87.4 85.8 85.3 84.2 81.3 77.7 72.3 70.2 69.7 70.6 69.1 67.1 66.3 65.4 65.1 65.5 66.3 66.2 66.2 65.9 65.3 64.9 65.0 64.0 63.3 61.7 61.0 59.9 60.3 59.6 58.7 58.5 51.0 57.6 57.4 56.8 56.6 56.8 57.2 56.3 56.4 56.6 55.3 54.6 54.2 53.5 53.4 53.5 53.4 53.1 53.1 53.8 -9999.0 -9999.0 -9999.0 -9999.0 -9999.0 -9999.0 -9999.0 -9999.0 -9999.0 -9999.0 -9999.0 -9999.0 -9999.0 -9999.0 -9999.0 -9999.0 -9999.0 -9999.0
96.8 95.6 94.9 93.3 91.5 90.0 89.0 84.0 81.0 75.5 75.7 78.1 80.8 79.3 76.1 74.5 73.8 72.1 70.2 69.7 69.4 69.4 69.6 70.0 70.5 69.5 69.1 68.9 68.4 66.6 64.6 64.3 62.2 61.6 61.2 59.9 60.2 59.4 51.0 58.3 58.4 57.8 56.9 57.1 58.1 57.4 57.1 56.6 55.3 54.6 54.5 53.9 53.1 53.6 53.3 53.6 52.8 52.4 53.4 -9999.0 -9999.0 -9999.0 -9999.0 -9999.0 -9999.0 -9999.0 -9999.0 -9999.0 -9999.0 -9999.0 -9999.0 -9999.0 -9999.0 -9999.0 -9999.0 -9999.0
98.4 96.7 95.2 94.0 92.3 90.7 87.3 78.0 82.2 82.0 84.3 83.4 81.5 79.6 78.0 77.4 76.5 75.5 74.7 73.3 72.5 71.2 73.2 73.9 72.1 70.8 69.8 68.7 67.8 67.3 66.0 64.6 63.1 62.5 61.2 61.5 61.6 60.1 51.0 59.1 59.1 58.0 57.7 58.0 58.7 57.5 57.6 55.5 55.2 55.2 54.6 53.7 53.2 53.4 53.7 53.6 53.2 50.2 49.2 49.9 50.8 -9999.0 -9999.0 -9999.0 -9999.0 -9999.0 -9999.0 -9999.0 -9999.0 -9999.0 -9999.0 -9999.0 -9999.0 -9999.0 -9999.0 -9999.0
98.2 97.5 96.8 94.8 91.2 83.7 81.7 84.6 88.3 87.0 86.0 83.7 81.6 80.0 79.0 78.1 76.8 75.8 74.6 73.6 73.0 73.1 74.7 74.2 73.8 73.4 72.1 70.8 69.2 67.9 66.2 65.8 64.4 63.0 62.8 62.7 61.4 60.2 51.0 59.9 60.0 59.7 59.7 59.5 59.2 57.9 56.9 55.8 55.4 54.5 53.9 53.3 53.7 54.6 53.5 53.3 52.0 48.7 45.8 45.1 47.3 49.5 -9999.0 -9999.0 -9999.0 -9999.0 -9999.0 -9999.0 -9999.0 -9999.0 -9999.0 -9999.0 -9999.0 -9999.0 -9999.0 -9999.0
99.2 97.6 97.0 88.9 84.8 88.8 90.8 90.8 89.1 87.9 86.4 84.5 82.6 81.1 80.1 78.9 77.4 75.8 75.1 74.9 75.6 75.6 75.5 74.7 73.7 65.0 65.0 65.0 65.0 65.0 57.0 57.0 57.0 57.0 57.0 57.0 57.0 57.0 51.0 61.0 61.1 61.2 60.7 59.7 58.6 57.6 56.6 55.9 54.7 54.6 53.9 53.6 53.8 53.8 53.3 53.3 51.0 47.3 41.5 32.0 36.6 39.1 42.0 47.8 -9999.0 -9999.0 -9999.0 -9999.0 -9999.0 -9999.0 -9999.0 -9999.0 -9999.0 -9999.0 -9999.0 -9999.0
98.7 89.6 88.9 89.4 94.2 93.8 92.7 91.4 89.6 88.5 86.4 85.1 83.4 82.2 80.8 80.6 81.1 81.1 80.2 79.2 79.3 77.3 76.1 74.7 72.9 66.0 70.1 69.2 68.1 65.8 63.8 62.1 61.2 62.0 61.6 61.8 61.8 62.0 62.5 62.7 61.7 60.8 59.5 58.5 57.8 57.7 56.7 56.2 55.3 54.6 53.6 53.6 53.2 53.4 53.2 53.3 51.9 48.7 41.3 28.3 23.9 31.1 34.9 37.8 40.3 44.6 -9999.0 -9999.0 -9999.0 -9999.0 -9999.0 -9999.0 -9999.0 -9999.0 -9999.0 -9999.0
93.5 94.5 98.0 96.7 95.9 94.5 92.8 91.9 90.2 89.0 87.3 86.0 86.7 85.8 84.2 84.5 83.3 82.4 77.3 76.0 78.4 77.6 77.0 75.7 73.9 66.0 70.7 69.6 66.4 63.1 60.5 59.4 58.7 58.5 58.7 58.6 58.0 58.4 58.6 59.3 59.7 59.6 59.2 58.3 57.8 57.5 56.7 56.2 55.4 55.0 54.6 54.6 54.2 53.5 53.4 54.4 54.0 50.8 41.8 37.0 33.7 24.1 21.7 32.5 36.9 39.1 41.5 44.2 49.6 -9999.0 -9999.0 -9999.0 -9999.0 -9999.0 -9999.0 -9999.0
96.7 100.8 99.5 97.9 95.8 94.3 93.6 91.8 91.2 90.5 89.5 88.5 86.7 82.4 80.1 78.2 75.9 73.9 73.1 74.2 71.9 77.3 76.2 74.7 74.1 66.0 71.6 67.4 63.7 59.8 55.7 54.8 53.2 55.4 50.1 49.5 53.4 53.6 54.9 56.0 56.0 56.1 55.5 54.9 54.2 53.5 53.1 52.5 51.9 51.3 51.8 53.5 53.8 51.4 51.7 52.7 54.5 54.2 51.9 49.7 41.0 34.6 23.3 15.3 29.4 36.0 38.3 40.4 40.8 41.8 45.0 -9999.0 -9999.0 -9999.0 -9999.0 -9999.0
103.3 101.6 100.2 98.6 97.0 95.7 94.9 93.0 92.6 90.9 84.9 82.3 79.7 80.4 82.5 79.3 81.2 82.2 81.3 79.1 69.6 72.5 75.8 69.4 66.0 66.0 70.0 62.5 57.6 51.6 51.5 52.9 50.1 47.0 49.1 47.3 44.6 44.0 44.3 46.3 48.6 51.0 51.3 50.7 50.6 48.0 47.9 46.0 46.7 45.5 48.0 49.8 50.4 47.9 47.6 49.0 51.0 52.9 54.3 53.3 49.8 39.3 35.9 29.6 15.4 23.4 34.0 37.2 36.7 38.2 39.2 40.6 42.7 43.7 -9999.0 -9999.0
104.6 103.1 101.0 99.3 97.9 97.2 95.1 94.3 90.0 83.1 85.6 88.1 87.7 87.9 86.9 86.5 85.6 84.5 81.6 79.6 77.7 68.5 67.1 66.4 73.3 70.4 70.0 57.7 55.9 51.4 61.1 61.9 61.2 59.0 58.3 56.7 54.9 53.3 51.5 49.2 45.2 42.9 41.4 39.6 39.7 38.5 39.2 37.8 37.1 37.9 36.8 42.3 46.9 45.2 44.5 46.7 47.9 49.7 50.9 51.0 51.2 46.9 38.4 35.4 29.1 13.6 14.7 23.5 30.2 33.1 34.9 37.2 38.5 40.5 41.8 43.2
106.1 104.2 102.5 100.6 99.0 97.8 95.0 89.0 85.4 91.0 92.5 91.9 90.1 90.1 89.2 87.9 87.4 86.7 84.5 84.0 82.8 81.0 78.4 76.0 73.8 72.4 70.7 68.8 62.7 53.9 64.7 67.4 66.5 65.6 64.0 63.1 61.0 58.1 55.4 53.7 52.2 51.0 50.3 49.2 48.6 48.3 48.0 47.7 46.8 46.0 43.1 37.2 35.7 38.1 37.7 41.1 43.5 44.7 46.2 46.3 47.1 46.6 42.4 29.7 14.8 27.1 31.5 26.3 18.5 14.7 20.4 31.2 35.0 37.1 38.5 39.9
107.2 104.8 102.6 101.1 99.0 92.9 90.0 92.5 95.5 94.7 93.5 92.7 92.2 91.2 90.5 90.0 89.4 88.7 87.2 85.8 84.5 83.3 79.3 74.2 71.8 70.1 70.6 66.9 56.4 58.0 66.7 70.4 72.2 71.6 70.6 68.8 66.6 64.6 62.6 60.5 58.1 56.3 55.2 54.0 53.7 53.0 53.1 52.2 51.2 50.1 47.3 41.2 35.9 35.5 38.2 36.9 35.8 35.3 35.5 35.3 34.4 35.5 31.0 24.2 32.9 42.5 42.9 36.8 34.6 32.9 25.0 14.6 19.9 30.7 34.8 36.6
107.7 105.9 103.8 100.8 93.1 95.5 99.2 98.5 96.8 95.2 94.8 94.7 93.7 93.1 92.2 91.6 90.8 89.5 87.7 86.2 85.3 81.9 76.2 72.2 68.4 66.3 63.8 58.0 62.5 67.6 70.1 72.8 74.9 74.0 72.9 71.3 70.5 69.1 67.8 66.3 65.1 63.2 61.6 60.6 59.7 59.6 58.9 57.8 56.8 54.1 50.8 40.1 41.7 41.1 48.7 47.2 45.0 44.6 44.7 44.2 43.1 39.6 39.8 44.3 46.8 50.7 54.8 49.3 44.2 38.4 35.7 33.8 26.2 15.4 17.5 27.5
109.9 106.5 102.1 95.5 99.6 102.3 100.1 98.7 97.6 96.9 96.0 95.7 96.0 94.8 93.9 92.6 90.4 88.4 82.5 78.5 77.2 72.2 67.5 62.3 59.4 62.1 64.8 67.5 69.7 72.0 73.6 75.9 76.6 75.8 74.2 72.6 71.2 69.5 67.9 65.2 61.0 59.2 59.3 57.7 56.6 56.9 55.9 55.4 55.3 50.1 45.9 44.8 51.3 52.2 53.6 50.8 50.3 50.4 50.2 49.9 50.1 52.3 54.0 54.2 54.2 55.6 56.9 55.9 53.8 50.4 43.4 38.0 35.5 33.9 28.9 18.5
111.5 100.7 101.3 103.2 104.6 102.7 100.7 100.1 99.5 98.5 97.8 97.9 97.5 96.2 94.5 92.8 88.5 81.7 82.7 86.9 85.8 81.8 74.5 65.1 67.6 73.1 74.1 74.2 74.4 75.7 77.9 78.2 77.0 76.2 75.3 73.8 72.0 70.1 61.6 60.3 61.9 62.4 61.5 60.9 60.1 59.2 59.0 57.7 54.1 53.7 57.7 57.8 57.8 57.7 56.9 55.3 54.2 54.3 55.7 56.9 57.2 61.5 62.0 61.1 59.7 61.8 60.7 59.7 59.2 56.5 53.3 46.1 41.5 40.1 34.3 27.4
112.2 102.3 109.2 107.6 106.2 104.1 103.1 101.7 101.0 101.7 100.5 99.2 98.0 96.4 95.7 94.0 84.7 88.3 91.1 89.8 89.1 86.9 79.8 76.6 78.7 79.1 79.6 79.8 80.6 80.0 80.4 79.3 78.0 78.6 77.5 76.7 72.7 64.7 67.8 70.9 69.7 68.2 67.5 68.0 66.7 65.9 64.0 64.1 63.0 62.4 61.4 59.8 58.7 59.5 58.8 59.0 59.5 58.9 59.9 61.4 63.7 67.6 67.5 65.6 63.0 62.4 63.3 63.0 63.9 60.2 56.8 54.9 53.6 52.0 37.6 32.0
104.2 105.7 110.9 110.3 108.2 106.7 105.3 104.1 103.8 102.7 100.7 100.3 99.2 97.3 95.9 89.4 86.4 92.9 92.5 90.7 90.3 88.3 86.6 84.7 84.2 84.5 84.7 84.6 83.5 82.8 82.4 81.5 80.8 80.8 79.1 70.6 67.6 73.1 76.2 76.3 75.5 75.1 75.3 74.4 72.0 70.1 68.1 67.7 66.4 65.0 63.4 62.4 61.8 61.4 61.3 61.2 61.7 61.7 62.7 63.2 66.0 69.8 70.5 69.7 66.9 65.6 66.4 65.5 66.6 65.0 61.7 57.8 55.8 52.5 37.4 49.9
114.0 114.2 113.3 111.8 111.0 108.7 107.1 106.6 104.7 103.2 102.7 101.5 99.6 97.5 94.8 85.6 92.8 94.3 94.0 92.6 92.0 89.3 89.6 88.9 88.4 87.7 86.8 85.6 85.3 84.4 84.4 83.6 83.3 83.0 77.3 74.1 82.6 82.5 82.4 82.3 80.8 80.7 79.1 76.2 73.7 71.7 72.0 71.2 69.4 69.1 71.6 69.8 69.7 68.7 66.6 66.2 65.0 64.2 67.2 69.0 69.4 72.2 73.7 73.0 70.4 66.6 65.5 65.7 64.7 62.4 59.0 57.5 55.9 54.7 54.0 55.1
117.6 116.5 115.1 113.5 111.3 110.4 110.1 108.8 106.4 105.3 103.2 101.6 100.3 98.0 95.7 87.9 96.2 96.3 95.3 93.5 92.4 91.6 91.9 90.7 90.0 89.9 90.3 89.7 87.8 87.7 86.9 86.5 86.6 86.5 85.0 74.5 80.4 86.9 86.5 85.4 84.0 83.0 80.8 77.3 79.5 80.6 81.1 80.1 76.6 78.3 78.5 77.4 76.0 75.6 72.7 70.5 67.9 66.3 67.6 72.9 72.6 72.4 74.6 73.0 69.9 68.0 65.8 63.9 63.1 61.8 61.6 61.0 59.5 58.7 57.4 55.4
120.3 118.1 115.5 113.9 112.3 114.0 113.8 110.8 108.0 106.5 104.5 102.5 101.4 99.6 92.3 93.7 98.6 97.5 96.6 95.0 94.8 94.2 93.7 93.3 93.6 95.6 95.1 94.0 93.2 91.1 90.1 89.9 90.3 91.2 91.5 86.3 81.0 91.4 90.6 89.5 87.3 85.5 84.1 81.4 87.4 86.2 85.0 83.6 82.4 82.1 81.8 81.6 81.3 80.2 77.3 73.7 72.2 69.9 68.5 76.1 73.9 72.0 71.3 70.3 69.1 67.9 67.5 67.5 68.8 67.6 69.6 67.1 63.4 60.6 59.1 57.7
121.7 118.9 118.5 117.5 115.3 113.0 113.8 111.3 108.8 108.0 106.4 104.8 103.3 99.8 92.0 100.6 100.9 99.7 98.4 98.6 98.6 97.9 98.1 100.1 99.4 100.8 98.4 97.5 96.9 94.8 94.1 93.5 95.1 96.3 95.5 83.9 90.7 94.0 92.7 92.4 90.9 89.0 86.4 88.1 93.0 92.6 90.3 88.1 88.1 86.6 85.0 82.1 80.9 79.2 77.2 75.4 75.2 72.1 71.3 75.5 74.2 73.3 72.9 72.6 73.3 74.5 75.1 72.7 74.4 72.6 74.1 71.5 67.4 62.4 60.3 59.5
122.8 121.6 120.4 119.0 117.5 115.6 113.2 112.3 110.3 109.1 108.4 105.9 97.6 95.6 99.4 103.2 102.6 101.7 101.9 103.6 103.4 102.7 104.1 106.6 104.4 103.4 101.9 101.1 100.1 98.7 97.6 97.6 98.6 98.9 91.4 88.5 96.8 97.1 95.3 93.8 92.6 91.6 89.4 92.5 94.3 94.1 93.1 94.1 94.7 91.8 91.4 88.9 88.3 86.3 82.3 78.5 75.6 73.1 77.1 76.5 75.2 74.8 74.9 75.2 77.9 82.1 80.4 77.4 78.4 77.3 77.8 75.5 71.1 66.6 62.7 61.3
125.3 124.1 122.1 120.3 118.4 117.0 115.1 114.6 112.2 109.5 108.1 101.0 99.9 105.9 106.7 106.2 104.8 104.7 105.5 107.3 108.1 108.1 106.7 108.5 108.3 107.4 106.3 105.2 102.9 103.0 101.8 100.4 102.0 94.2 91.2 99.1 99.9 99.9 98.4 96.6 96.1 95.6 93.7 95.8 98.2 98.5 98.4 100.0 99.8 96.8 97.1 93.9 88.5 85.3 82.7 79.5 76.5 78.3 83.6 83.9 80.1 77.1 77.1 77.8 79.8 84.6 83.8 82.5 85.1 84.4 83.3 82.2 76.5 72.2 67.5 64.6
127.4 125.1 123.3 121.3 119.5 117.8 117.1 116.1 109.1 103.6 103.8 103.5 107.9 107.9 108.0 107.4 107.1 107.6 108.4 112.4 113.3 112.5 110.6 109.2 108.9 109.9 108.5 106.8 104.4 105.3 105.1 102.7 102.5 93.1 101.5 103.8 103.4 103.7 103.0 103.0 101.7 99.1 98.9 101.1 100.9 102.2 103.8 105.2 103.8 102.5 100.8 95.9 88.8 85.9 81.6 80.6 82.4 84.1 87.8 92.6 89.0 84.1 81.0 80.7 81.5 86.4 89.0 87.4 90.2 90.7 90.0 89.2 83.8 77.3 72.8 69.0
128.4 126.2 125.4 124.6 122.2 121.1 118.8 112.6 106.9 113.2 112.8 111.4 110.9 109.8 109.5 109.0 108.7 109.6 110.2 111.8 111.1 109.4 107.9 105.7 106.7 108.6 107.1 104.9 105.5 107.1 106.5 106.0 104.7 95.8 104.5 106.9 107.7 107.8 107.3 106.5 105.8 103.1 104.6 105.7 106.0 107.1 108.8 108.6 109.3 106.6 98.0 93.3 89.7 84.7 89.3 100.2 93.9 90.1 90.4 95.5 94.1 89.2 88.1 85.2 84.4 87.6 93.0 92.9 91.9 94.8 94.6 94.2 89.0 84.5 79.9 76.7
130.5 130.4 130.8 129.5 125.7 124.0 121.0 111.1 118.4 118.1 115.9 114.3 113.6 112.3 112.1 111.6 111.9 112.2 112.1 112.5 111.5 108.3 106.5 105.0 104.6 104.6 104.4 104.3 105.1 107.0 107.6 107.9 106.9 98.5 106.9 110.1 111.4 111.9 111.4 109.5 107.9 108.5 109.9 110.5 110.7 111.8 113.0 112.2 106.8 100.0 95.3 91.7 88.5 92.6 97.7 107.7 102.8 97.1 98.8 97.5 99.5 95.7 93.2 93.5 90.8 89.1 95.5 98.3 97.4 97.9 99.3 99.3 96.2 93.4 88.4 83.9
133.6 134.8 133.7 131.1 128.5 126.8 121.6 117.6 125.0 122.9 119.4 117.6 117.4 117.0 116.5 117.8 117.7 117.2 117.4 117.2 119.7 117.6 114.8 113.0 111.5 107.5 104.5 104.6 105.4 107.3 108.7 109.5 106.5 102.0 112.3 113.1 114.1 115.2 114.3 112.7 112.3 112.9 114.1 115.0 114.4 113.5 114.8 112.3 103.1 97.9 94.4 93.2 95.5 105.1 105.7 112.5 110.1 104.4 107.0 103.9 105.6 105.5 102.2 99.3 95.7 93.9 94.7 100.5 103.0 103.0 104.2 104.7 103.4 100.1 94.6 88.8
