data/case_study_destine/merger_hmc_by_domain/geo/BasilicataDomain.dem.txt
ncols   395
nrows   388
xllcorner    14.9008
yllcorner    39.8950
cellsize    0.005002
NODATA_value -9999
[rows 238 to 271 of 388, columns 0 to 75 of 395]
-9999.0 100.8 103.6 102.8 109.9 115.4 126.4 133.3 136.8 143.0 150.0 151.5 141.1 160.3 168.7 174.5 177.9 167.1 163.1 144.3 148.7 161.5 190.3 224.6 260.2 272.0 343.1 438.1 456.1 493.8 550.1 539.0 539.6 569.8 607.8 539.7 492.7 427.6 336.6 298.6 275.0 245.3 200.8 226.6 231.2 248.6 270.9 291.4 323.0 329.4 363.5 390.3 420.8 364.0 277.2 216.1 235.7 321.4 357.6 350.0 330.8 315.9 268.9 211.5 167.2 136.7 162.8 208.5 225.2 230.7 224.0 216.7 261.5 234.1 238.5 295.2
-9999.0 92.0 94.2 98.1 105.2 112.0 119.9 125.5 131.5 136.8 139.2 134.8 136.9 148.2 161.0 171.2 177.5 186.5 154.4 142.1 164.5 181.2 219.9 256.1 308.4 336.0 338.3 356.6 413.4 471.7 492.3 469.6 460.8 469.7 468.7 481.2 394.4 337.7 299.1 259.9 250.8 233.6 194.4 205.6 213.9 226.4 254.5 282.7 302.2 287.5 336.8 394.9 384.0 301.0 232.4 168.4 206.5 247.5 265.8 280.6 248.8 252.9 261.2 220.7 175.4 133.9 141.7 192.1 206.6 209.5 167.2 176.0 191.9 198.7 247.1 282.5
-9999.0 90.9 96.3 99.9 104.4 111.3 116.8 119.8 125.1 126.6 126.4 129.2 133.9 132.6 137.3 142.6 159.0 215.8 203.1 163.0 256.2 252.4 273.7 312.1 356.0 395.7 408.6 377.6 362.0 378.1 392.6 361.6 386.5 403.9 355.1 322.9 292.1 282.3 255.4 226.3 223.6 215.9 190.3 176.9 196.3 220.8 246.4 262.9 283.4 246.5 277.8 328.5 293.6 251.2 212.8 145.0 170.8 172.6 183.1 203.2 186.5 188.1 216.7 193.4 139.1 121.7 133.6 169.9 199.5 186.4 203.6 235.0 247.1 261.0 257.9 281.9
-9999.0 90.6 91.8 97.3 102.1 105.9 109.1 114.4 115.8 116.4 120.3 126.2 123.7 120.7 124.3 131.3 155.4 173.5 147.4 211.5 306.1 335.0 358.8 383.0 403.5 411.8 367.3 330.0 299.9 259.2 283.3 289.5 319.2 320.6 299.9 252.3 225.9 224.4 212.1 195.7 198.5 200.1 195.4 155.7 174.5 204.1 221.3 228.7 229.6 237.1 198.3 196.4 204.4 192.9 209.4 139.1 119.7 116.7 123.0 136.1 139.8 123.0 149.5 151.9 122.0 145.7 164.0 150.0 164.1 162.0 207.7 220.0 230.6 247.0 260.8 259.3
-9999.0 85.2 86.7 90.4 94.9 101.9 106.0 106.1 109.1 115.5 118.6 114.8 113.5 117.2 122.6 127.7 139.5 133.2 176.7 304.4 378.4 414.2 431.5 428.1 401.1 347.6 289.2 259.7 234.2 208.8 193.9 195.2 213.6 240.3 234.1 211.8 188.7 181.7 177.5 172.5 183.7 189.1 190.5 154.2 158.6 184.4 196.1 195.2 204.8 213.8 201.3 144.6 148.6 137.3 166.4 142.4 107.7 107.8 126.2 134.0 131.7 135.0 118.9 123.6 182.2 212.3 228.7 221.1 142.4 135.2 165.4 192.1 210.5 228.1 236.6 236.6
-9999.0 79.5 83.2 88.0 92.0 95.1 97.4 99.1 102.1 105.9 107.6 107.6 112.2 115.4 119.5 121.4 118.5 128.9 203.6 256.8 295.3 342.6 361.0 350.8 316.7 275.1 241.2 219.8 190.7 166.6 164.2 156.4 154.6 159.0 162.1 160.7 164.5 153.6 152.9 163.9 173.4 176.7 179.6 170.9 132.6 164.8 172.5 167.7 161.9 171.4 146.2 111.2 98.6 102.3 112.9 121.8 105.4 134.3 177.7 186.8 226.3 216.2 181.1 162.9 174.5 238.1 253.9 235.3 188.8 156.5 135.2 171.2 198.3 201.0 213.0 226.9
-9999.0 81.0 82.6 84.5 86.7 90.1 92.6 92.2 94.5 98.3 102.0 102.7 102.8 105.4 109.6 113.8 126.2 131.2 144.4 184.2 197.5 200.1 219.4 234.5 239.7 208.0 185.7 173.8 148.8 142.3 145.4 139.4 130.1 132.6 137.7 145.5 144.9 139.7 153.1 158.7 163.1 165.8 170.5 166.1 149.2 125.6 145.1 118.7 102.1 100.1 98.1 102.5 97.4 101.8 106.2 118.6 149.4 188.3 231.1 251.7 260.6 298.5 270.0 215.6 164.0 226.0 286.8 294.4 263.6 214.3 153.8 145.8 152.4 166.0 179.8 186.6
-9999.0 79.2 79.1 80.3 83.1 85.0 86.1 88.0 92.6 96.8 99.2 94.2 103.7 109.1 116.6 121.2 127.0 127.1 127.8 134.8 148.0 185.8 218.5 222.8 206.0 194.9 194.9 170.0 136.7 129.2 131.3 130.0 118.8 117.6 130.3 134.6 126.3 139.6 146.7 149.3 152.3 155.2 160.4 159.3 136.6 115.2 117.9 93.5 110.2 121.9 98.9 98.6 109.8 143.6 184.9 205.2 236.0 282.9 307.3 332.5 318.4 360.6 331.7 255.2 186.8 258.2 335.2 363.9 309.0 257.1 200.1 168.6 161.5 196.2 243.8 197.7
-9999.0 74.8 75.0 76.7 78.6 80.0 82.4 85.7 88.7 86.8 86.2 95.6 107.2 109.6 113.2 116.5 118.8 117.9 119.4 121.5 126.2 140.4 154.9 146.6 130.7 126.8 120.0 116.2 118.2 119.6 119.3 118.8 109.0 110.7 121.3 117.7 121.3 130.2 131.7 132.7 138.0 143.2 147.2 137.8 95.6 97.8 97.8 112.6 141.9 158.9 126.3 121.6 151.8 204.3 250.5 256.2 274.4 292.4 300.8 348.3 382.2 387.8 327.5 275.9 217.5 264.6 333.3 389.8 354.2 282.5 219.4 184.8 149.5 173.7 214.7 156.5
-9999.0 70.3 71.4 73.3 75.8 77.4 81.4 84.0 80.3 86.7 93.8 100.2 102.8 104.7 106.5 109.7 113.2 112.9 113.3 111.1 110.2 110.0 107.6 103.2 104.1 106.1 108.0 109.3 111.0 110.1 109.7 108.4 97.7 108.7 112.6 106.4 112.0 116.2 117.7 118.3 117.9 124.4 119.5 92.1 115.7 133.0 125.2 130.5 143.4 150.3 152.3 179.3 203.0 216.0 224.6 206.6 217.2 242.9 274.2 310.9 345.7 363.1 353.7 314.2 281.3 241.4 302.2 355.2 354.6 298.0 247.8 224.1 196.5 172.1 146.0 154.2
-9999.0 66.1 68.5 70.7 72.9 76.3 77.2 74.5 79.6 91.3 94.7 97.2 98.0 99.8 102.1 105.7 108.7 107.2 107.8 106.5 104.8 102.9 101.0 98.3 98.2 100.1 102.0 103.5 104.1 102.6 102.5 99.5 92.3 103.2 106.6 95.0 105.4 108.6 101.7 87.1 91.1 91.9 89.1 105.0 116.2 122.3 130.9 141.3 150.7 155.2 148.8 170.9 193.4 203.4 208.4 206.0 211.7 256.9 279.9 287.9 297.4 300.4 322.9 330.1 291.7 272.0 275.3 282.6 327.5 360.1 336.4 321.8 280.2 211.8 179.7 182.8
-9999.0 60.8 61.1 61.2 64.4 67.8 71.4 80.0 85.9 88.8 91.7 93.3 93.8 95.9 97.5 100.4 101.5 101.5 102.2 101.3 100.9 98.5 95.6 94.1 96.3 97.1 98.1 98.5 99.2 96.2 91.2 85.7 97.5 104.4 91.7 79.1 95.1 92.5 80.0 103.5 115.9 119.0 123.4 126.5 130.3 133.1 131.7 127.6 132.8 148.1 171.3 204.9 234.5 268.1 280.1 288.5 264.8 238.1 243.7 244.1 258.4 269.5 296.1 327.7 331.4 330.6 336.7 305.5 312.5 380.0 474.9 595.2 532.1 401.3 294.1 250.8
-9999.0 54.1 64.3 70.1 73.9 77.6 79.9 81.3 83.1 86.8 89.4 89.4 89.9 91.8 93.9 96.0 96.8 96.7 96.4 96.4 95.7 95.0 91.2 93.1 94.8 93.6 94.0 95.1 96.2 91.7 80.2 93.8 100.0 100.3 80.1 74.3 75.8 78.1 97.8 114.7 117.4 121.4 124.7 127.8 132.4 136.7 140.3 143.1 146.3 151.1 159.2 168.0 189.1 217.7 213.1 237.7 251.1 285.3 313.5 281.0 310.7 325.1 316.9 336.6 374.6 386.6 385.1 375.0 356.5 365.4 428.9 491.4 544.0 545.5 479.9 369.4
-9999.0 57.8 68.3 70.7 73.7 75.6 77.2 78.5 80.9 83.4 85.6 85.6 86.4 88.1 90.3 91.7 92.3 92.3 91.7 92.0 91.4 89.6 88.9 91.3 90.9 90.4 91.7 92.8 95.8 97.3 80.0 93.2 91.0 91.9 82.4 72.0 92.0 98.9 111.7 116.5 119.9 122.2 124.9 126.1 128.3 132.5 136.1 138.0 135.6 140.3 137.8 147.3 171.6 183.6 173.3 179.2 207.7 266.4 315.5 338.7 376.7 404.1 395.9 395.1 430.4 457.4 450.0 448.0 450.6 450.4 475.1 497.5 525.0 514.1 470.8 429.3
-9999.0 55.7 59.3 66.2 71.3 72.8 74.1 76.1 78.5 81.0 81.1 81.9 83.5 85.5 86.4 86.6 87.7 88.1 87.6 89.1 88.0 85.3 87.3 87.5 87.9 89.6 92.2 93.9 96.0 91.5 74.4 82.0 80.1 81.6 70.1 81.2 103.7 111.5 112.8 115.6 117.9 119.7 121.1 122.8 125.6 130.1 132.3 128.9 133.2 130.6 121.2 130.2 143.4 141.8 145.2 169.7 206.7 235.7 281.3 333.7 367.0 393.9 426.8 452.9 490.1 529.6 537.2 540.0 562.0 593.2 640.2 636.4 631.2 600.5 560.1 506.0
-9999.0 54.0 55.9 61.8 66.9 69.9 71.6 73.9 75.3 76.8 77.9 79.1 80.5 81.3 81.6 82.6 83.9 83.9 84.0 83.1 81.6 82.8 84.8 87.1 89.9 91.6 93.2 95.2 95.8 82.0 71.1 64.8 67.0 69.8 71.4 94.8 104.9 109.8 112.8 114.4 114.8 116.3 118.4 120.4 120.7 123.3 118.9 121.6 125.0 110.7 125.0 131.0 129.0 125.9 138.2 167.5 223.6 276.6 311.8 290.0 313.4 359.2 410.9 460.4 519.3 582.8 624.0 645.3 685.6 855.4 945.9 875.8 813.1 774.6 701.4 653.3
-9999.0 53.3 53.8 56.8 64.0 66.3 68.7 70.9 72.6 73.2 74.7 76.2 76.9 76.5 78.8 79.1 79.1 79.9 80.0 78.7 82.4 86.1 88.5 90.4 88.5 92.2 92.9 94.5 93.6 81.4 65.0 73.3 71.0 77.1 98.1 104.8 106.4 107.5 110.2 111.6 112.6 106.1 102.8 97.0 99.1 110.3 117.1 98.0 90.6 100.9 92.9 91.6 100.3 115.3 127.5 152.4 189.8 216.6 231.8 243.0 312.4 369.5 441.3 492.0 548.2 624.8 670.8 730.6 813.5 1049.4 1280.8 1186.3 1061.1 973.3 889.1 806.6
-9999.0 53.2 53.3 54.1 59.5 63.8 64.8 66.4 67.9 70.9 73.3 73.0 71.0 70.9 72.8 74.3 74.7 75.1 78.3 81.9 84.1 86.9 88.5 88.1 86.4 91.2 88.3 80.6 70.2 64.8 68.4 74.6 90.2 98.3 102.4 101.2 97.2 96.9 96.7 88.2 80.0 75.2 74.4 80.7 90.2 108.1 108.5 93.7 83.2 80.7 81.9 83.2 88.8 96.6 107.4 127.0 139.0 157.2 209.5 277.0 337.1 388.6 460.8 547.8 597.2 654.0 722.3 809.9 921.6 1125.8 1378.6 1460.8 1468.5 1301.6 1125.8 1007.2
-9999.0 -9999.0 53.1 53.1 54.1 59.8 61.4 62.9 67.4 69.5 69.2 65.6 66.7 68.3 69.7 72.9 74.6 78.8 81.6 83.9 85.4 82.8 84.3 81.2 85.6 88.2 87.0 68.9 61.7 70.2 74.2 82.5 93.8 98.2 100.4 94.4 91.4 85.7 78.9 69.8 69.7 70.9 75.0 72.6 76.3 76.8 85.0 119.9 109.0 96.0 94.6 95.8 93.3 89.5 91.1 124.2 142.1 174.2 225.5 286.6 347.1 411.7 481.4 571.0 648.4 714.6 840.2 1008.7 1206.6 1291.4 1481.1 1639.5 1658.8 1604.1 1469.1 1354.4
-9999.0 -9999.0 54.1 53.1 53.1 54.5 57.8 62.9 65.4 67.1 64.3 63.3 67.4 71.9 74.6 76.2 80.1 82.3 80.4 81.3 81.0 78.3 78.2 79.7 80.4 85.6 74.1 60.2 65.9 72.7 78.4 77.8 75.1 80.1 83.3 84.7 75.8 67.1 67.5 68.4 77.3 81.0 91.5 100.4 95.5 106.1 143.4 167.4 224.4 177.2 154.1 130.1 126.2 127.2 96.7 115.6 134.4 177.6 230.9 285.2 339.1 427.7 522.5 593.4 717.7 895.5 1105.2 1336.4 1491.7 1612.5 1663.1 1645.6 1606.8 1570.6 1536.6 1554.4
-9999.0 -9999.0 -9999.0 53.6 53.2 53.5 56.9 63.1 64.9 62.8 60.8 62.9 67.7 71.6 74.3 76.4 78.5 79.6 76.7 77.3 74.4 71.7 73.9 74.5 78.6 74.8 60.7 63.0 68.1 67.7 69.7 67.2 61.5 68.9 68.6 67.2 67.2 84.5 90.8 93.1 98.3 102.7 138.5 187.2 186.7 176.3 235.4 219.6 299.4 302.8 239.0 192.1 202.8 185.6 120.6 95.3 118.4 167.5 221.0 292.1 354.3 436.6 526.7 615.5 854.5 1095.0 1281.9 1404.3 1400.3 1469.5 1473.8 1424.1 1429.3 1459.6 1424.8 1402.4
-9999.0 -9999.0 -9999.0 55.9 53.5 53.1 54.1 59.3 63.0 59.7 60.0 61.8 64.4 67.9 70.9 74.6 74.7 76.4 74.2 73.3 69.2 72.6 69.8 75.4 78.1 71.0 56.8 65.4 66.3 64.7 62.3 60.6 70.0 77.2 83.9 83.4 85.5 93.9 96.8 99.8 103.9 111.7 143.0 204.3 244.2 271.2 326.5 342.2 386.5 341.1 285.0 271.4 255.3 178.2 126.7 102.5 107.0 167.3 219.9 290.9 365.8 439.0 550.0 667.9 912.9 1198.0 1362.7 1306.6 1270.8 1279.7 1255.2 1254.3 1277.4 1296.6 1265.7 1274.6
-9999.0 -9999.0 -9999.0 -9999.0 54.6 53.6 54.7 55.3 59.8 58.5 61.1 64.5 68.2 70.0 71.1 70.5 71.2 73.8 74.4 68.8 66.0 68.0 71.8 72.7 71.3 69.0 55.6 63.2 64.2 57.3 61.3 71.9 77.3 85.1 88.5 91.1 92.1 92.1 93.8 98.6 105.5 113.7 127.3 157.7 236.4 315.0 391.7 440.9 437.0 383.9 360.4 306.8 263.6 209.5 153.6 116.6 105.7 167.3 226.2 303.0 341.4 416.8 548.5 728.0 1002.3 1206.8 1204.6 1171.9 1165.3 1189.6 1185.4 1187.3 1206.4 1240.8 1281.9 1286.9
-9999.0 -9999.0 -9999.0 -9999.0 -9999.0 54.4 54.4 54.3 56.7 57.5 59.2 62.8 65.4 63.8 64.8 67.0 69.5 69.2 67.7 64.1 66.8 70.5 70.2 67.0 67.1 61.8 54.6 63.6 62.1 57.9 73.2 78.2 81.8 85.0 85.8 87.5 90.5 93.6 97.3 100.1 104.6 112.0 124.5 149.3 193.3 270.0 341.0 394.7 444.0 391.7 316.5 253.7 208.3 179.9 147.1 116.3 109.8 159.6 225.2 284.8 332.8 412.3 597.6 871.7 1109.8 1135.5 1104.4 1063.1 1066.6 1125.6 1150.6 1179.4 1201.7 1198.1 1205.7 1241.1
-9999.0 -9999.0 -9999.0 -9999.0 -9999.0 55.8 55.1 54.6 55.1 56.6 56.8 60.5 61.2 63.3 65.6 66.3 65.9 62.7 62.6 67.0 69.2 65.2 64.6 64.1 64.2 54.9 60.7 63.3 59.7 55.0 64.3 74.3 88.6 90.6 90.6 91.8 93.3 90.9 91.6 95.7 99.3 108.8 136.6 181.6 203.3 242.2 297.0 351.7 383.4 359.7 296.3 233.7 215.6 209.6 183.9 117.6 104.3 136.3 194.1 247.2 320.1 410.8 632.4 959.2 1072.0 1041.5 1052.8 1047.5 1022.0 1038.2 1111.9 1139.3 1150.6 1151.6 1171.9 1178.1
-9999.0 -9999.0 -9999.0 -9999.0 -9999.0 -9999.0 55.4 55.1 55.1 55.4 57.7 63.7 62.0 59.4 60.2 61.2 61.6 62.8 62.9 63.1 61.0 63.0 62.2 62.5 58.8 52.8 61.0 61.2 54.6 67.5 75.3 68.8 64.8 67.6 70.5 81.2 83.4 88.6 92.8 96.1 105.8 125.3 160.3 162.2 191.5 205.9 253.6 285.8 328.9 382.5 345.9 315.8 299.6 243.8 177.7 137.0 116.4 115.4 166.9 223.5 297.1 386.3 626.2 922.2 951.6 955.2 986.5 985.3 983.9 1016.6 1012.9 1049.1 1080.1 1087.5 1123.1 1144.8
-9999.0 -9999.0 -9999.0 -9999.0 -9999.0 -9999.0 56.0 55.1 55.1 55.1 55.8 60.2 62.0 58.4 57.1 57.1 61.2 60.0 58.6 59.0 59.4 60.5 60.9 59.5 51.5 57.9 54.1 54.5 61.1 79.2 86.2 88.5 88.4 102.7 74.8 73.3 87.6 93.7 97.3 99.8 105.0 116.6 121.1 132.7 154.4 166.8 207.2 249.6 313.5 354.4 393.3 385.9 316.7 246.5 196.6 191.3 175.1 119.6 139.8 196.4 252.7 324.0 504.0 741.2 870.4 887.8 899.7 863.1 914.5 950.5 968.7 981.5 1000.1 1017.3 1071.5 1116.5
-9999.0 -9999.0 -9999.0 -9999.0 -9999.0 -9999.0 61.7 55.4 55.1 55.1 55.1 56.2 60.9 60.5 56.7 56.9 57.3 57.2 52.2 51.5 55.8 59.1 58.5 51.4 51.2 52.9 59.5 70.9 77.6 81.9 84.4 87.0 91.8 106.7 127.3 96.7 72.4 80.1 83.3 89.1 100.6 112.4 119.5 123.2 135.7 150.5 175.6 217.0 238.2 300.7 363.6 383.2 340.0 294.7 258.8 240.7 202.1 145.5 114.9 156.0 222.7 284.9 397.9 632.5 705.4 714.7 731.4 797.6 823.8 875.1 955.8 973.5 970.9 1009.1 1039.2 1069.1
-9999.0 -9999.0 -9999.0 -9999.0 -9999.0 -9999.0 -9999.0 56.4 55.2 55.1 55.1 55.2 57.4 62.1 56.2 54.3 56.3 51.5 50.2 53.1 51.7 57.8 51.5 52.4 62.6 68.2 72.4 76.6 78.4 79.3 81.8 83.6 88.6 100.2 143.4 170.9 97.7 74.3 84.3 87.4 90.0 99.5 106.5 110.2 117.8 130.1 147.9 170.7 209.3 253.3 305.6 354.9 397.0 349.6 300.4 253.6 199.8 171.1 154.7 123.0 161.1 241.4 391.3 463.4 501.9 461.7 534.5 572.0 601.2 744.3 887.3 930.1 889.2 1027.4 1047.0 976.4
-9999.0 -9999.0 -9999.0 -9999.0 -9999.0 -9999.0 -9999.0 -9999.0 55.2 55.1 55.1 55.2 55.4 57.4 50.1 50.1 48.1 49.8 57.3 55.9 50.1 50.8 56.9 65.7 71.0 74.3 75.0 74.4 76.9 80.3 83.7 87.6 97.3 104.2 124.8 156.8 116.9 75.6 93.2 103.7 109.8 116.3 110.5 111.5 112.8 120.4 135.9 154.3 183.9 240.7 294.0 335.8 390.4 392.5 326.5 283.0 243.7 225.8 212.0 174.2 137.1 182.2 260.5 301.0 323.2 371.7 461.5 535.9 589.9 580.5 654.2 708.9 755.4 837.5 905.2 906.6
-9999.0 -9999.0 -9999.0 -9999.0 -9999.0 -9999.0 -9999.0 -9999.0 55.8 55.1 55.1 55.1 55.2 52.4 47.8 56.5 55.9 56.6 57.7 58.0 58.7 60.2 66.9 71.3 68.9 71.6 71.0 76.1 80.8 84.8 91.2 104.2 172.7 195.9 180.6 123.6 91.7 80.7 107.4 111.8 136.9 185.2 168.7 145.1 136.4 131.9 133.5 150.1 180.8 205.1 246.6 287.6 350.3 405.2 375.0 342.8 296.9 247.2 207.5 184.9 138.2 131.6 186.9 220.0 248.7 311.8 395.5 480.9 588.8 683.6 781.6 865.9 923.9 995.2 982.3 881.6
-9999.0 -9999.0 -9999.0 -9999.0 -9999.0 -9999.0 -9999.0 -9999.0 -9999.0 55.0 54.6 53.8 48.8 47.8 53.8 55.8 56.2 56.6 57.2 57.6 61.2 62.2 64.7 68.5 71.9 71.7 74.5 75.6 81.1 87.0 107.1 128.3 184.1 258.0 244.1 146.6 90.9 82.0 114.3 165.6 156.4 187.6 218.8 180.9 182.9 186.5 179.9 148.5 166.8 188.8 218.9 260.6 319.2 381.8 425.8 375.6 309.2 250.3 209.0 178.4 141.1 121.9 158.3 197.3 221.1 249.7 290.5 333.5 396.7 470.5 592.5 713.2 876.3 942.4 1012.5 986.9
-9999.0 -9999.0 -9999.0 -9999.0 -9999.0 -9999.0 -9999.0 -9999.0 -9999.0 -9999.0 46.6 46.9 50.3 54.9 55.1 55.4 55.8 56.4 57.5 58.3 62.4 69.0 68.7 71.4 75.2 76.8 78.0 78.8 81.6 96.0 127.3 156.7 173.8 213.2 230.1 163.5 94.4 82.6 110.2 163.5 220.3 237.9 248.2 235.3 274.0 287.0 216.4 160.8 185.3 245.8 300.2 342.9 386.8 414.8 413.0 346.3 289.3 235.1 200.1 172.8 129.2 136.5 151.0 159.1 176.2 188.1 210.9 247.9 281.0 301.3 363.7 477.9 608.9 732.1 839.0 895.4
-9999.0 -9999.0 -9999.0 -9999.0 -9999.0 -9999.0 -9999.0 -9999.0 -9999.0 -9999.0 54.9 55.0 55.1 55.1 55.2 55.3 56.5 59.3 58.8 60.9 67.4 71.7 73.9 74.5 75.5 78.5 81.6 99.2 118.7 114.7 109.3 112.4 118.7 125.4 151.4 156.8 96.2 81.0 100.1 122.2 166.0 230.6 295.8 323.9 371.4 318.7 226.0 181.6 191.8 220.6 282.9 358.4 433.6 478.1 422.7 343.1 273.8 240.6 221.2 190.2 131.6 128.0 140.5 161.7 193.9 223.0 245.9 259.5 242.1 260.2 280.4 316.4 409.4 515.4 626.0 679.8
