data/case_study_destine/merger_hmc_by_domain/geo/BasilicataDomain.dem.txt
ncols   395
nrows   388
xllcorner    14.9008
yllcorner    39.8950
cellsize    0.005002
NODATA_value -9999
[rows 170 to 203 of 388, columns 152 to 227 of 395]
447.1 454.5 444.2 433.2 422.3 450.9 488.4 412.1 347.4 331.9 376.9 423.5 442.1 445.6 484.0 496.9 487.2 488.6 444.1 402.7 397.6 387.9 375.1 382.4 354.2 334.2 385.0 382.0 372.0 381.4 376.5 369.8 356.6 352.3 346.0 321.8 327.2 363.8 388.2 397.1 401.6 394.7 393.2 389.9 395.5 402.1 415.1 433.9 444.6 439.5 439.9 440.5 441.4 441.1 440.1 441.8 440.9 437.6 448.7 459.3 456.6 452.0 450.0 449.3 447.0 450.5 449.6 444.9 424.5 448.4 448.9 439.9 429.9 421.7 413.4 389.7
507.4 482.3 442.2 414.3 397.0 386.9 379.0 406.8 374.3 355.5 423.1 450.5 486.0 474.9 529.2 573.2 557.6 530.8 472.0 449.5 437.9 407.9 401.3 385.9 367.1 343.0 393.2 391.0 388.6 390.3 375.8 377.5 376.3 373.1 381.0 345.1 343.9 331.5 329.7 336.8 350.1 343.8 341.7 344.4 367.3 360.4 371.0 373.5 393.7 403.7 420.2 425.6 436.6 444.5 450.1 451.0 452.6 451.1 450.4 461.0 466.0 463.5 462.0 459.5 459.8 458.2 458.5 450.0 446.8 456.8 449.2 452.9 453.6 451.8 445.3 436.4
544.3 519.3 501.7 477.8 473.8 477.7 462.3 428.2 368.6 352.2 428.4 485.9 524.5 520.1 546.5 600.4 596.5 550.1 521.3 514.7 486.6 462.3 435.9 406.6 390.2 351.8 394.1 419.4 403.1 409.4 425.3 419.9 400.6 402.6 366.3 389.2 376.0 413.2 392.6 374.8 369.0 377.4 377.8 389.4 373.9 397.2 405.0 387.9 397.0 389.1 375.2 384.6 382.2 398.6 420.0 430.4 447.0 456.2 458.1 458.0 469.2 471.1 469.7 469.3 469.1 468.2 468.0 466.1 465.2 464.2 465.0 467.4 465.6 457.1 447.3 428.9
578.9 568.1 539.1 519.4 503.0 476.7 449.8 428.1 379.4 367.7 414.0 448.4 510.9 574.1 608.6 614.7 583.7 543.2 506.5 489.8 465.8 456.8 426.0 391.1 378.7 382.9 419.2 431.4 416.8 454.3 455.8 429.8 448.7 410.9 416.9 422.1 411.5 442.2 434.8 427.0 417.2 419.4 411.7 410.8 412.8 413.0 411.4 403.3 413.5 411.1 383.3 406.0 415.5 400.9 399.2 390.4 396.5 412.0 435.5 437.2 452.2 467.7 466.0 472.3 468.8 465.2 462.5 464.6 463.9 469.5 471.7 475.4 475.0 471.1 465.6 463.7
634.3 599.7 570.2 542.0 512.9 491.2 471.6 449.5 398.7 394.4 474.3 503.0 517.0 556.8 620.3 649.3 623.5 574.3 548.5 529.8 484.1 426.5 418.0 439.4 458.3 456.7 460.6 455.0 457.3 465.1 468.1 442.5 424.9 435.1 452.4 450.6 460.0 458.2 455.1 448.7 440.0 436.2 428.7 449.5 443.6 429.2 441.4 450.1 437.1 435.3 416.0 388.0 421.3 424.8 421.7 409.7 417.5 408.3 397.3 417.9 427.8 435.5 440.5 453.7 465.7 474.9 470.9 463.6 453.5 450.0 453.6 460.5 479.4 479.9 482.7 484.1
679.3 629.4 595.2 557.7 523.7 499.4 471.5 451.7 405.1 417.4 485.3 542.7 596.3 626.8 643.3 658.9 630.6 608.2 575.8 548.9 493.1 438.5 490.1 538.5 524.7 496.8 489.0 487.2 479.2 469.3 454.8 448.0 470.4 468.6 467.4 466.7 461.9 459.5 462.9 463.0 458.0 454.8 459.0 459.3 451.4 457.4 469.0 462.2 457.9 440.0 422.6 398.5 437.2 444.8 430.8 425.3 420.2 430.1 412.8 409.9 434.4 434.8 434.7 435.2 438.2 445.2 451.6 461.6 469.8 469.4 445.5 443.0 465.8 463.7 470.8 484.6
719.0 645.1 614.9 578.3 534.1 507.9 491.4 476.5 423.1 393.4 475.2 549.1 626.3 675.3 697.8 668.9 629.9 590.1 542.9 511.0 483.3 455.7 524.7 571.1 552.9 534.2 519.3 504.9 486.2 465.9 466.5 471.6 471.0 466.9 462.1 458.9 458.8 456.4 449.6 452.8 453.3 456.5 460.4 461.2 469.8 472.2 457.5 424.4 416.9 436.4 445.2 474.2 479.9 471.0 459.7 439.8 435.8 436.6 420.6 412.0 435.3 437.6 436.4 433.6 433.8 432.9 433.3 434.4 437.8 443.4 440.8 435.8 438.1 444.8 450.6 465.4
749.7 668.7 617.4 577.4 560.3 544.9 528.3 483.3 440.2 399.5 462.9 532.4 586.9 599.7 637.6 655.6 663.4 630.1 573.0 512.6 465.3 505.0 546.5 584.8 605.4 575.5 535.2 516.8 498.0 493.0 495.3 488.6 485.0 475.4 470.7 472.0 470.6 462.1 460.4 458.2 454.3 451.1 447.8 446.7 444.7 438.7 424.2 438.9 467.1 484.7 484.9 481.3 475.1 480.7 475.2 465.7 467.5 442.4 414.0 433.2 442.2 440.8 437.2 435.1 433.2 432.7 431.8 430.6 429.4 429.5 430.2 431.4 431.5 434.2 438.5 443.5
759.1 708.4 663.4 650.7 605.5 557.2 511.5 471.1 464.7 419.4 432.6 479.4 515.1 525.9 579.0 640.6 633.9 593.8 547.3 492.2 506.2 553.9 589.8 642.9 665.7 625.1 595.0 556.4 525.3 516.4 506.3 501.5 496.8 497.0 495.3 490.2 488.5 482.1 476.9 471.4 465.9 464.9 465.0 461.4 456.9 438.7 436.8 477.5 491.3 494.3 496.5 497.0 498.8 499.2 496.4 479.0 448.4 426.9 465.6 475.2 460.7 455.8 446.2 441.2 436.8 435.4 434.5 434.1 432.5 432.2 430.8 429.2 427.9 428.1 428.9 431.2
791.5 750.9 702.3 641.6 581.6 529.4 510.9 491.2 463.9 431.3 458.3 502.6 492.9 538.1 557.0 609.0 630.0 581.4 526.3 505.7 552.5 595.8 643.2 672.8 703.1 671.6 638.5 594.5 570.4 543.3 520.7 531.4 530.5 522.3 512.9 506.8 500.8 499.9 493.5 487.4 481.2 467.3 464.4 453.0 438.9 451.2 475.4 486.4 493.1 494.1 491.0 489.2 479.5 476.5 481.5 474.1 428.7 484.6 503.6 485.9 493.4 502.1 491.4 475.5 458.8 447.2 442.6 440.6 439.6 437.0 434.7 434.6 432.9 430.5 427.9 425.4
758.8 734.4 707.7 641.9 607.4 585.8 532.4 483.1 470.7 438.3 450.4 547.0 568.2 562.9 602.3 627.9 613.2 565.2 524.4 547.8 599.7 638.1 695.7 721.8 725.1 688.5 658.8 620.9 591.1 571.8 547.3 531.5 524.7 520.4 516.2 513.7 514.5 510.2 504.2 496.2 475.4 457.2 455.4 465.0 470.2 476.5 483.9 487.0 491.6 494.3 493.5 492.4 486.9 473.2 446.3 437.9 434.6 487.6 519.8 511.9 520.1 525.0 527.5 518.3 509.9 484.8 472.6 455.5 448.0 443.6 441.7 440.6 437.7 434.4 430.7 428.4
724.4 715.5 698.9 651.9 587.6 540.5 531.9 537.1 499.9 466.5 426.6 491.8 554.8 564.3 578.8 639.5 644.3 583.0 557.8 566.6 611.9 665.4 727.7 781.0 763.5 739.4 706.4 662.2 633.5 602.7 575.0 564.2 553.1 533.3 517.4 505.1 504.3 496.1 490.7 481.1 472.3 486.0 492.1 489.8 486.5 486.8 485.3 485.1 484.2 483.8 485.1 487.4 482.6 464.5 448.1 498.4 475.2 460.0 502.8 521.2 533.3 530.2 515.1 513.0 508.0 501.5 491.7 484.1 473.6 460.6 449.9 446.3 442.0 438.3 434.9 431.4
684.5 680.5 684.6 669.8 611.0 621.9 596.1 551.8 510.3 479.2 455.6 450.3 490.6 539.3 560.7 590.3 648.1 624.6 591.2 579.5 652.4 711.4 756.4 811.7 811.8 800.5 754.3 704.3 667.6 643.5 627.2 611.8 593.8 568.2 549.8 544.3 538.6 520.9 502.4 492.4 506.4 509.9 504.1 497.4 490.8 486.4 482.9 482.6 481.5 482.3 477.5 460.6 451.0 457.5 490.0 514.0 471.2 487.6 506.9 521.0 534.7 528.4 528.7 526.1 525.1 529.9 538.0 527.6 505.0 479.4 459.7 466.7 460.6 448.4 440.4 439.0
654.1 648.1 677.1 695.1 650.8 588.3 544.4 549.1 541.3 511.7 461.3 491.0 533.8 577.5 646.3 636.0 694.7 681.9 613.2 580.6 639.9 710.7 771.4 817.8 812.2 772.3 739.2 714.6 699.3 668.7 642.7 619.3 598.7 573.1 549.9 535.8 527.0 525.2 525.3 531.4 530.9 519.7 507.9 501.8 499.8 491.5 483.9 479.6 481.7 479.1 462.7 462.3 483.5 502.7 507.9 507.0 473.4 494.1 517.1 529.7 539.1 539.0 536.1 528.4 520.8 515.3 512.4 496.5 484.1 488.2 491.9 524.8 510.4 489.0 459.8 451.7
627.8 623.8 651.5 677.4 663.9 641.9 582.7 628.5 570.4 513.8 470.9 576.2 609.1 586.9 616.9 660.5 664.6 699.3 695.7 628.1 610.4 668.7 715.6 738.5 777.9 795.2 802.5 784.3 746.4 693.1 649.5 619.6 601.2 589.6 589.9 577.7 560.2 555.5 541.7 528.4 518.0 513.2 524.7 523.9 514.3 509.7 504.7 493.3 484.7 465.4 475.6 500.7 494.4 506.5 516.4 511.8 486.5 491.9 522.4 522.6 525.7 537.1 545.9 546.4 543.4 535.6 518.3 502.0 541.6 529.4 531.3 545.6 527.3 506.1 487.1 481.8
606.4 601.8 608.3 652.0 698.3 681.2 656.3 628.4 557.9 580.2 506.1 520.0 563.8 551.0 613.2 618.1 613.6 656.3 718.5 669.2 629.4 657.9 665.4 712.3 768.2 822.5 822.3 772.7 717.6 659.1 655.6 672.6 655.2 651.7 630.6 593.1 563.0 561.1 549.5 534.7 538.1 542.1 547.7 547.2 542.6 530.0 515.2 501.7 488.4 476.3 504.9 506.1 502.2 514.1 520.5 519.9 494.4 507.3 530.6 536.3 542.6 538.0 540.4 548.4 543.8 532.0 513.4 532.8 549.6 550.1 569.8 562.7 550.6 552.2 549.9 548.6
589.6 583.4 596.6 614.9 660.6 709.1 695.8 620.5 607.9 643.2 571.7 500.2 536.7 551.0 549.9 588.0 638.8 679.5 731.1 734.4 673.7 701.1 740.2 736.4 792.3 793.1 769.9 719.7 687.2 709.5 731.1 736.4 703.3 679.7 657.9 620.9 577.3 575.4 563.5 565.9 568.9 565.0 559.2 541.2 529.2 522.1 510.3 499.5 488.4 487.1 514.8 511.8 516.7 522.4 527.7 515.3 503.4 505.7 520.7 532.6 543.1 548.4 549.0 548.2 553.3 545.9 542.6 534.6 549.9 562.0 568.1 573.4 551.1 529.8 544.8 546.0
574.7 568.8 578.7 585.5 626.7 676.7 719.9 678.1 676.3 687.2 625.8 535.3 591.2 638.5 614.0 581.2 622.6 655.3 700.1 747.3 719.1 750.9 773.5 809.9 797.1 768.1 750.1 760.7 751.9 779.0 802.2 794.7 746.7 711.3 684.1 626.7 610.7 601.2 603.5 593.8 578.7 567.0 537.4 529.4 554.9 542.0 531.0 520.9 491.9 513.1 526.6 523.1 524.4 528.4 518.6 524.6 530.5 519.0 544.5 548.2 539.3 545.3 549.1 556.0 554.7 559.4 561.8 562.4 560.3 556.1 563.6 551.0 539.2 529.0 506.4 495.5
560.7 549.4 575.4 613.3 634.3 654.7 696.0 718.9 734.5 733.9 660.5 574.0 581.3 656.0 650.0 637.3 673.5 699.8 741.0 782.9 791.9 826.5 814.7 779.0 791.3 812.8 815.0 847.7 856.0 831.7 803.1 774.9 732.5 701.6 668.9 656.9 648.0 625.8 601.6 577.3 565.9 554.1 554.9 567.5 574.1 561.0 538.3 510.2 528.3 548.1 540.4 538.4 537.5 535.5 533.0 544.1 535.9 543.8 543.8 552.3 555.4 545.3 555.6 554.6 561.6 564.6 566.2 570.2 574.6 572.9 568.2 577.4 571.4 556.8 522.6 504.3
562.7 531.8 599.8 593.9 596.6 626.6 649.3 670.0 673.7 695.9 734.8 651.0 565.3 578.6 582.7 599.1 641.5 685.5 694.4 732.6 761.2 811.2 781.2 758.4 754.0 771.4 797.3 850.8 880.7 861.2 837.9 794.2 760.6 740.9 726.0 704.7 650.7 624.7 625.1 613.7 597.2 584.5 594.5 578.3 555.2 532.6 524.3 526.6 554.5 565.4 558.3 555.9 553.3 548.7 545.8 555.8 552.4 549.5 558.1 555.3 560.8 556.6 558.5 562.9 563.9 568.6 560.5 566.5 576.5 582.6 583.7 583.6 583.7 555.1 558.9 529.5
554.3 516.2 553.5 588.7 596.9 614.8 621.7 631.8 625.5 663.6 721.5 734.6 638.9 606.3 636.3 658.4 653.7 668.8 668.8 718.2 752.3 801.0 824.3 777.2 741.5 733.2 791.5 784.2 810.4 851.9 891.8 863.5 835.0 809.3 767.9 728.6 689.8 678.9 647.6 634.3 623.7 595.3 568.3 559.8 548.0 555.6 570.7 554.4 593.3 587.9 584.1 573.3 567.2 568.8 557.0 567.2 563.5 568.5 574.2 566.3 570.6 568.2 570.2 571.1 568.2 563.9 558.0 566.5 577.4 583.3 588.0 592.7 592.0 587.8 581.2 557.9
520.1 512.3 563.2 584.3 594.8 599.9 599.0 608.5 620.8 656.0 705.4 730.3 670.6 697.0 657.2 744.3 742.3 719.5 685.7 722.4 804.2 852.5 869.2 825.6 782.6 732.7 730.4 731.6 779.4 828.2 864.8 900.6 891.2 867.6 815.1 764.2 742.8 719.7 711.1 692.2 658.2 625.0 592.3 581.9 566.0 603.3 614.8 577.8 601.8 613.4 597.0 592.8 589.0 572.6 579.3 583.2 583.0 588.0 581.8 584.4 581.9 582.1 581.2 580.4 581.7 580.8 569.9 547.8 560.9 582.7 589.8 584.5 598.0 595.4 599.6 597.8
494.9 542.9 561.6 558.0 558.6 567.3 589.7 587.6 639.0 676.1 723.4 757.1 750.6 754.3 703.8 777.9 842.5 767.5 753.6 719.2 791.8 856.7 826.0 793.8 808.3 781.8 735.4 690.1 727.7 758.5 797.1 830.2 829.9 862.3 859.0 829.0 810.2 791.9 771.1 759.0 720.6 672.9 619.8 593.7 589.9 642.3 637.0 616.7 631.7 628.5 614.5 608.2 600.5 611.1 605.0 604.9 604.7 607.2 603.4 602.9 600.2 598.3 593.7 593.5 588.7 581.7 584.5 578.5 546.5 549.4 550.3 564.7 567.0 595.5 588.3 585.5
526.0 533.6 523.7 531.3 552.2 556.1 558.6 597.0 625.8 684.1 713.9 736.2 775.9 804.5 800.4 824.2 880.3 862.2 819.0 793.7 811.7 843.9 821.0 756.5 761.0 769.6 774.4 719.9 664.7 720.2 777.0 743.2 757.6 784.5 830.9 844.6 835.0 786.8 746.8 720.2 686.3 663.5 638.6 630.2 625.4 601.9 583.4 584.6 583.4 589.3 558.9 548.8 585.8 622.7 611.8 616.4 619.7 615.1 611.7 607.8 604.6 604.4 604.1 603.4 602.7 590.3 562.2 553.8 545.8 531.5 541.1 507.6 509.6 557.0 589.4 561.3
503.4 509.5 505.9 527.0 531.4 530.3 555.0 573.7 615.7 676.7 673.8 725.0 766.6 805.2 815.1 855.9 920.2 945.1 948.8 917.6 859.1 826.7 786.0 762.4 763.6 705.5 697.8 711.1 664.1 685.4 715.9 679.8 703.2 754.0 788.8 801.0 787.1 779.4 797.2 765.8 731.8 730.5 711.0 687.5 669.5 635.7 600.3 567.9 547.2 531.2 519.5 504.3 502.9 535.4 551.4 558.4 604.1 610.4 627.6 623.9 616.9 614.6 604.9 588.8 581.9 573.5 570.1 598.5 588.7 600.7 606.4 576.9 527.6 486.9 511.2 521.2
457.2 465.0 478.1 502.4 506.1 522.8 545.3 564.8 575.3 585.2 645.0 703.4 714.7 731.0 759.8 823.4 876.3 917.1 969.4 955.4 928.6 881.3 807.0 822.0 793.7 767.0 731.3 683.4 671.6 658.4 646.0 626.1 673.8 731.9 740.0 768.1 784.7 779.4 805.8 793.2 801.4 839.2 799.2 754.5 712.1 679.1 646.6 623.1 607.6 576.3 551.5 531.5 498.7 489.0 470.7 497.1 518.7 532.3 582.3 593.0 632.2 632.2 626.9 618.0 611.0 613.0 599.5 606.9 610.5 587.2 566.2 550.7 526.0 499.4 485.7 471.9
483.3 487.0 477.1 472.1 487.5 513.1 533.6 529.8 539.5 555.2 579.6 604.5 629.6 707.2 784.7 835.1 867.5 912.1 948.2 993.3 966.2 918.6 867.4 901.2 843.0 851.6 803.6 764.4 757.2 741.6 717.7 663.2 622.3 664.3 705.1 705.1 701.1 704.3 740.4 791.4 829.3 853.8 851.2 837.4 782.7 748.0 707.9 672.0 629.6 610.5 574.6 533.7 538.2 518.7 476.9 456.8 468.3 471.0 500.4 523.5 556.4 589.1 644.5 638.6 635.2 627.7 627.9 628.2 606.8 580.8 582.1 600.8 569.0 586.9 592.0 541.5
495.0 503.3 502.4 498.8 486.1 484.9 501.3 522.9 579.8 602.3 623.2 631.0 637.9 656.4 691.4 750.3 834.8 856.0 891.4 949.0 1007.3 979.4 943.8 987.1 937.6 906.7 839.5 802.6 793.3 809.2 760.1 714.9 637.6 615.2 632.2 633.3 646.0 715.0 756.9 763.3 786.7 795.9 811.5 829.4 837.8 789.5 726.4 680.8 640.6 600.5 589.1 591.8 555.3 500.9 477.0 469.7 472.0 440.4 453.7 463.7 482.2 529.8 584.9 651.9 654.8 653.7 650.4 632.6 620.8 634.6 635.5 605.6 624.5 640.6 609.0 568.1
503.4 508.2 508.6 510.5 510.4 500.3 494.0 531.7 564.1 594.7 637.1 698.0 730.9 734.9 731.9 740.6 773.2 810.6 856.4 912.6 985.7 1049.9 1043.5 1004.8 952.8 914.8 885.3 820.8 753.1 782.2 795.6 719.2 698.8 673.3 635.6 602.6 598.4 668.7 666.0 702.6 770.9 775.2 726.4 738.5 757.7 769.3 724.4 676.3 645.3 621.2 593.1 561.5 550.2 531.3 503.0 490.8 495.7 468.3 438.6 422.7 446.6 477.1 524.8 600.6 646.9 666.3 652.6 660.2 659.8 656.7 646.8 645.7 652.0 630.9 643.3 615.2
529.0 525.9 523.1 523.4 520.6 506.9 507.9 513.3 553.6 593.7 638.8 705.3 756.2 795.8 813.6 820.8 813.7 831.4 869.3 922.9 972.1 992.8 1042.9 990.2 924.8 923.0 890.1 834.1 773.1 728.0 771.0 772.1 751.5 767.9 733.3 681.7 627.0 586.0 665.6 715.5 749.9 756.8 723.1 652.2 666.9 686.1 687.5 646.5 624.1 621.3 623.0 574.5 533.7 523.4 505.5 515.3 503.8 474.6 455.9 442.2 416.3 435.0 472.3 499.5 536.9 560.2 550.5 615.2 665.8 667.7 653.5 638.1 620.4 590.5 593.8 598.8
569.9 561.6 547.9 543.9 530.2 522.0 528.1 521.5 525.9 567.8 604.2 654.4 720.5 804.1 854.1 861.5 852.6 829.9 839.2 884.8 914.5 913.0 956.5 936.3 892.4 815.7 830.9 857.9 807.3 724.4 704.3 793.3 817.5 790.1 757.1 753.7 682.1 601.1 569.7 612.4 665.3 677.8 676.4 632.6 576.8 582.6 563.2 566.9 558.6 560.8 569.0 571.6 581.2 557.9 501.0 526.3 542.0 525.7 495.2 474.7 453.6 411.8 417.4 436.1 451.9 465.4 488.3 547.7 613.1 655.5 656.2 655.5 642.5 612.2 560.4 525.9
622.7 611.0 586.3 575.5 543.6 557.0 548.6 543.6 538.2 542.2 573.4 613.0 672.8 728.1 770.0 802.3 820.2 816.5 824.4 868.7 854.9 835.3 859.5 868.1 860.2 779.3 718.7 746.1 760.2 728.2 662.5 721.5 801.7 804.2 723.3 730.3 730.0 655.2 613.9 572.4 552.1 571.7 582.0 556.8 522.5 527.4 524.5 516.6 488.5 483.1 477.5 500.8 517.1 501.0 470.8 493.3 492.0 481.7 458.5 448.7 450.5 432.0 408.3 396.8 406.4 432.3 436.5 470.4 513.7 556.2 578.5 583.9 556.7 564.7 538.2 497.3
677.1 666.8 638.9 600.5 557.9 619.4 609.0 568.0 567.1 557.9 557.6 582.9 617.6 657.0 700.3 751.9 820.1 825.2 831.6 858.5 837.0 801.4 793.2 786.5 749.2 711.7 709.2 683.6 664.7 672.3 633.8 675.8 757.0 777.2 757.3 683.2 719.1 738.5 714.0 650.5 595.4 601.4 561.7 561.5 594.2 617.8 627.6 612.0 548.7 538.7 507.9 476.3 466.7 457.9 451.5 440.6 435.0 423.2 413.6 407.3 411.9 419.3 428.2 427.2 389.0 386.0 405.8 410.3 439.8 465.1 478.7 498.7 478.3 506.4 501.3 463.4
736.1 711.4 660.9 594.4 594.5 655.9 661.1 628.2 604.3 594.4 600.4 588.6 625.9 645.7 680.5 738.1 798.6 834.7 820.3 821.9 836.0 856.8 838.1 811.0 844.9 822.7 799.2 797.0 749.2 699.5 652.9 610.1 655.8 660.4 708.2 650.6 684.7 745.0 766.5 722.8 694.6 691.3 632.9 672.8 709.5 727.1 712.8 665.4 639.7 622.3 577.5 556.2 533.5 535.8 501.6 508.5 523.6 492.7 478.9 451.0 421.2 394.9 385.5 397.9 390.4 378.5 363.6 367.6 384.2 393.3 412.9 433.1 419.7 418.0 448.4 432.2
