data/case_study_destine/merger_hmc_by_domain/geo/BasilicataDomain.dem.txt
ncols   395
nrows   388
xllcorner    14.9008
yllcorner    39.8950
cellsize    0.005002
NODATA_value -9999
[rows 102 to 135 of 388, columns 0 to 75 of 395]
-9999.0 800.2 836.4 891.0 944.7 979.7 971.5 960.5 969.5 976.7 957.4 912.0 870.8 823.7 796.4 821.4 819.4 904.0 977.4 958.0 923.7 885.9 801.4 747.2 718.9 666.1 688.0 731.1 737.2 724.7 732.0 734.2 809.5 861.7 867.1 886.4 877.6 905.6 911.9 931.8 932.3 913.5 910.6 916.5 923.0 933.8 990.1 1040.6 1079.8 1072.8 1007.4 888.8 807.5 731.2 792.4 799.5 765.2 757.5 844.1 906.8 827.8 740.5 648.8 611.6 588.0 598.7 595.9 563.9 537.2 515.0 492.4 470.4 451.9 435.9 425.5 417.0
-9999.0 780.0 825.7 878.6 924.1 943.0 950.4 941.3 917.6 923.3 944.0 928.1 892.2 882.3 860.9 886.9 878.6 943.5 1006.1 1003.0 973.5 904.0 854.9 821.2 797.5 743.4 779.9 828.3 833.5 826.1 827.4 823.2 869.1 896.7 876.7 878.5 850.1 840.8 839.2 854.1 849.2 842.1 835.1 831.8 870.4 928.4 964.9 1012.9 1053.3 1048.2 974.1 839.5 786.3 840.7 848.5 867.2 832.0 814.7 855.3 928.3 865.8 770.2 713.2 685.1 651.8 594.2 550.6 522.4 498.1 482.3 470.5 460.7 449.7 438.4 444.1 454.5
-9999.0 778.6 815.5 845.3 875.1 886.0 897.2 914.2 897.1 895.1 933.0 927.1 919.6 913.0 891.7 906.1 904.9 925.6 929.2 906.9 952.3 976.6 944.0 901.3 852.8 845.5 865.1 896.1 905.2 902.2 917.7 924.1 933.7 912.1 893.0 889.6 865.9 837.4 785.8 771.1 777.4 753.8 763.4 818.2 870.0 883.4 917.4 952.2 974.0 978.6 942.6 849.8 878.2 960.5 940.1 930.3 902.6 894.2 891.7 902.1 884.2 825.7 753.2 694.4 622.3 574.3 541.7 517.7 504.1 492.8 478.2 462.7 458.8 460.9 506.8 492.8
-9999.0 757.5 782.8 797.9 825.8 821.9 838.6 859.6 856.6 888.0 942.6 925.7 907.0 895.8 874.0 849.2 832.9 829.1 815.4 824.5 885.4 915.9 899.5 851.0 857.0 869.8 836.8 837.1 857.3 890.8 937.9 976.7 970.1 925.6 882.5 864.4 866.8 858.5 802.1 741.6 710.7 722.0 784.9 824.5 825.1 814.6 864.5 909.1 897.1 918.8 902.0 901.7 973.9 1020.1 1027.0 1002.2 974.0 961.2 917.5 855.2 809.1 795.3 721.7 668.6 622.2 584.2 557.7 528.6 503.0 490.7 487.1 499.7 496.1 488.5 486.7 504.2
-9999.0 713.7 730.9 743.9 767.5 775.5 786.8 814.6 844.8 906.2 929.3 910.1 903.7 915.0 907.2 885.9 843.2 785.9 745.0 743.1 777.6 781.8 787.6 760.9 780.8 806.8 760.8 745.7 767.6 813.3 865.2 909.5 957.8 917.5 871.9 848.1 834.2 830.3 827.9 779.2 716.2 673.7 701.2 730.6 729.0 753.5 813.7 867.6 869.1 881.2 898.5 952.4 976.9 1013.2 1024.1 999.2 968.8 925.0 879.0 818.0 742.4 700.7 673.3 646.4 604.9 558.6 529.1 519.8 528.3 524.4 526.3 530.0 517.5 504.4 521.1 608.3
-9999.0 683.7 667.7 673.9 704.0 708.0 749.3 837.8 886.4 898.6 863.4 879.0 895.3 919.6 936.7 932.3 892.2 844.3 750.4 688.1 664.9 655.0 677.7 668.6 712.5 735.4 692.7 657.8 698.2 754.0 810.4 877.2 943.9 927.3 879.5 852.7 811.1 794.7 799.5 804.4 747.6 689.7 643.3 654.7 687.9 743.3 803.9 833.4 830.4 853.6 907.9 913.0 928.5 960.0 982.9 979.4 949.6 907.4 840.6 774.6 724.0 672.5 637.0 607.3 569.9 567.9 580.3 563.5 579.8 554.8 585.7 556.5 534.7 533.2 546.7 623.3
-9999.0 650.3 604.1 599.6 608.4 653.8 743.3 808.7 884.1 867.9 812.2 839.4 892.3 929.4 953.0 947.2 923.6 874.6 770.5 708.3 685.9 652.6 612.7 589.0 620.0 644.9 611.3 621.7 672.7 731.5 806.5 881.9 946.6 929.6 881.8 836.8 788.8 740.4 767.3 794.7 769.9 718.1 649.2 637.3 696.6 757.9 797.1 757.8 762.8 850.3 907.7 911.4 900.7 904.9 938.4 956.3 958.1 902.3 841.7 768.5 702.6 671.5 638.6 598.7 601.4 616.2 638.0 628.1 627.8 612.7 599.7 574.0 572.9 592.7 580.2 613.9
-9999.0 599.2 562.0 523.3 549.0 644.2 735.9 798.2 871.5 831.4 779.4 835.7 890.1 921.8 961.3 963.8 902.6 842.2 797.6 788.1 744.5 705.9 680.7 620.7 566.8 550.3 558.9 612.0 676.3 732.9 773.3 840.5 882.5 895.9 861.1 799.7 744.6 695.2 718.9 752.9 759.4 705.3 631.0 630.0 690.3 729.7 711.8 702.4 766.5 837.0 884.2 870.6 853.2 857.2 894.7 938.0 955.9 922.4 864.6 793.7 766.2 720.6 681.9 650.0 668.3 663.7 702.0 703.2 693.4 671.0 622.3 615.7 628.6 669.5 645.5 653.2
-9999.0 513.0 448.2 468.2 566.7 638.4 716.7 788.4 823.6 790.5 740.2 782.8 844.5 907.6 953.2 964.1 936.7 909.4 894.8 864.9 820.9 801.8 762.4 708.3 657.5 588.3 527.7 564.3 634.2 650.6 700.5 763.5 816.5 864.1 849.1 796.9 723.4 654.0 664.2 716.2 745.1 704.9 635.8 591.1 627.7 639.4 659.0 739.9 809.7 840.7 824.7 813.2 837.4 897.4 934.5 944.1 934.1 916.7 877.9 846.8 833.4 791.7 756.8 750.6 736.6 741.1 796.4 794.9 755.0 711.2 663.3 667.3 693.6 728.9 745.8 717.2
-9999.0 414.9 471.4 517.3 559.1 649.8 728.3 727.3 681.4 658.7 735.5 811.4 855.2 901.7 932.5 918.9 947.9 959.6 949.7 916.3 884.9 825.6 763.8 708.5 663.0 607.9 541.6 529.2 569.0 602.2 673.7 763.6 831.2 853.5 826.5 796.2 746.8 674.4 617.0 657.1 712.4 679.9 639.4 574.0 592.6 633.7 670.6 728.8 798.8 823.0 787.2 841.7 887.6 916.1 938.8 937.7 946.2 938.4 894.5 926.7 910.6 879.6 864.0 867.0 833.8 827.3 887.8 880.5 818.8 753.4 717.1 718.7 721.6 780.4 817.1 782.6
-9999.0 469.2 560.1 636.1 630.9 656.2 635.8 571.7 587.5 667.0 783.5 862.6 894.4 931.2 928.9 907.2 927.5 939.0 928.1 890.7 841.6 767.1 700.2 650.1 605.0 577.0 549.3 499.8 531.0 597.8 669.9 734.0 755.7 789.1 762.8 755.3 731.4 667.8 601.4 612.6 670.0 625.4 587.7 561.0 618.0 676.4 716.6 750.0 813.2 814.0 769.6 846.4 868.6 895.0 934.2 943.9 886.5 901.0 874.0 856.3 841.8 835.6 850.4 896.1 913.1 936.0 952.3 930.8 869.4 833.5 793.9 758.2 750.3 820.5 862.0 848.8
-9999.0 493.0 564.5 587.1 561.6 537.3 493.3 535.6 603.7 692.8 792.9 858.8 905.3 914.2 882.0 884.7 862.1 900.7 918.4 875.5 815.8 786.1 754.6 734.5 709.3 685.4 631.2 549.5 485.0 544.4 610.5 643.2 692.5 717.2 689.8 690.7 670.7 636.5 581.2 573.8 626.9 574.9 555.6 602.7 652.7 698.7 743.0 783.1 818.7 780.1 741.8 795.6 866.9 918.1 903.3 879.2 846.1 804.2 822.5 752.1 770.7 750.9 775.6 840.8 914.5 969.1 923.4 886.1 853.7 860.5 859.3 773.2 716.1 773.3 787.3 812.0
-9999.0 489.0 497.1 445.8 420.5 462.8 539.1 601.3 652.3 715.2 800.4 852.3 877.5 872.2 845.5 853.1 843.0 901.5 937.6 915.5 896.9 878.0 843.8 813.1 788.0 730.9 658.3 588.9 519.0 477.6 538.6 591.2 623.6 630.2 610.2 615.5 597.4 578.0 545.8 525.2 565.2 538.7 561.4 631.4 672.8 702.5 736.4 760.5 767.0 724.2 724.2 837.8 920.8 949.4 901.6 842.1 777.3 725.6 690.0 675.8 699.7 705.7 758.7 840.4 910.4 947.7 901.7 847.1 815.3 793.6 801.1 790.8 692.6 673.0 705.8 768.6
-9999.0 365.6 358.4 387.2 467.0 532.3 598.8 620.4 670.5 738.0 798.1 844.8 868.3 856.2 823.1 809.1 838.4 872.3 911.2 949.1 958.4 909.1 845.2 797.5 762.0 730.1 677.4 590.2 527.8 459.3 486.9 526.4 572.9 575.6 557.9 537.2 531.7 504.4 499.1 524.1 519.4 526.4 558.5 597.2 611.9 648.7 699.5 722.4 693.5 670.6 719.4 788.7 866.8 915.3 845.6 804.2 795.3 793.7 724.2 611.9 646.8 707.5 747.1 789.6 850.7 908.6 901.6 829.3 799.9 743.4 700.0 726.3 696.3 610.6 686.1 770.9
-9999.0 322.9 362.9 433.8 513.9 581.2 655.4 676.3 727.8 782.8 812.1 862.2 896.9 861.9 831.2 792.7 816.6 842.3 860.4 886.6 904.8 889.6 853.8 817.4 752.7 672.1 626.5 572.2 508.4 439.4 463.6 505.6 545.8 556.7 536.4 489.7 471.9 511.9 550.7 581.0 592.2 603.3 598.0 599.3 622.5 633.2 672.7 720.9 670.2 659.6 719.7 770.6 823.1 850.5 773.0 703.9 743.3 808.6 746.8 604.8 585.0 659.4 676.7 720.4 769.5 813.4 809.4 853.6 821.5 730.2 648.1 599.7 604.2 551.1 584.9 635.8
-9999.0 338.3 402.8 459.1 522.7 550.3 586.1 630.2 681.2 730.0 782.9 853.7 889.7 866.7 831.3 795.0 797.9 837.8 841.1 822.0 814.2 820.8 822.2 786.2 730.0 656.9 586.8 522.7 470.7 412.5 466.9 512.2 545.4 537.8 498.2 458.7 502.7 571.1 596.5 613.0 628.1 639.2 651.7 662.8 664.0 677.7 706.8 729.7 662.0 638.4 693.5 732.3 760.6 802.5 747.4 635.9 650.9 734.9 709.0 633.2 544.6 587.5 632.2 631.3 690.9 689.3 664.4 715.6 787.8 749.1 699.7 594.7 520.7 544.4 498.3 509.5
-9999.0 349.2 395.1 441.2 493.7 533.1 575.1 642.2 707.6 735.8 809.5 864.3 829.6 812.7 807.8 763.5 782.9 825.3 829.0 789.9 763.4 769.0 757.7 703.7 651.5 602.7 550.2 492.9 429.9 406.2 475.7 522.8 543.6 516.2 474.4 457.9 527.2 576.7 602.6 622.0 653.3 669.5 671.5 672.9 665.3 670.9 703.1 717.0 655.8 607.7 678.0 714.2 689.7 698.3 705.0 594.3 552.0 590.3 606.6 570.8 519.4 551.4 566.5 563.6 591.3 573.2 546.4 565.8 622.4 609.0 617.8 566.5 491.0 454.7 443.3 421.4
-9999.0 338.6 370.0 417.5 482.5 525.3 564.2 602.7 658.0 718.9 782.4 800.1 778.2 759.4 786.9 778.1 746.9 785.8 769.5 730.8 711.5 710.0 676.7 635.2 595.3 556.4 510.6 458.2 390.3 410.8 478.8 514.0 519.8 507.4 468.8 445.9 502.4 523.1 555.4 592.6 626.5 651.9 664.8 673.9 667.9 657.1 677.1 687.4 641.1 584.6 633.1 654.9 616.8 627.7 571.1 527.5 510.4 521.4 529.8 498.8 479.2 477.7 470.0 474.9 478.4 458.3 455.8 449.1 462.2 448.2 456.6 452.0 436.7 425.0 438.4 481.4
-9999.0 295.8 357.8 412.0 444.7 484.7 528.7 574.5 648.6 704.8 715.8 717.1 702.1 692.7 730.0 714.0 677.0 696.7 684.9 663.9 648.3 639.8 593.2 546.9 525.5 498.8 454.7 416.6 372.4 434.7 488.7 490.8 503.3 509.1 486.5 423.4 452.8 520.6 580.5 608.8 627.9 637.6 640.4 659.2 672.9 648.4 647.3 630.4 612.3 572.4 567.3 574.2 563.6 535.9 556.0 596.8 597.2 581.8 639.6 673.8 615.5 572.3 560.5 522.3 480.7 487.6 469.5 460.7 441.0 464.9 536.0 591.9 573.7 546.4 525.6 558.9
-9999.0 263.0 318.9 356.8 404.2 454.0 498.1 538.3 605.5 665.9 680.0 651.2 642.1 643.1 664.2 662.8 620.6 640.5 638.8 615.8 579.0 582.5 543.9 478.5 455.7 450.8 426.6 376.2 363.3 418.1 442.9 463.1 483.2 488.2 447.2 419.1 488.0 544.5 569.8 570.5 579.7 598.0 596.1 636.6 659.7 659.5 668.8 662.0 636.6 614.8 579.9 541.3 527.9 572.5 670.7 711.1 700.0 662.1 677.4 735.5 763.7 714.5 672.4 612.4 564.6 527.9 500.6 505.6 455.5 470.8 533.4 604.1 701.7 729.7 657.5 619.5
-9999.0 264.0 304.1 341.7 380.8 433.1 499.8 563.0 600.9 643.8 649.7 620.8 592.1 588.2 602.9 603.6 561.8 603.3 586.5 545.6 509.8 494.0 484.1 443.3 396.8 394.6 372.7 358.4 348.0 355.8 370.8 413.7 446.0 454.6 407.0 433.8 494.8 510.2 517.3 537.3 558.7 588.8 606.3 628.6 650.9 653.3 645.6 627.5 610.2 597.0 573.3 537.1 567.9 625.0 661.4 712.6 754.7 739.1 734.6 802.2 834.5 780.2 700.1 652.7 591.5 550.4 579.2 528.6 475.6 472.6 532.6 588.3 650.9 735.1 793.9 736.6
-9999.0 294.0 347.9 401.1 436.7 475.7 510.6 553.3 578.0 599.1 608.8 583.8 558.4 523.0 515.0 496.1 480.1 544.1 505.9 476.3 442.0 431.1 404.4 372.6 343.6 323.0 334.5 358.4 410.1 415.3 409.1 378.6 390.3 396.2 396.5 428.8 462.6 502.5 544.1 584.1 617.2 630.4 625.3 628.6 641.6 648.1 651.4 646.3 658.5 664.1 631.8 585.1 551.3 592.9 644.8 685.7 726.4 757.7 770.5 785.2 807.2 811.1 754.4 690.4 641.2 636.5 621.2 570.8 530.8 475.6 507.4 563.6 609.2 677.5 747.7 816.4
-9999.0 329.5 378.0 427.6 482.6 543.0 569.6 578.9 538.9 548.8 580.5 548.1 516.6 509.8 460.2 402.2 410.8 447.1 433.3 387.1 367.7 374.5 339.6 317.1 316.9 363.7 423.4 443.1 432.7 455.2 458.0 442.1 413.9 423.3 441.2 427.0 488.5 530.2 558.4 589.9 591.8 598.0 590.6 611.5 639.3 654.8 652.1 657.9 677.8 683.5 657.3 628.7 571.0 591.7 665.5 708.5 732.8 741.2 745.4 749.4 762.5 797.1 781.7 724.9 736.4 759.6 679.8 617.6 560.2 509.0 488.9 535.2 587.1 652.1 712.2 795.8
-9999.0 358.4 450.6 480.7 531.0 571.4 592.5 583.6 549.9 513.9 535.0 505.8 501.6 506.6 473.9 420.8 358.4 349.8 380.7 339.1 301.1 304.2 320.6 338.5 366.5 440.8 510.8 565.6 521.0 494.2 498.7 479.5 469.1 462.1 477.3 446.5 467.0 500.0 519.1 537.2 549.9 582.2 606.6 635.9 639.7 652.7 660.9 670.4 681.0 677.6 658.5 627.5 572.2 594.3 663.2 690.4 702.4 723.3 714.9 728.3 745.7 763.9 780.8 781.6 788.6 755.3 689.8 590.7 561.3 555.2 515.7 534.1 584.1 632.4 687.3 751.9
-9999.0 444.6 507.0 536.4 577.2 595.9 587.5 567.8 549.1 507.8 496.7 470.9 490.6 497.6 454.7 416.7 393.3 339.4 304.0 287.8 329.3 415.0 417.2 441.9 433.9 471.7 539.4 601.1 552.0 546.9 566.6 532.3 497.7 497.9 508.8 488.7 452.0 478.8 506.2 536.6 586.2 603.6 612.2 644.7 655.2 662.9 672.0 678.9 676.6 663.2 641.4 588.2 576.0 608.2 649.1 658.5 653.6 684.8 717.7 729.1 734.7 751.0 753.6 761.3 732.3 680.8 639.3 638.7 671.9 643.5 582.2 538.9 559.3 617.5 687.8 765.5
-9999.0 416.6 484.0 541.8 560.6 569.4 571.8 560.1 518.1 481.1 494.1 475.7 446.1 459.4 412.3 361.4 347.3 297.9 278.4 295.1 387.6 465.0 498.3 523.1 511.4 531.7 578.0 629.4 629.1 582.8 631.5 598.4 531.0 553.1 567.9 514.5 494.1 482.5 482.7 491.2 524.2 538.3 578.5 591.9 635.2 671.8 679.7 681.6 669.7 644.1 590.2 591.7 622.6 603.4 609.2 620.2 640.3 669.6 674.3 674.7 695.1 722.3 743.2 740.4 722.6 704.0 675.2 728.0 748.5 715.8 648.3 593.0 550.6 620.4 682.7 756.8
-9999.0 441.6 488.7 521.3 524.8 529.6 548.9 527.6 485.6 439.1 482.0 496.9 441.7 381.3 360.6 317.4 279.4 272.9 309.5 369.4 459.1 524.9 555.3 574.0 575.0 601.9 596.8 589.3 637.0 610.3 659.6 633.5 623.1 636.5 620.9 574.0 589.2 583.1 563.8 535.4 523.5 510.2 524.8 567.3 603.7 640.5 681.7 674.7 650.6 607.8 590.4 624.8 665.2 662.0 664.5 654.5 638.9 645.0 657.9 685.5 686.8 707.1 732.1 746.3 743.9 747.3 738.4 786.1 809.6 754.3 666.8 604.7 563.1 634.5 692.8 769.8
-9999.0 455.1 474.3 485.8 464.6 485.0 493.0 471.9 432.1 403.0 463.7 473.3 436.2 383.3 303.6 264.3 276.2 345.9 415.5 470.0 464.7 457.5 460.8 462.5 475.7 486.4 467.7 494.4 555.8 622.1 619.8 584.3 621.2 649.6 684.8 673.4 675.5 701.7 676.0 596.7 545.5 521.5 525.8 552.6 585.5 623.0 678.5 667.6 611.2 622.3 663.0 651.3 641.9 676.0 695.5 685.9 671.3 685.9 688.6 701.7 709.1 717.9 746.5 763.5 754.6 764.0 770.6 773.6 799.8 777.9 732.5 656.2 594.4 600.8 663.1 724.6
-9999.0 430.4 439.5 461.9 435.8 420.3 415.8 419.3 365.7 386.0 421.9 434.9 395.0 322.7 263.2 274.6 341.7 414.2 442.3 399.0 346.5 355.3 375.5 395.9 394.6 430.0 481.8 550.5 631.7 667.7 611.8 539.6 599.4 621.8 608.8 641.5 632.0 705.1 709.3 635.0 586.1 563.9 551.7 545.8 609.3 664.9 687.5 622.2 619.9 669.3 707.4 699.5 673.0 670.3 687.5 696.7 706.5 722.5 732.4 735.4 733.5 745.1 773.0 767.5 747.0 764.5 771.6 772.6 784.7 807.0 780.4 701.8 636.3 609.5 664.3 715.8
-9999.0 393.5 393.2 421.9 445.1 395.5 356.9 412.0 342.1 377.1 355.0 294.7 256.6 282.6 305.6 355.8 402.2 430.9 361.7 321.5 375.5 427.0 456.3 485.2 431.8 450.4 509.4 559.6 648.7 624.0 556.6 500.1 522.2 540.8 572.3 585.4 615.4 644.3 705.0 729.4 614.5 605.0 585.7 548.7 585.8 636.5 684.1 612.9 659.2 705.3 732.0 717.2 707.7 711.3 712.6 723.7 716.4 720.6 744.9 752.4 754.4 764.4 765.9 743.0 742.1 757.3 765.0 768.0 782.4 802.2 808.6 774.1 693.3 634.0 681.4 729.0
-9999.0 401.4 371.3 414.1 429.2 371.2 328.9 401.5 332.5 361.7 353.1 262.3 243.9 307.3 382.2 429.1 354.7 308.2 306.0 361.0 432.4 484.5 486.6 482.1 450.7 510.5 541.1 585.2 608.3 567.9 515.7 476.8 580.0 617.7 584.3 621.8 651.7 644.2 692.2 741.1 631.7 619.1 582.6 555.9 593.7 645.6 698.6 636.2 639.5 702.0 723.5 730.3 731.0 736.1 735.0 739.3 730.1 723.5 746.5 760.1 744.8 738.5 737.0 721.8 748.6 739.1 745.9 765.8 786.3 798.0 822.0 785.7 735.3 718.0 680.0 722.6
-9999.0 378.7 351.0 389.5 409.8 344.6 303.5 373.9 311.6 401.6 354.6 264.2 235.8 284.1 357.2 384.8 299.9 312.6 361.7 393.3 440.9 495.8 497.7 482.1 484.2 538.0 556.4 523.5 503.8 455.5 438.6 518.5 558.3 598.4 632.5 617.2 653.5 666.1 685.7 717.9 677.2 615.5 616.7 581.7 608.6 671.3 706.9 676.1 624.9 655.0 685.3 732.2 746.4 745.6 744.3 743.5 737.9 738.8 732.8 731.3 721.7 708.8 718.3 769.7 810.5 796.6 792.6 766.9 765.2 796.3 822.5 856.2 814.1 773.3 738.8 763.7
-9999.0 403.2 386.9 350.3 316.3 345.1 285.5 327.6 317.7 437.8 356.9 246.9 235.2 300.9 382.4 374.2 271.7 330.8 393.4 425.0 423.8 440.4 501.3 530.5 516.5 520.3 478.5 441.1 412.8 413.7 488.3 493.2 491.1 513.1 548.6 582.9 627.5 636.4 703.1 694.4 672.5 654.9 663.3 604.4 635.0 653.9 662.7 704.3 681.1 634.5 669.8 710.4 718.8 732.7 737.7 726.0 708.4 696.8 693.4 700.9 717.8 740.1 760.2 804.4 828.9 833.6 819.3 787.2 790.0 787.0 819.1 853.4 854.3 827.0 807.9 802.6
-9999.0 391.8 425.1 387.4 290.1 351.2 312.5 277.6 373.1 428.3 347.9 229.5 244.3 337.5 386.4 357.9 272.1 299.6 335.3 333.5 349.2 424.2 469.8 485.0 511.8 449.0 412.4 372.1 399.6 460.5 516.4 570.9 598.1 622.3 634.0 643.6 660.5 710.6 758.7 725.9 635.8 658.4 668.2 648.0 642.0 609.0 619.3 662.4 677.1 677.2 637.1 664.3 717.5 727.7 722.4 722.2 681.7 702.8 719.7 730.6 726.4 720.6 730.6 789.0 793.7 781.7 785.2 803.7 822.7 800.3 803.5 819.7 844.7 871.9 854.9 801.6
