data/case_study_destine/merger_hmc_by_domain/geo/CalabriaDomain.dem.txt
ncols   329
nrows   445
xllcorner    15.5942
yllcorner    37.8069
cellsize    0.005013
NODATA_value -9999
[rows 248 to 278 of 445, columns 140 to 209 of 329]
634.2 642.7 606.4 564.8 538.9 573.3 628.9 685.0 720.2 761.5 825.5 908.2 922.0 871.2 884.2 859.7 823.6 750.3 774.0 820.6 866.8 885.9 843.7 801.9 741.4 695.5 604.3 533.9 479.8 428.8 376.6 340.3 320.3 295.4 282.2 268.0 258.3 249.5 243.2 249.4 250.1 247.5 251.0 281.0 287.8 253.5 232.9 214.0 200.8 159.8 129.0 117.5 99.2 91.6 91.4 75.7 59.3 -9999.0 -9999.0 -9999.0 -9999.0 -9999.0 -9999.0 -9999.0 -9999.0 -9999.0 -9999.0 -9999.0 -9999.0 -9999.0
612.4 554.2 500.3 470.2 515.4 550.5 605.5 685.1 734.2 786.7 848.8 884.7 923.7 883.8 908.5 892.7 817.5 758.1 782.5 825.6 839.7 829.9 789.8 739.2 700.8 617.4 549.3 514.2 459.7 418.3 404.8 415.7 399.8 358.5 313.0 277.5 259.3 257.9 255.9 250.6 255.2 265.6 265.1 254.6 250.3 209.4 163.7 161.9 135.4 115.8 113.6 91.1 92.1 106.4 73.7 58.3 -9999.0 -9999.0 -9999.0 -9999.0 -9999.0 -9999.0 -9999.0 -9999.0 -9999.0 -9999.0 -9999.0 -9999.0 -9999.0 -9999.0
507.6 440.3 420.0 439.0 471.3 544.9 604.3 672.0 709.0 762.4 856.4 925.8 928.8 900.3 902.3 860.6 808.9 761.7 781.2 835.6 852.8 819.2 754.9 685.4 675.5 640.1 675.6 622.1 550.8 490.5 455.4 428.6 426.6 415.4 366.9 297.9 276.2 280.2 291.1 286.9 299.1 310.8 321.3 329.4 309.9 220.9 175.2 156.4 131.9 107.6 78.9 64.4 64.8 70.2 59.2 -9999.0 -9999.0 -9999.0 -9999.0 -9999.0 -9999.0 -9999.0 -9999.0 -9999.0 -9999.0 -9999.0 -9999.0 -9999.0 -9999.0 -9999.0
394.9 401.4 485.5 419.9 421.6 459.2 506.2 624.7 708.2 771.5 849.5 937.5 952.3 926.9 922.5 870.2 798.9 777.3 840.9 874.9 854.6 820.4 745.7 739.2 772.1 729.3 677.4 607.0 518.3 470.1 432.0 386.3 356.9 346.8 327.9 310.2 302.0 297.7 295.4 299.6 307.6 312.5 290.9 325.1 348.8 356.3 352.0 287.2 226.4 179.2 115.6 89.3 58.5 55.5 -9999.0 -9999.0 -9999.0 -9999.0 -9999.0 -9999.0 -9999.0 -9999.0 -9999.0 -9999.0 -9999.0 -9999.0 -9999.0 -9999.0 -9999.0 -9999.0
351.9 422.7 387.6 352.9 416.2 473.3 521.0 642.0 714.5 777.8 851.8 925.5 962.9 956.8 932.4 858.8 800.9 794.6 854.5 876.6 826.7 778.2 805.8 865.1 810.1 730.3 668.9 592.3 582.3 553.2 472.5 402.9 388.8 398.1 353.3 315.3 304.2 306.4 302.2 304.1 304.5 303.6 333.1 391.2 438.2 410.9 390.3 364.8 326.3 237.9 181.4 121.3 67.8 -9999.0 -9999.0 -9999.0 -9999.0 -9999.0 -9999.0 -9999.0 -9999.0 -9999.0 -9999.0 -9999.0 -9999.0 -9999.0 -9999.0 -9999.0 -9999.0 -9999.0
298.8 327.2 338.5 392.2 397.5 456.2 544.8 662.3 710.5 775.8 868.3 925.0 944.1 944.6 914.1 849.3 811.2 834.7 883.5 901.0 821.3 833.1 888.6 878.7 796.7 740.7 717.5 697.4 616.9 536.5 486.9 450.5 402.8 366.6 345.0 326.5 319.9 319.3 336.6 347.5 345.8 354.6 416.6 423.3 450.8 417.9 412.2 422.5 421.1 377.6 323.7 263.1 161.1 -9999.0 -9999.0 -9999.0 -9999.0 -9999.0 -9999.0 -9999.0 -9999.0 -9999.0 -9999.0 -9999.0 -9999.0 -9999.0 -9999.0 -9999.0 -9999.0 -9999.0
281.6 331.4 335.7 344.0 389.1 454.8 521.5 636.5 693.8 745.5 809.3 868.7 914.3 940.1 941.4 913.6 868.8 854.0 912.9 900.5 852.0 866.3 896.9 870.7 827.9 812.9 791.9 727.1 643.6 566.7 532.4 468.2 405.2 383.0 394.3 386.5 372.1 363.9 397.0 422.1 419.6 426.0 461.7 451.9 426.9 397.7 396.9 413.5 410.2 365.3 320.0 304.4 266.1 -9999.0 -9999.0 -9999.0 -9999.0 -9999.0 -9999.0 -9999.0 -9999.0 -9999.0 -9999.0 -9999.0 -9999.0 -9999.0 -9999.0 -9999.0 -9999.0 -9999.0
261.6 279.3 323.0 383.8 467.2 519.3 592.8 615.1 709.8 779.3 830.0 873.6 937.8 1004.2 1025.2 988.1 938.7 894.1 925.0 921.9 877.9 879.6 883.2 871.3 863.7 858.2 812.9 755.2 709.1 643.9 566.3 484.5 452.6 442.2 428.9 417.3 437.9 427.2 472.9 513.1 546.7 482.7 432.2 388.2 342.4 337.3 355.9 369.3 385.9 372.9 314.8 243.6 178.1 -9999.0 -9999.0 -9999.0 -9999.0 -9999.0 -9999.0 -9999.0 -9999.0 -9999.0 -9999.0 -9999.0 -9999.0 -9999.0 -9999.0 -9999.0 -9999.0 -9999.0
283.9 315.0 371.7 450.5 549.3 616.3 652.2 694.3 714.1 750.5 821.2 915.4 976.6 1037.9 1029.7 969.4 936.2 922.6 927.3 934.4 902.5 888.7 875.8 870.5 861.7 854.9 817.9 756.8 708.4 645.4 559.3 531.3 505.6 457.7 449.5 494.4 527.9 534.0 543.5 643.9 648.6 539.7 465.7 430.2 360.7 271.5 290.0 312.9 329.3 279.9 224.5 -9999.0 -9999.0 -9999.0 -9999.0 -9999.0 -9999.0 -9999.0 -9999.0 -9999.0 -9999.0 -9999.0 -9999.0 -9999.0 -9999.0 -9999.0 -9999.0 -9999.0 -9999.0 -9999.0
302.9 341.6 420.2 515.2 587.9 651.7 709.5 736.8 782.5 838.5 810.8 889.9 988.0 1003.4 1019.1 982.4 952.0 940.9 899.0 869.9 882.7 883.9 836.5 806.2 793.1 800.3 770.5 741.3 709.2 647.1 577.2 563.3 573.4 543.1 541.0 574.0 593.3 586.4 618.4 679.0 645.3 568.2 452.0 369.5 303.7 252.2 186.2 172.9 173.1 141.4 127.5 -9999.0 -9999.0 -9999.0 -9999.0 -9999.0 -9999.0 -9999.0 -9999.0 -9999.0 -9999.0 -9999.0 -9999.0 -9999.0 -9999.0 -9999.0 -9999.0 -9999.0 -9999.0 -9999.0
328.5 385.3 459.8 560.4 629.9 693.3 728.7 792.4 881.6 914.0 915.3 899.5 931.3 987.9 1000.3 956.8 971.1 918.9 848.5 820.0 838.3 853.2 818.8 773.0 719.2 738.8 731.9 701.3 700.3 660.6 636.0 621.5 610.7 579.9 575.4 610.6 647.2 651.5 643.1 625.5 590.8 551.3 451.9 326.2 249.4 211.1 180.5 148.7 116.3 78.4 -9999.0 -9999.0 -9999.0 -9999.0 -9999.0 -9999.0 -9999.0 -9999.0 -9999.0 -9999.0 -9999.0 -9999.0 -9999.0 -9999.0 -9999.0 -9999.0 -9999.0 -9999.0 -9999.0 -9999.0
347.4 372.6 434.1 498.0 568.8 647.4 744.7 849.7 970.5 1020.6 1036.3 1037.5 1036.5 1017.0 968.2 923.9 910.5 897.8 810.2 776.0 768.9 755.8 732.7 715.1 649.7 662.7 673.7 626.8 630.7 631.0 597.1 563.7 555.2 535.6 556.2 586.5 615.1 589.8 593.6 575.1 571.3 510.4 445.9 363.0 259.8 192.1 145.8 125.8 103.5 -9999.0 -9999.0 -9999.0 -9999.0 -9999.0 -9999.0 -9999.0 -9999.0 -9999.0 -9999.0 -9999.0 -9999.0 -9999.0 -9999.0 -9999.0 -9999.0 -9999.0 -9999.0 -9999.0 -9999.0 -9999.0
392.5 490.7 601.7 618.2 661.3 732.9 850.2 956.0 1023.1 1047.7 1045.5 1011.1 1010.2 1001.2 934.3 872.4 839.3 790.7 740.0 707.7 711.1 660.2 659.0 643.9 605.0 533.2 550.1 577.6 548.6 572.8 568.9 555.5 539.7 527.8 529.1 560.8 564.0 536.2 495.8 454.6 444.8 406.8 298.0 241.4 165.1 105.3 74.7 66.5 -9999.0 -9999.0 -9999.0 -9999.0 -9999.0 -9999.0 -9999.0 -9999.0 -9999.0 -9999.0 -9999.0 -9999.0 -9999.0 -9999.0 -9999.0 -9999.0 -9999.0 -9999.0 -9999.0 -9999.0 -9999.0 -9999.0
488.5 580.4 656.3 695.3 723.1 775.1 876.6 972.3 1026.5 1030.4 999.6 958.3 894.9 949.7 965.6 882.3 788.4 737.5 682.6 661.0 666.8 643.5 590.0 552.3 527.6 509.2 481.2 494.7 509.9 537.2 559.7 556.4 539.4 534.3 525.0 523.4 519.2 496.5 466.0 420.3 359.6 266.9 175.9 131.7 109.5 80.0 69.4 -9999.0 -9999.0 -9999.0 -9999.0 -9999.0 -9999.0 -9999.0 -9999.0 -9999.0 -9999.0 -9999.0 -9999.0 -9999.0 -9999.0 -9999.0 -9999.0 -9999.0 -9999.0 -9999.0 -9999.0 -9999.0 -9999.0 -9999.0
545.5 654.7 692.8 718.6 778.3 867.4 961.8 998.5 996.2 989.2 983.5 934.6 838.6 836.5 852.0 823.3 751.1 703.2 666.1 600.2 625.9 643.9 625.6 590.6 553.0 491.9 485.3 464.9 464.1 485.3 526.7 558.2 542.2 541.1 557.8 592.3 583.6 516.5 446.5 394.2 363.5 281.9 187.5 102.4 75.5 65.3 62.7 -9999.0 -9999.0 -9999.0 -9999.0 -9999.0 -9999.0 -9999.0 -9999.0 -9999.0 -9999.0 -9999.0 -9999.0 -9999.0 -9999.0 -9999.0 -9999.0 -9999.0 -9999.0 -9999.0 -9999.0 -9999.0 -9999.0 -9999.0
592.7 673.5 706.1 756.6 856.6 965.7 1000.8 961.8 953.7 958.7 953.7 925.2 853.9 777.2 733.9 721.2 686.0 651.0 605.7 592.7 541.7 545.7 552.6 502.1 477.2 450.0 445.4 451.4 462.9 454.3 468.7 508.4 508.8 531.6 618.6 679.4 678.4 586.8 552.1 448.6 334.7 264.7 196.7 132.3 82.6 60.2 -9999.0 -9999.0 -9999.0 -9999.0 -9999.0 -9999.0 -9999.0 -9999.0 -9999.0 -9999.0 -9999.0 -9999.0 -9999.0 -9999.0 -9999.0 -9999.0 -9999.0 -9999.0 -9999.0 -9999.0 -9999.0 -9999.0 -9999.0 -9999.0
626.2 671.3 716.4 794.9 933.4 983.6 921.0 890.5 933.1 945.0 931.4 937.7 886.2 799.9 713.6 675.9 636.0 603.2 564.6 514.9 486.4 461.7 453.6 449.8 444.5 441.1 433.6 430.6 432.6 450.8 452.0 441.2 474.1 501.9 558.1 629.9 658.7 649.5 593.8 505.7 405.1 313.6 235.8 157.7 93.3 66.3 -9999.0 -9999.0 -9999.0 -9999.0 -9999.0 -9999.0 -9999.0 -9999.0 -9999.0 -9999.0 -9999.0 -9999.0 -9999.0 -9999.0 -9999.0 -9999.0 -9999.0 -9999.0 -9999.0 -9999.0 -9999.0 -9999.0 -9999.0 -9999.0
623.6 659.5 695.1 763.4 878.0 887.8 830.8 866.7 912.5 950.3 929.9 874.3 836.9 762.4 744.1 705.3 654.0 617.0 573.7 552.7 513.1 451.4 433.9 428.6 431.3 453.6 462.4 450.6 451.5 444.0 416.5 403.6 437.7 431.6 480.9 476.9 503.6 538.2 533.0 452.1 362.9 252.3 174.8 125.6 87.7 60.5 -9999.0 -9999.0 -9999.0 -9999.0 -9999.0 -9999.0 -9999.0 -9999.0 -9999.0 -9999.0 -9999.0 -9999.0 -9999.0 -9999.0 -9999.0 -9999.0 -9999.0 -9999.0 -9999.0 -9999.0 -9999.0 -9999.0 -9999.0 -9999.0
611.7 640.3 659.5 704.7 751.3 758.2 795.8 890.0 919.8 914.4 887.0 824.6 796.3 807.0 780.0 731.4 682.7 653.0 615.7 582.3 535.1 473.6 452.2 443.3 431.7 431.5 425.6 436.3 467.7 449.8 402.2 374.5 382.1 396.0 403.0 369.5 314.9 347.5 361.8 369.7 307.8 239.4 162.4 96.7 67.5 61.0 70.0 -9999.0 -9999.0 -9999.0 -9999.0 -9999.0 -9999.0 -9999.0 -9999.0 -9999.0 -9999.0 -9999.0 -9999.0 -9999.0 -9999.0 -9999.0 -9999.0 -9999.0 -9999.0 -9999.0 -9999.0 -9999.0 -9999.0 -9999.0
617.1 623.7 644.3 684.6 732.2 763.1 828.0 891.8 901.1 857.4 830.9 822.9 817.3 786.1 735.5 701.3 661.9 620.4 578.7 549.6 528.4 519.1 512.4 498.1 463.6 457.5 459.4 441.5 417.8 409.8 397.8 402.9 398.5 368.2 374.4 374.2 350.1 249.6 204.6 227.7 267.5 238.9 168.6 109.3 80.2 74.7 121.0 128.8 -9999.0 -9999.0 -9999.0 -9999.0 -9999.0 -9999.0 -9999.0 -9999.0 -9999.0 -9999.0 -9999.0 -9999.0 -9999.0 -9999.0 -9999.0 -9999.0 -9999.0 -9999.0 -9999.0 -9999.0 -9999.0 -9999.0
573.1 612.2 641.1 697.8 775.4 797.1 834.9 864.9 853.2 841.8 797.7 803.4 821.1 791.6 712.2 650.1 624.3 583.7 558.1 539.9 519.7 506.1 496.5 488.4 493.6 486.6 469.0 455.6 455.1 425.7 424.6 430.1 411.3 417.9 440.0 381.4 328.4 276.0 208.5 173.0 147.6 128.9 118.4 118.7 107.7 99.8 146.6 147.9 116.3 -9999.0 -9999.0 -9999.0 -9999.0 -9999.0 -9999.0 -9999.0 -9999.0 -9999.0 -9999.0 -9999.0 -9999.0 -9999.0 -9999.0 -9999.0 -9999.0 -9999.0 -9999.0 -9999.0 -9999.0 -9999.0
580.0 616.0 647.1 698.7 770.7 853.7 890.7 881.1 844.7 815.4 776.9 760.5 770.9 731.7 672.9 639.2 608.5 579.7 544.5 524.1 517.2 524.5 519.1 547.2 549.5 558.3 559.3 527.4 483.0 465.5 452.5 425.3 405.7 403.6 406.9 375.6 330.5 286.8 233.9 218.6 207.0 168.3 142.4 156.1 153.0 154.6 152.0 130.8 103.0 69.7 57.6 -9999.0 -9999.0 -9999.0 -9999.0 -9999.0 -9999.0 -9999.0 -9999.0 -9999.0 -9999.0 -9999.0 -9999.0 -9999.0 -9999.0 -9999.0 -9999.0 -9999.0 -9999.0 -9999.0
592.2 640.4 686.7 730.2 814.6 900.8 939.4 889.2 836.2 808.0 775.7 761.5 744.0 680.5 640.5 612.1 594.5 579.3 553.5 547.2 543.3 564.0 587.4 617.1 608.2 595.7 597.3 584.3 542.0 522.3 505.2 505.9 441.8 407.6 406.8 385.5 323.5 273.9 238.7 206.4 162.0 133.7 118.8 105.9 106.4 96.0 97.7 97.5 86.9 83.2 59.7 -9999.0 -9999.0 -9999.0 -9999.0 -9999.0 -9999.0 -9999.0 -9999.0 -9999.0 -9999.0 -9999.0 -9999.0 -9999.0 -9999.0 -9999.0 -9999.0 -9999.0 -9999.0 -9999.0
633.3 667.8 708.9 752.7 842.9 571.0 571.0 571.0 571.0 571.0 571.0 571.0 571.0 571.0 571.0 571.0 571.0 579.0 579.0 579.0 579.0 579.0 579.0 620.9 629.7 621.5 601.4 572.3 573.7 557.7 536.5 507.5 469.4 411.5 401.7 359.6 273.0 256.9 193.5 169.8 165.6 124.8 104.0 90.3 74.3 74.0 64.1 59.9 58.1 54.1 49.4 -9999.0 -9999.0 -9999.0 -9999.0 -9999.0 -9999.0 -9999.0 -9999.0 -9999.0 -9999.0 -9999.0 -9999.0 -9999.0 -9999.0 -9999.0 -9999.0 -9999.0 -9999.0 -9999.0
683.1 704.3 727.4 760.4 838.1 898.2 898.5 883.8 859.0 831.5 821.6 821.0 792.6 719.6 651.1 622.8 606.1 573.0 573.0 573.0 573.0 573.0 573.0 573.0 573.0 557.1 625.4 668.8 664.3 602.4 527.8 440.2 342.9 274.4 270.7 238.5 255.6 211.2 194.6 216.2 193.1 155.3 162.1 125.6 107.6 97.9 87.0 74.1 64.6 61.1 56.7 -9999.0 -9999.0 -9999.0 -9999.0 -9999.0 -9999.0 -9999.0 -9999.0 -9999.0 -9999.0 -9999.0 -9999.0 -9999.0 -9999.0 -9999.0 -9999.0 -9999.0 -9999.0 -9999.0
654.5 701.6 728.2 745.8 783.8 796.8 791.1 811.9 820.6 846.4 851.1 818.9 761.8 698.3 654.0 627.9 605.2 586.9 570.6 580.4 574.4 594.6 661.8 674.0 655.9 579.9 508.6 571.2 583.5 481.1 361.7 322.4 304.8 321.1 308.6 349.1 327.1 260.6 317.3 293.5 238.1 234.0 196.0 150.5 126.2 104.6 89.0 76.8 65.0 61.8 56.4 -9999.0 -9999.0 -9999.0 -9999.0 -9999.0 -9999.0 -9999.0 -9999.0 -9999.0 -9999.0 -9999.0 -9999.0 -9999.0 -9999.0 -9999.0 -9999.0 -9999.0 -9999.0 -9999.0
684.7 692.2 715.3 747.0 755.8 768.0 794.2 840.1 863.9 890.2 882.2 808.9 756.9 729.8 665.9 639.0 607.2 582.3 590.1 607.4 592.1 638.7 703.3 711.7 706.8 684.8 560.5 452.4 429.0 417.5 472.3 522.0 478.0 454.1 423.7 379.2 336.2 395.9 361.9 334.3 296.3 263.5 261.6 236.9 165.2 118.3 113.7 93.9 78.5 63.3 54.6 -9999.0 -9999.0 -9999.0 -9999.0 -9999.0 -9999.0 -9999.0 -9999.0 -9999.0 -9999.0 -9999.0 -9999.0 -9999.0 -9999.0 -9999.0 -9999.0 -9999.0 -9999.0 -9999.0
735.0 749.2 774.0 794.8 813.8 841.2 833.9 867.4 922.7 911.9 827.0 745.6 689.7 667.7 651.5 637.6 594.8 596.8 605.7 600.9 613.1 616.5 666.4 699.9 679.1 640.7 592.3 587.4 624.8 660.0 642.9 588.6 541.7 467.4 427.8 427.9 436.4 425.0 389.8 397.1 417.9 387.9 355.9 285.5 184.7 139.6 117.2 96.7 78.7 62.6 55.1 -9999.0 -9999.0 -9999.0 -9999.0 -9999.0 -9999.0 -9999.0 -9999.0 -9999.0 -9999.0 -9999.0 -9999.0 -9999.0 -9999.0 -9999.0 -9999.0 -9999.0 -9999.0 -9999.0
729.0 756.3 800.3 811.5 871.0 904.5 923.9 960.3 932.3 891.0 822.3 780.4 707.9 647.7 623.4 627.3 603.1 639.4 607.6 622.4 673.4 665.0 675.4 727.6 783.4 739.3 731.5 795.0 829.4 807.2 701.9 630.2 607.8 546.9 562.0 540.6 474.5 442.4 445.9 499.0 465.4 389.0 322.6 242.5 237.2 140.5 111.8 95.0 92.1 72.7 58.7 -9999.0 -9999.0 -9999.0 -9999.0 -9999.0 -9999.0 -9999.0 -9999.0 -9999.0 -9999.0 -9999.0 -9999.0 -9999.0 -9999.0 -9999.0 -9999.0 -9999.0 -9999.0 -9999.0
700.7 710.2 738.9 806.0 848.6 889.1 950.4 905.9 837.8 848.4 794.6 738.5 681.3 651.9 640.6 609.8 613.2 608.9 630.0 654.8 719.4 775.5 808.2 870.2 909.8 858.0 877.0 933.2 878.6 795.2 774.2 733.2 665.8 654.7 654.6 568.8 524.2 493.5 486.3 432.8 359.3 346.0 363.8 323.7 248.9 175.4 161.8 123.4 103.9 72.1 58.3 -9999.0 -9999.0 -9999.0 -9999.0 -9999.0 -9999.0 -9999.0 -9999.0 -9999.0 -9999.0 -9999.0 -9999.0 -9999.0 -9999.0 -9999.0 -9999.0 -9999.0 -9999.0 -9999.0
708.5 747.5 775.8 783.0 785.2 852.2 864.7 799.5 764.0 764.6 742.9 704.9 663.3 637.7 625.3 626.1 627.5 638.2 724.8 735.8 805.0 859.6 903.6 942.4 957.6 939.4 969.1 936.5 867.1 917.6 911.3 787.7 799.5 747.4 694.9 672.3 599.9 500.1 443.1 428.1 451.9 448.4 373.7 283.8 234.8 197.1 166.6 110.4 82.3 72.1 58.4 -9999.0 -9999.0 -9999.0 -9999.0 -9999.0 -9999.0 -9999.0 -9999.0 -9999.0 -9999.0 -9999.0 -9999.0 -9999.0 -9999.0 -9999.0 -9999.0 -9999.0 -9999.0 -9999.0
