data/case_study_destine/merger_hmc_by_domain/geo/CalabriaDomain.dem.txt
ncols   329
nrows   445
xllcorner    15.5942
yllcorner    37.8069
cellsize    0.005013
NODATA_value -9999
[rows 186 to 216 of 445, columns 140 to 209 of 329]
548.8 649.4 717.8 805.5 839.2 800.7 901.8 961.5 992.3 1023.6 1022.0 984.4 948.2 962.8 955.9 959.2 973.2 1012.2 1027.4 1030.2 998.1 951.4 875.3 868.1 975.5 1024.6 1025.5 1031.8 1083.2 1117.9 1184.9 1231.7 1268.2 1193.4 1167.8 1208.6 1264.7 1331.4 1300.9 1287.0 1276.5 1216.3 1161.6 1154.1 1169.1 1224.3 1262.2 1310.9 1312.4 1283.7 1260.9 1302.8 1369.6 1382.6 1353.2 1412.3 1475.5 1374.9 1419.0 1544.2 1607.8 1594.8 1651.3 1645.1 1626.2 1638.9 1632.1 1668.1 1672.5 1683.1
550.8 640.5 699.7 734.8 767.2 810.9 898.4 964.1 993.1 1019.6 987.2 991.8 962.8 943.7 946.6 938.1 925.1 971.0 987.1 995.1 992.4 917.1 863.7 882.1 924.2 963.6 1005.7 1067.3 1146.0 1111.3 1175.1 1232.0 1261.5 1175.4 1112.3 1114.0 1171.7 1224.8 1228.2 1203.6 1199.6 1190.9 1176.8 1154.6 1149.6 1224.5 1279.6 1293.4 1290.0 1268.4 1252.6 1294.4 1312.6 1334.6 1316.5 1352.8 1414.8 1355.7 1369.8 1463.1 1553.3 1574.4 1592.7 1624.3 1623.7 1628.9 1619.0 1657.6 1691.1 1683.4
649.6 688.2 732.9 812.7 871.9 856.5 904.6 984.0 1019.8 995.3 961.7 943.8 951.9 928.9 880.0 884.4 919.3 956.6 987.5 936.6 956.4 929.6 866.9 862.2 949.2 974.1 1037.2 1124.6 1150.6 1100.5 1173.8 1165.1 1228.0 1190.8 1120.6 1064.1 1157.3 1198.1 1182.1 1163.2 1168.9 1169.9 1197.9 1178.8 1156.7 1166.2 1228.1 1279.4 1313.0 1296.4 1259.4 1246.2 1254.5 1288.5 1274.7 1320.4 1399.9 1328.6 1325.9 1425.8 1556.5 1602.8 1538.2 1578.6 1632.4 1606.6 1582.4 1651.5 1664.2 1672.7
607.9 654.7 738.8 778.7 824.3 866.8 879.3 924.2 949.9 922.1 917.4 909.2 890.6 855.3 839.8 875.2 910.5 933.2 944.4 929.2 893.8 891.8 897.3 833.3 892.3 983.7 1080.1 1172.3 1152.9 1040.5 1061.9 1146.2 1207.7 1163.7 1128.2 1052.9 1096.8 1164.4 1193.7 1166.2 1144.8 1147.6 1172.1 1198.1 1171.5 1137.4 1181.7 1262.0 1322.0 1321.4 1314.1 1292.7 1240.4 1237.5 1230.3 1295.6 1350.3 1333.3 1284.8 1373.9 1461.7 1541.6 1532.5 1474.0 1548.6 1621.7 1572.6 1580.5 1630.2 1619.6
614.7 724.7 827.9 899.5 891.6 969.8 992.1 953.0 937.5 917.6 870.0 842.7 824.2 812.8 818.2 831.6 843.2 878.8 892.6 907.8 901.0 862.0 885.9 873.7 859.3 1014.4 1117.7 1137.7 1082.0 1040.8 1025.7 1116.6 1128.7 1105.1 1062.5 1022.7 1080.8 1112.7 1176.9 1182.6 1149.3 1127.2 1150.5 1190.7 1166.4 1139.1 1117.6 1198.6 1266.1 1323.1 1326.8 1326.9 1314.1 1315.3 1263.7 1226.2 1286.1 1333.2 1296.9 1304.1 1380.6 1493.1 1471.1 1408.5 1531.5 1605.6 1595.2 1546.0 1593.9 1570.3
655.5 696.0 817.9 955.0 1032.8 1059.8 1109.0 1071.6 1013.9 948.7 905.3 848.5 805.0 793.4 782.3 792.7 805.1 818.9 861.1 889.7 883.2 867.5 840.2 877.2 875.8 1015.1 1001.9 1077.1 1047.0 980.9 994.7 1055.3 1061.9 1075.5 1029.7 1009.7 1046.6 1078.2 1143.8 1125.4 1153.7 1137.3 1128.9 1163.7 1210.4 1202.3 1129.2 1118.7 1246.1 1289.6 1300.5 1326.5 1352.1 1323.3 1286.9 1219.4 1235.3 1308.1 1323.7 1264.7 1352.6 1458.6 1436.1 1370.9 1499.2 1540.4 1590.0 1570.3 1534.4 1519.7
809.2 851.4 859.5 891.9 973.2 1037.7 1080.0 1059.7 1023.4 971.4 905.2 845.8 798.5 780.5 777.2 775.7 784.3 812.4 841.5 861.8 889.0 903.2 849.3 826.7 845.6 905.5 941.2 1050.4 1054.6 988.2 952.7 978.4 998.8 1048.0 1023.2 997.2 998.0 1076.9 1092.4 1111.2 1156.4 1155.8 1132.0 1147.0 1227.4 1243.6 1178.2 1080.6 1189.1 1257.7 1256.4 1309.5 1299.2 1318.7 1276.0 1229.5 1182.6 1238.6 1294.7 1251.5 1283.4 1372.6 1321.9 1360.0 1482.0 1485.4 1550.0 1582.0 1570.0 1492.3
748.6 866.5 931.5 976.4 985.5 1007.1 1017.5 988.5 940.3 926.9 868.9 818.9 800.3 783.7 767.9 773.8 805.5 827.7 830.2 811.3 831.8 892.4 915.3 844.9 791.3 847.5 904.7 968.7 1000.4 1026.1 971.1 939.7 976.9 1055.0 1038.3 983.1 1000.3 1074.8 1045.2 1121.6 1129.6 1192.2 1168.7 1136.9 1214.5 1266.3 1238.7 1098.0 1056.1 1191.9 1204.7 1258.4 1251.9 1293.2 1326.2 1297.7 1226.5 1159.7 1232.9 1244.4 1249.0 1241.9 1283.5 1373.3 1452.9 1461.4 1471.2 1501.6 1546.4 1565.0
750.9 822.3 930.2 1014.7 1028.6 1005.4 1002.0 956.3 934.4 876.1 868.0 845.0 853.1 844.1 798.2 768.7 786.8 818.2 789.8 800.8 833.0 864.9 885.6 863.4 811.0 786.5 857.9 922.9 936.7 1002.7 987.0 955.3 943.8 1019.8 1049.2 994.9 960.8 1021.2 1004.0 1069.0 1138.4 1178.1 1140.8 1092.4 1154.8 1229.1 1297.9 1175.5 994.9 1037.5 1132.0 1186.2 1192.7 1265.0 1300.2 1297.2 1237.9 1148.8 1108.1 1194.5 1195.9 1251.5 1358.4 1407.4 1442.0 1420.0 1371.6 1383.6 1469.2 1510.8
883.2 930.7 1008.4 1051.3 1044.1 1057.3 1027.2 943.2 895.3 849.1 845.1 849.5 854.2 844.2 847.1 799.4 772.4 802.7 785.1 817.2 830.6 842.3 847.8 817.2 803.9 776.2 840.7 876.0 916.0 943.6 987.2 980.1 933.8 979.7 1015.3 1028.9 951.1 945.6 1048.3 1117.0 1196.9 1237.0 1142.3 1047.5 1187.8 1267.2 1305.5 1230.0 1062.2 940.4 912.0 1056.3 1147.3 1183.2 1282.0 1299.4 1273.0 1224.2 1098.5 1099.9 1224.9 1213.1 1299.8 1298.8 1398.8 1401.2 1357.5 1268.1 1345.1 1421.5
995.9 1045.6 1103.7 1195.0 1143.5 1126.6 1076.9 982.0 888.4 835.4 822.6 834.8 806.3 800.7 805.6 808.6 808.1 765.8 776.9 781.0 808.9 830.7 865.0 832.6 797.8 766.8 830.9 844.0 867.9 970.3 996.1 1007.3 970.6 918.6 948.4 1036.6 980.0 947.7 1113.4 1205.8 1225.5 1170.8 1083.8 969.4 1107.1 1237.0 1209.4 1243.9 1212.2 1104.9 893.7 874.9 1082.4 1108.1 1222.5 1265.7 1277.4 1221.8 1040.5 1037.9 1164.7 1136.5 1176.0 1240.7 1266.6 1331.6 1292.2 1169.6 1220.1 1328.8
1178.2 1196.5 1226.4 1290.1 1202.6 1214.2 1107.7 974.9 882.7 839.4 810.8 819.0 811.4 789.5 778.1 779.7 774.5 762.1 758.8 755.4 759.1 775.8 820.7 840.5 855.2 823.9 769.1 853.7 942.8 971.8 1009.3 1023.7 1031.4 1003.3 976.2 916.1 961.9 912.6 975.6 1124.1 1117.9 1148.1 1031.4 901.8 1046.9 1166.6 1134.2 1208.6 1169.6 1075.9 906.7 782.8 1001.0 1037.2 1075.6 1199.9 1237.6 1208.5 1090.7 938.8 950.5 1028.8 1067.2 1170.3 1167.2 1216.7 1207.7 1049.1 1057.2 1152.3
1304.5 1361.7 1405.1 1378.2 1301.9 1152.8 1044.4 945.6 875.6 836.9 815.1 801.6 799.8 803.7 785.5 774.7 770.7 767.6 782.4 787.2 771.9 755.8 765.3 784.3 829.2 854.1 795.0 762.2 887.4 942.4 1000.9 1023.1 1024.1 1078.3 1076.4 971.6 876.0 925.8 860.1 1004.1 1019.4 1064.7 1041.5 896.2 907.9 1027.1 985.8 1080.4 1104.3 1099.0 977.1 762.5 814.4 973.8 970.3 1069.8 1144.2 1089.8 1141.2 1090.8 921.1 831.4 965.7 942.7 1044.4 1068.1 1079.9 937.3 1004.1 1194.1
1306.4 1252.2 1297.6 1324.2 1263.7 1172.1 1078.4 977.6 926.6 903.8 887.8 861.7 832.0 801.3 791.4 800.5 819.3 787.7 814.4 834.6 828.9 816.9 777.5 754.4 763.2 771.0 795.0 749.4 825.4 801.2 887.9 996.7 1015.2 1025.3 1052.6 965.5 847.6 896.9 819.5 842.4 938.4 984.1 1024.8 911.4 800.6 841.2 853.2 991.0 1037.2 1019.0 988.3 795.4 697.7 879.7 853.0 894.2 1005.5 927.3 987.0 1075.5 965.1 787.1 862.0 898.2 833.1 847.4 961.7 858.6 908.0 1063.2
1152.6 1072.0 1063.3 1153.0 1171.6 1126.0 1072.0 1005.9 973.3 994.7 974.5 912.7 857.9 880.7 896.1 877.9 856.4 837.1 816.8 861.6 897.0 923.9 890.0 860.1 821.5 771.0 795.0 750.8 728.1 725.2 805.7 929.4 1017.7 998.1 962.2 955.8 848.4 851.9 830.4 786.7 873.3 922.0 970.7 927.6 874.0 782.8 773.4 857.3 930.8 915.0 919.5 813.7 648.4 747.5 854.4 733.9 788.1 763.0 837.2 916.6 915.4 856.0 707.5 815.6 904.7 826.7 749.3 762.5 827.5 980.8
1001.2 878.5 915.5 1050.5 1155.6 1137.6 1079.4 1056.6 1047.9 1064.5 1021.6 937.5 951.8 999.2 939.6 900.9 898.4 870.6 846.9 866.0 891.0 950.8 956.8 920.6 901.9 771.0 795.0 830.4 772.3 702.8 718.4 806.1 884.8 915.4 955.3 882.5 913.1 807.7 761.1 784.2 913.7 907.6 938.9 907.0 878.8 830.1 738.8 735.3 821.7 826.5 795.8 785.5 623.0 627.6 722.5 722.9 654.3 627.5 722.7 793.9 769.5 843.2 725.2 652.7 789.6 832.7 672.7 718.3 681.6 785.2
877.3 732.5 835.7 1008.7 1057.9 1056.2 1047.8 1062.3 1093.2 1122.7 1054.4 1029.3 1089.7 1075.5 1029.0 1003.6 991.8 979.2 921.8 922.4 900.7 897.8 886.1 875.0 878.2 771.0 795.0 777.2 808.0 760.8 704.1 692.8 733.7 770.0 821.0 803.7 821.2 867.6 782.6 724.7 786.9 792.9 858.7 882.8 860.9 789.1 772.4 699.6 794.6 786.7 773.3 845.9 731.6 581.4 550.2 603.7 641.2 565.4 601.1 688.4 631.8 705.4 741.7 605.3 669.2 811.2 693.1 624.1 624.6 661.4
757.5 645.7 765.8 879.5 872.9 925.4 1001.3 1053.9 1103.0 1161.7 1167.3 1186.5 1185.5 1160.5 1141.5 1148.5 1124.8 1077.5 1035.1 1000.5 1004.4 986.9 979.0 953.1 903.0 771.0 795.0 739.5 848.2 881.8 816.2 757.5 711.4 676.0 687.1 731.1 716.9 747.1 779.6 777.0 706.8 722.8 831.3 838.4 881.8 830.4 735.3 679.6 736.3 783.8 722.1 838.2 755.0 692.8 592.9 505.8 495.2 477.9 513.4 575.6 549.3 541.3 616.2 543.1 544.9 703.1 689.4 571.8 556.3 547.4
677.2 588.0 659.9 739.9 774.3 873.7 927.2 954.2 1027.7 1062.0 1090.3 1156.2 1183.7 1175.5 1169.8 1159.0 1178.5 1182.9 1168.7 1137.3 1104.9 1050.2 975.3 874.9 817.2 771.0 795.0 778.3 863.2 951.8 957.6 901.2 846.9 791.5 731.3 667.2 664.6 670.3 704.5 735.0 741.3 661.9 686.0 768.8 840.8 869.7 811.6 722.5 666.8 727.2 713.3 864.0 876.2 855.0 727.5 649.4 534.5 423.8 545.1 582.3 499.0 465.2 512.4 474.9 494.5 579.0 627.1 641.6 517.1 479.0
749.5 614.6 537.6 644.7 776.7 832.4 820.7 844.2 870.7 882.1 962.0 1068.7 1104.6 1100.4 1076.3 1098.8 1119.1 1177.6 1158.4 1086.9 1022.3 959.5 904.5 867.3 822.5 776.6 745.0 729.1 774.0 861.0 918.8 921.4 899.2 881.5 820.5 775.2 731.1 684.0 651.8 639.0 661.0 632.0 678.6 721.6 707.1 733.2 732.8 683.4 631.4 641.9 737.9 851.1 868.6 943.6 823.2 657.0 544.3 427.2 485.0 525.0 516.6 420.9 482.5 496.5 450.4 436.3 503.2 557.0 549.6 463.3
718.8 583.0 498.0 651.2 755.6 772.0 712.6 710.0 740.3 835.8 934.4 1015.8 1022.7 988.2 968.3 1008.4 1007.7 1044.0 1105.4 1117.6 1110.1 1063.3 1008.2 968.6 921.8 877.1 881.6 783.9 706.6 745.8 759.9 767.0 714.2 723.4 707.6 787.8 848.2 836.9 805.2 767.5 715.3 642.4 629.1 631.6 643.5 669.1 655.9 653.6 614.3 605.3 700.5 745.4 817.2 926.4 832.9 753.6 618.3 478.5 413.0 405.7 508.7 405.0 451.7 481.7 442.3 390.8 402.9 447.0 496.2 475.2
673.7 522.0 465.7 610.9 712.8 714.1 615.8 686.6 761.9 815.4 897.3 919.2 936.2 916.6 862.0 874.8 872.3 984.8 1056.0 1080.6 1085.3 1054.0 1031.9 1005.4 1002.4 999.8 944.9 835.9 755.9 730.2 738.4 707.7 691.0 652.4 608.8 729.9 835.9 876.1 908.8 899.3 800.0 708.8 654.5 625.9 596.6 637.0 625.1 629.1 593.2 590.2 660.5 740.0 818.0 851.4 725.1 724.3 687.0 611.1 484.1 384.3 429.9 373.2 409.8 452.3 451.1 385.6 333.1 345.6 387.8 435.2
649.8 499.0 435.7 572.1 630.4 565.1 564.0 634.8 663.6 757.7 834.8 814.4 825.9 851.8 863.9 775.3 769.6 891.5 945.6 977.2 1017.8 996.7 1005.2 1004.9 1013.0 1027.2 1001.8 980.2 919.1 905.9 892.3 801.3 624.2 575.6 640.0 659.6 670.7 740.8 824.9 882.5 906.2 864.8 773.7 678.5 625.2 687.2 664.7 601.7 575.6 582.4 699.1 820.3 852.4 885.3 769.2 651.4 599.7 573.2 490.1 421.5 346.4 338.0 410.6 394.5 449.0 462.0 383.8 342.4 307.1 330.8
612.8 482.7 394.0 525.3 516.0 457.6 485.6 559.6 605.0 676.4 707.7 701.7 691.1 762.2 827.2 737.8 711.2 820.8 814.3 865.7 951.9 945.6 946.3 932.7 902.6 930.4 938.5 982.6 1029.0 1028.8 943.5 831.7 687.7 543.6 581.5 527.2 520.5 613.8 678.2 757.9 894.8 876.0 714.7 586.4 698.3 802.2 739.8 654.2 594.0 561.7 624.1 708.2 739.1 837.8 823.2 751.2 661.7 591.2 548.4 454.6 390.4 324.8 357.3 490.4 549.9 517.5 449.0 387.1 322.4 307.1
530.0 477.2 352.9 424.2 387.3 353.4 451.9 512.2 543.3 575.4 602.7 572.6 621.8 676.8 751.5 727.8 623.6 705.9 717.1 816.5 867.0 893.6 869.5 873.7 774.9 808.0 805.2 860.0 933.1 950.7 943.2 830.3 689.1 584.5 568.4 538.8 503.0 539.0 691.0 803.2 942.9 875.9 715.2 568.6 612.7 781.6 830.8 757.7 652.5 587.4 672.4 684.4 766.0 840.7 765.0 690.2 617.2 554.8 526.6 518.7 495.0 380.6 319.3 437.5 525.4 595.1 511.9 504.0 447.6 343.4
406.1 388.0 324.9 313.5 285.8 341.1 415.4 433.6 468.7 520.5 477.8 528.1 588.0 617.9 643.5 647.6 545.1 538.6 668.0 738.6 778.2 775.7 709.6 788.8 778.1 706.3 695.9 789.1 825.4 816.9 853.1 862.3 833.3 796.0 751.3 695.2 605.0 476.8 619.3 785.5 940.8 902.9 754.9 617.6 531.7 624.7 721.3 731.5 648.1 536.5 647.5 736.2 834.2 900.9 908.1 841.1 713.0 673.6 716.9 588.5 377.8 277.2 334.9 463.2 578.2 558.9 454.2 509.2 554.0 454.8
311.4 285.9 276.3 269.4 254.9 274.9 305.4 338.4 404.8 399.8 383.6 479.2 465.4 525.9 571.8 579.5 506.3 453.7 573.6 635.4 655.8 652.8 603.3 637.9 704.8 715.4 604.8 714.0 741.0 709.2 748.3 789.2 796.1 808.7 825.1 767.1 626.3 462.8 542.5 685.4 825.8 880.7 723.1 586.9 502.5 545.6 545.7 575.2 561.0 558.3 734.6 804.9 804.7 828.1 820.1 842.6 849.4 699.2 579.1 583.2 457.3 315.3 318.4 451.3 518.4 504.0 409.9 466.8 570.6 478.6
231.9 234.6 242.4 240.7 237.2 219.5 231.8 265.8 282.8 281.1 331.8 376.1 365.4 441.3 448.5 512.4 444.1 394.8 489.2 533.2 562.7 559.5 484.5 525.5 594.4 646.8 548.0 646.3 662.6 629.8 676.6 712.1 703.7 720.4 736.2 686.5 613.4 482.4 479.3 616.5 736.9 831.9 806.9 714.0 614.5 528.9 431.9 433.9 416.4 562.0 678.3 794.6 865.0 792.1 708.7 691.8 752.1 729.4 578.5 447.6 391.4 322.3 255.8 298.8 354.1 427.0 361.3 402.2 493.7 424.9
204.9 211.5 217.7 213.3 214.6 203.8 195.3 203.0 219.7 232.2 260.7 273.0 289.4 316.3 355.0 443.7 418.7 328.4 387.5 461.1 469.8 430.2 402.6 457.6 513.0 501.3 500.2 574.8 563.8 598.1 618.6 642.2 651.2 651.9 678.8 637.4 520.3 429.3 435.8 509.6 570.8 670.5 781.7 814.4 773.3 677.8 581.6 531.2 409.2 364.0 461.8 648.0 792.8 775.3 712.3 650.7 671.1 665.9 599.3 532.8 477.6 402.3 309.3 227.9 259.0 315.3 287.9 384.7 438.7 355.1
186.6 191.5 197.6 194.6 192.3 188.3 178.7 179.8 187.8 204.4 224.8 229.1 249.0 261.1 283.5 316.7 319.1 286.9 341.0 383.7 391.1 329.7 388.7 428.5 444.6 416.7 501.3 524.7 503.9 564.6 576.5 603.9 603.5 613.9 674.8 644.3 521.0 420.8 418.4 507.6 543.6 581.3 741.9 717.1 576.8 538.7 540.2 531.6 458.7 334.8 415.4 606.0 766.4 803.2 732.5 620.0 621.1 658.6 607.7 496.2 411.7 339.1 276.8 220.8 203.8 235.1 279.9 405.8 465.5 470.3
171.1 177.3 181.2 180.1 174.6 174.5 168.6 158.3 172.1 185.8 196.8 192.0 210.5 223.6 236.6 247.5 249.6 258.1 277.8 285.5 277.2 303.7 333.6 363.1 355.2 417.2 446.1 484.1 447.0 509.5 539.5 534.0 580.3 644.9 641.6 612.9 534.4 422.5 423.4 524.5 609.3 656.4 701.9 787.1 569.9 441.2 373.3 377.1 323.3 284.2 414.4 574.0 665.0 675.5 602.6 563.6 549.9 495.4 450.2 395.2 315.3 271.1 256.1 247.9 207.5 227.3 320.0 466.4 459.4 487.7
