data/case_study_destine/merger_hmc_by_domain/geo/CalabriaDomain.dem.txt
ncols   329
nrows   445
xllcorner    15.5942
yllcorner    37.8069
cellsize    0.005013
NODATA_value -9999
[rows 155 to 185 of 445, columns 140 to 209 of 329]
447.2 469.9 534.6 551.6 555.9 568.1 578.2 607.9 668.0 778.8 859.2 898.6 867.9 971.8 1072.5 1191.4 1304.9 1330.7 1318.0 1300.8 1342.3 1360.9 1419.2 1462.7 1529.9 1629.1 1624.9 1524.7 1446.3 1523.7 1612.9 1559.3 1474.8 1457.8 1490.2 1487.1 1501.8 1455.3 1399.7 1429.7 1431.1 1461.3 1494.4 1476.2 1430.4 1469.9 1476.3 1440.8 1445.8 1445.3 1427.0 1389.7 1369.9 1378.8 1353.5 1313.2 1295.1 1319.5 1337.2 1312.5 1290.1 1260.4 1263.0 1261.0 1205.7 1178.5 1214.7 1256.2 1256.0 1220.3
547.9 499.6 467.8 497.9 501.7 526.3 571.7 667.5 762.6 796.4 855.1 965.6 983.7 1067.5 1141.5 1226.4 1223.8 1125.9 1148.5 1294.2 1382.5 1456.0 1512.9 1554.8 1598.2 1639.7 1605.2 1499.6 1427.1 1454.0 1503.9 1576.8 1577.9 1548.5 1453.1 1408.5 1415.2 1463.3 1402.6 1359.9 1372.6 1394.6 1393.1 1427.1 1404.6 1380.0 1387.9 1379.3 1404.0 1416.6 1410.9 1389.3 1355.4 1344.2 1340.3 1321.9 1399.3 1500.6 1462.2 1404.2 1379.7 1336.4 1333.0 1290.0 1232.1 1218.2 1272.5 1366.3 1392.2 1354.5
582.2 572.9 552.7 491.3 492.2 545.7 613.6 715.1 782.4 892.8 945.7 984.7 1070.1 1130.6 1107.1 1036.9 1000.6 1061.9 1197.5 1318.3 1388.2 1438.1 1486.5 1516.4 1553.0 1586.8 1598.7 1497.1 1417.3 1383.3 1417.9 1447.5 1510.5 1572.9 1515.4 1462.2 1388.1 1410.0 1428.9 1379.6 1337.8 1317.2 1322.4 1333.1 1343.7 1366.2 1348.9 1331.6 1356.9 1363.5 1378.3 1383.7 1362.3 1329.5 1348.6 1407.5 1487.2 1566.9 1510.9 1530.2 1514.9 1436.5 1371.9 1292.8 1253.7 1275.5 1354.3 1464.1 1466.1 1409.2
535.9 577.3 586.1 557.2 528.9 535.2 603.7 698.7 803.6 827.6 828.6 940.9 921.4 996.4 939.6 895.0 966.7 1053.4 1126.9 1199.5 1287.9 1411.8 1477.0 1504.2 1511.4 1530.5 1581.7 1524.7 1454.6 1397.3 1364.7 1375.5 1405.8 1476.1 1461.0 1411.0 1380.9 1364.3 1358.7 1365.8 1348.7 1314.1 1305.9 1308.6 1306.7 1307.5 1311.1 1307.8 1319.3 1345.6 1341.9 1347.8 1361.1 1415.9 1430.5 1494.8 1562.4 1635.1 1612.2 1544.9 1449.6 1409.0 1390.5 1356.5 1362.9 1366.6 1411.3 1413.3 1433.5 1403.1
540.7 554.1 597.1 610.5 613.0 573.7 566.8 630.4 698.5 688.5 721.1 768.2 763.2 794.4 840.9 964.3 1056.1 1173.5 1228.2 1254.8 1313.5 1365.2 1410.0 1452.5 1482.6 1484.9 1556.3 1520.3 1455.2 1415.9 1380.0 1352.6 1337.8 1359.9 1408.9 1397.1 1393.6 1359.6 1317.9 1304.7 1307.6 1316.5 1362.5 1389.8 1345.2 1328.5 1330.6 1338.6 1398.7 1450.4 1441.1 1442.3 1510.2 1573.5 1558.9 1625.7 1656.2 1632.7 1594.4 1594.0 1565.9 1601.7 1602.0 1530.6 1531.9 1502.3 1443.5 1398.7 1377.1 1349.3
616.6 587.2 569.1 578.1 614.6 636.8 645.5 663.4 668.8 666.0 738.1 757.4 791.7 891.6 909.9 902.4 977.1 1068.8 1091.4 1141.5 1233.5 1351.8 1439.1 1469.0 1485.7 1481.4 1529.1 1504.8 1493.4 1460.4 1408.1 1373.1 1341.5 1323.5 1333.6 1367.2 1350.3 1314.1 1312.6 1314.8 1352.3 1382.1 1455.1 1477.2 1425.2 1455.7 1445.5 1428.3 1501.5 1572.9 1573.2 1572.5 1652.0 1719.6 1726.7 1727.8 1742.5 1682.0 1675.3 1701.4 1751.2 1741.8 1699.0 1636.4 1564.1 1501.3 1454.2 1408.0 1378.9 1358.2
643.7 645.7 619.3 597.6 627.6 652.3 699.8 741.2 803.4 782.0 850.6 869.2 898.8 924.6 1046.7 1065.2 1013.8 1039.0 1141.0 1245.9 1345.7 1381.7 1407.4 1450.5 1513.7 1485.6 1475.3 1466.9 1440.1 1447.0 1397.5 1355.7 1345.9 1340.5 1312.8 1308.0 1308.6 1315.4 1377.0 1367.5 1383.0 1446.2 1534.3 1549.2 1603.5 1627.6 1582.5 1558.2 1649.5 1696.9 1687.1 1724.1 1763.0 1767.7 1800.4 1779.5 1765.4 1775.4 1808.0 1831.7 1839.1 1823.1 1730.8 1690.8 1638.0 1554.0 1483.1 1404.5 1405.9 1435.6
659.7 671.8 641.3 611.8 638.7 670.0 721.2 797.1 885.6 901.2 932.3 980.1 1000.1 1027.0 1095.1 1192.3 1154.5 1156.9 1245.2 1372.3 1442.7 1501.6 1462.4 1461.0 1498.7 1448.9 1419.9 1407.8 1398.7 1391.1 1369.6 1340.5 1321.0 1312.1 1312.6 1311.2 1319.2 1374.0 1408.1 1426.1 1476.8 1507.4 1585.0 1595.7 1573.1 1547.6 1611.9 1649.4 1680.6 1710.4 1695.0 1689.7 1691.5 1640.2 1669.5 1693.6 1657.4 1714.0 1784.6 1859.5 1865.6 1796.1 1728.2 1672.4 1620.8 1533.4 1489.4 1475.2 1488.9 1519.5
682.4 687.8 683.6 659.3 657.2 736.0 752.8 801.3 861.1 924.5 991.7 1095.3 1146.5 1172.6 1249.9 1283.7 1312.1 1313.4 1354.5 1444.3 1518.7 1503.8 1477.5 1468.0 1485.0 1492.1 1444.1 1434.6 1381.6 1364.2 1348.8 1331.8 1322.6 1326.6 1335.1 1364.4 1392.0 1437.8 1474.5 1522.3 1571.1 1587.1 1653.0 1656.4 1600.2 1536.3 1474.1 1544.2 1576.6 1631.0 1582.9 1576.6 1588.6 1572.5 1529.5 1584.4 1546.7 1590.0 1712.1 1842.7 1822.2 1789.7 1751.7 1694.1 1667.6 1627.4 1560.3 1529.0 1472.1 1474.0
690.6 689.5 685.0 686.5 670.2 691.5 711.7 762.2 835.3 902.1 948.3 1024.5 1092.0 1071.6 1133.8 1174.1 1296.2 1407.6 1380.3 1404.1 1423.7 1362.2 1405.2 1317.2 1394.8 1488.4 1468.1 1456.7 1434.7 1415.7 1363.4 1347.3 1349.5 1367.6 1437.3 1490.7 1488.3 1470.8 1557.6 1597.6 1629.9 1660.5 1692.4 1683.6 1616.1 1521.0 1458.7 1437.0 1493.6 1561.7 1529.3 1486.5 1490.0 1521.9 1486.7 1477.4 1461.1 1544.7 1665.9 1748.5 1754.5 1743.5 1684.7 1609.0 1577.9 1608.6 1527.0 1472.0 1449.2 1397.2
689.4 686.2 679.3 686.3 708.5 744.9 779.9 796.2 806.5 816.6 851.5 893.3 942.2 1005.4 1112.7 1216.3 1327.2 1331.7 1241.0 1290.9 1252.6 1199.9 1335.0 1251.0 1235.3 1356.5 1409.1 1481.7 1479.5 1445.4 1396.0 1389.7 1396.2 1467.3 1575.3 1593.2 1505.3 1515.7 1510.9 1475.9 1512.8 1562.4 1605.9 1591.7 1603.2 1548.8 1516.0 1457.7 1428.1 1501.3 1531.6 1519.5 1477.2 1434.8 1439.4 1400.3 1400.9 1491.0 1597.0 1642.9 1664.3 1706.9 1663.0 1587.1 1458.4 1463.8 1403.6 1419.9 1398.5 1374.3
690.1 679.3 673.8 681.8 700.3 739.7 783.6 839.4 902.5 929.4 975.9 971.8 999.6 1011.9 1131.3 1295.9 1331.9 1255.6 1162.5 1139.0 1102.9 1158.0 1194.4 1146.1 1142.9 1226.2 1351.7 1432.2 1438.7 1441.7 1439.6 1457.2 1463.2 1555.6 1572.1 1506.9 1429.0 1450.7 1420.2 1376.0 1393.8 1418.9 1472.0 1468.3 1478.3 1438.3 1495.4 1491.9 1466.5 1412.3 1398.8 1394.8 1379.4 1375.1 1354.8 1348.5 1341.4 1390.8 1463.9 1521.5 1508.0 1568.4 1498.7 1432.6 1400.0 1335.8 1311.3 1313.6 1343.7 1385.0
731.2 696.6 674.1 660.4 668.6 697.7 731.9 778.1 844.2 921.5 1008.4 1038.2 1046.6 1125.5 1178.5 1198.0 1180.6 1153.1 1106.4 1087.3 1007.7 1036.9 1033.9 1106.3 1215.9 1293.3 1318.9 1358.1 1404.4 1460.5 1486.3 1486.7 1504.4 1526.7 1469.1 1408.4 1364.9 1380.1 1358.1 1329.0 1315.4 1327.0 1348.5 1373.8 1376.6 1349.6 1398.5 1386.9 1411.8 1411.1 1379.7 1361.9 1346.0 1344.0 1349.6 1360.2 1344.9 1319.7 1336.8 1369.9 1394.4 1393.3 1358.4 1311.0 1311.0 1327.4 1336.8 1344.2 1337.9 1315.7
711.6 674.1 638.5 643.2 676.5 712.5 740.8 772.6 796.5 851.5 895.7 913.1 1005.1 1132.7 1149.8 1036.9 1044.4 1045.9 1021.6 993.3 937.4 1013.2 1132.1 1167.2 1187.1 1189.3 1244.7 1251.0 1266.7 1302.9 1341.5 1387.8 1429.1 1406.1 1368.0 1324.6 1308.5 1306.9 1306.8 1299.1 1297.7 1285.4 1294.0 1301.3 1315.7 1320.1 1311.6 1330.7 1357.3 1388.6 1428.0 1440.8 1458.0 1460.7 1440.1 1475.5 1449.3 1390.0 1344.0 1303.6 1305.2 1306.1 1307.9 1337.2 1430.0 1463.8 1514.8 1486.4 1494.9 1400.5
690.1 639.9 612.5 623.4 647.4 671.5 692.9 729.4 797.9 822.2 886.7 996.5 1101.0 1147.3 1051.5 929.3 917.1 958.1 966.4 888.5 993.3 1080.1 1028.9 990.8 1061.0 1124.3 1134.4 1111.2 1174.8 1165.7 1275.4 1337.8 1326.2 1312.7 1291.5 1281.3 1265.9 1260.2 1266.0 1254.0 1252.6 1259.4 1259.6 1274.0 1274.5 1306.1 1352.0 1427.2 1466.6 1506.0 1520.3 1555.4 1521.4 1454.2 1493.4 1474.7 1404.6 1366.9 1372.4 1317.3 1355.6 1375.3 1381.2 1364.6 1445.5 1543.0 1603.5 1586.1 1541.3 1499.7
648.3 587.0 593.2 638.3 679.1 740.7 792.3 843.2 875.2 954.0 1010.1 1089.5 1138.7 1091.9 952.9 834.7 976.1 1038.8 941.6 864.1 969.9 938.1 893.2 966.3 976.8 1001.8 1007.4 1040.8 1065.5 1142.7 1258.7 1353.3 1332.3 1297.4 1287.8 1256.7 1245.2 1245.9 1226.6 1232.0 1236.4 1242.9 1271.3 1290.1 1315.2 1389.5 1448.9 1488.7 1498.2 1491.1 1477.2 1436.9 1440.4 1389.2 1371.3 1370.0 1342.7 1353.8 1329.1 1347.2 1433.8 1528.3 1527.1 1455.3 1424.2 1470.7 1528.8 1607.8 1645.2 1635.4
560.8 605.9 618.8 644.2 681.1 682.6 756.8 852.9 920.6 988.8 977.7 948.9 924.0 932.8 817.0 794.2 954.8 1014.0 924.3 814.6 847.5 878.7 917.5 904.9 936.0 961.4 985.7 1039.7 1109.3 1179.5 1294.0 1332.8 1310.8 1272.1 1255.3 1223.7 1221.9 1223.9 1233.0 1247.0 1247.2 1288.1 1360.0 1403.4 1415.7 1391.8 1376.2 1373.3 1376.4 1367.5 1377.7 1380.5 1364.0 1355.1 1369.3 1394.5 1407.5 1431.1 1357.4 1400.6 1520.6 1613.4 1624.4 1579.6 1510.3 1570.9 1572.3 1608.0 1607.2 1548.4
594.7 623.3 631.4 644.1 599.6 637.3 686.0 658.4 720.5 818.2 803.9 742.4 657.1 656.9 668.3 788.2 890.8 873.3 773.8 843.0 948.7 970.8 949.5 942.1 942.4 955.9 975.5 1047.5 1096.8 1163.6 1187.1 1094.2 1139.4 1173.4 1200.2 1215.3 1267.0 1290.1 1308.8 1262.1 1285.5 1333.5 1400.5 1430.7 1469.5 1418.3 1373.8 1338.9 1331.5 1330.8 1343.6 1372.4 1428.9 1443.5 1466.1 1498.2 1473.1 1399.4 1453.7 1508.5 1530.8 1640.5 1691.8 1655.8 1617.9 1608.5 1672.3 1652.4 1607.1 1518.0
565.0 572.9 549.0 551.3 457.1 482.3 482.2 508.7 516.6 571.5 596.7 577.5 685.0 699.1 660.0 644.3 682.0 702.5 715.6 775.6 793.7 789.7 799.8 829.1 852.3 875.4 941.8 991.3 1019.7 961.3 984.7 1093.6 1204.2 1231.8 1271.9 1266.1 1294.3 1328.0 1314.4 1271.3 1259.1 1287.5 1400.0 1336.9 1420.0 1350.6 1342.4 1320.0 1329.3 1359.0 1384.2 1420.3 1508.8 1523.2 1533.4 1482.2 1413.6 1441.6 1547.0 1592.8 1650.0 1696.3 1729.7 1725.8 1701.6 1644.9 1688.9 1684.4 1659.8 1587.8
489.7 424.9 414.8 423.0 483.9 602.6 659.2 717.0 723.3 666.4 650.2 616.8 766.2 861.5 845.1 810.1 835.1 865.1 884.3 880.4 901.7 885.3 849.2 801.8 805.7 820.4 841.6 870.0 925.6 1047.1 1182.6 1247.1 1345.2 1366.0 1357.7 1327.3 1296.3 1295.1 1292.9 1282.7 1272.0 1264.1 1400.0 1282.6 1302.0 1302.0 1302.0 1343.0 1368.4 1417.0 1454.5 1484.8 1529.4 1477.5 1443.5 1419.8 1467.1 1532.3 1615.6 1678.9 1708.1 1735.7 1708.3 1693.5 1682.7 1671.6 1643.3 1597.4 1583.4 1598.8
392.1 482.4 586.7 642.5 684.3 779.7 868.0 890.8 913.0 900.7 873.9 752.0 675.4 754.6 812.7 877.5 951.8 993.6 1017.4 1014.8 1027.8 993.3 979.9 959.8 954.9 969.1 992.0 1030.5 1092.9 1178.2 1266.5 1281.7 1319.0 1328.8 1319.4 1306.6 1292.7 1282.6 1274.6 1273.3 1273.4 1278.6 1400.0 1296.5 1420.0 1319.4 1357.6 1397.8 1415.7 1466.3 1504.4 1498.4 1458.8 1422.8 1455.1 1476.8 1487.4 1611.5 1698.5 1702.4 1697.4 1660.7 1667.9 1601.3 1601.4 1635.5 1629.0 1581.3 1516.8 1473.5
513.2 598.4 650.8 702.6 778.3 842.7 842.8 907.3 995.4 1052.3 1032.1 922.0 848.7 898.8 920.9 916.9 928.7 933.6 972.6 1028.4 1092.5 1099.0 1059.8 1057.7 1065.6 1059.8 1088.1 1128.1 1137.7 1165.4 1214.9 1261.0 1308.0 1330.3 1347.0 1333.3 1329.0 1325.8 1310.1 1305.4 1306.6 1309.9 1400.0 1342.9 1420.0 1359.5 1419.4 1449.6 1467.1 1472.7 1458.9 1438.3 1428.7 1461.4 1503.0 1571.1 1557.9 1613.2 1605.3 1600.8 1633.8 1626.6 1609.2 1601.5 1528.4 1541.9 1536.7 1465.5 1449.4 1394.5
576.1 635.5 690.5 716.6 735.6 731.4 727.6 805.2 880.5 896.8 945.6 972.5 1053.7 1110.5 1131.5 1097.5 1106.3 1100.5 1067.3 1008.5 1029.6 1017.9 1035.4 1089.8 1097.9 1100.2 1162.1 1238.6 1253.9 1214.0 1262.6 1330.9 1333.1 1321.0 1362.2 1394.4 1414.5 1407.7 1372.7 1359.2 1368.2 1369.1 1426.5 1427.0 1440.4 1407.0 1424.3 1446.8 1429.4 1422.0 1430.0 1439.3 1480.5 1570.0 1576.7 1560.9 1547.9 1566.6 1559.4 1531.4 1537.7 1592.0 1560.3 1591.4 1540.0 1477.9 1454.8 1443.7 1501.4 1527.1
585.3 603.6 564.3 600.1 634.8 698.4 785.2 782.7 783.5 890.4 949.7 1010.4 1044.8 1138.9 1207.9 1228.1 1216.5 1221.9 1171.1 1078.3 1063.8 1038.3 1064.2 1184.1 1252.5 1217.3 1176.8 1244.9 1344.6 1302.8 1304.5 1340.1 1335.6 1302.8 1304.8 1333.4 1390.8 1466.0 1451.7 1420.0 1430.5 1417.5 1442.5 1458.7 1443.1 1428.3 1448.1 1444.6 1434.4 1444.9 1474.7 1494.5 1572.6 1596.2 1556.4 1555.8 1547.9 1552.4 1533.2 1515.7 1497.0 1493.7 1488.1 1491.0 1476.4 1482.0 1494.4 1582.4 1656.1 1716.3
444.1 488.3 574.4 681.9 754.6 809.4 910.8 948.4 929.1 909.1 1007.7 1112.6 1185.8 1205.7 1213.9 1214.4 1219.7 1237.4 1225.6 1174.0 1158.5 1151.6 1124.6 1127.3 1223.3 1254.0 1289.8 1299.8 1328.1 1361.5 1337.5 1364.9 1349.3 1325.5 1265.3 1306.3 1381.3 1478.8 1464.7 1362.9 1377.2 1413.8 1445.2 1468.4 1507.2 1495.3 1516.0 1491.8 1469.1 1486.2 1530.9 1571.1 1641.9 1623.0 1647.3 1653.1 1627.4 1630.5 1620.1 1594.2 1555.5 1518.4 1523.5 1541.6 1555.1 1571.7 1651.6 1700.2 1757.2 1764.4
559.8 642.6 691.7 726.8 751.4 819.9 863.1 907.6 949.9 969.9 1036.2 1108.9 1138.9 1136.9 1127.3 1131.0 1095.2 1136.6 1180.2 1177.9 1184.1 1201.2 1239.8 1210.5 1225.7 1250.9 1227.4 1235.9 1244.2 1258.0 1276.7 1337.8 1301.7 1281.4 1271.8 1257.3 1346.8 1418.0 1422.3 1352.4 1289.8 1340.5 1353.7 1343.7 1453.7 1506.6 1530.0 1519.5 1471.3 1433.3 1464.0 1528.7 1555.2 1646.5 1655.0 1646.8 1625.1 1587.8 1578.9 1565.1 1538.8 1561.4 1619.6 1611.4 1614.4 1622.5 1676.2 1733.5 1735.0 1717.1
609.6 666.6 635.1 649.7 674.5 724.2 725.5 705.0 763.3 882.3 966.0 988.7 998.2 997.7 1071.6 1018.0 982.0 1050.6 1071.5 1009.5 1043.9 1083.2 1143.9 1145.6 1169.5 1143.0 1089.8 1117.9 1120.3 1151.1 1264.4 1376.3 1369.3 1305.3 1251.7 1231.3 1271.7 1356.4 1365.6 1348.8 1316.4 1276.5 1305.4 1288.7 1346.4 1357.5 1369.6 1435.3 1467.5 1406.2 1379.7 1418.0 1477.2 1610.0 1609.0 1582.7 1609.7 1618.0 1601.7 1577.6 1569.6 1604.4 1640.1 1638.0 1644.5 1677.7 1713.3 1692.3 1695.5 1687.7
536.9 555.1 495.5 529.1 546.5 583.7 641.0 703.9 700.5 722.2 762.9 802.1 828.3 879.9 949.5 934.6 917.6 974.7 960.5 933.5 962.0 1004.7 1027.1 1032.5 1073.0 1062.2 990.4 983.8 1049.2 1177.7 1314.6 1404.7 1423.1 1353.0 1289.7 1244.5 1231.4 1291.1 1302.9 1252.0 1278.0 1246.8 1296.5 1262.7 1278.7 1279.4 1287.6 1373.3 1409.0 1421.0 1403.2 1357.6 1423.4 1557.7 1586.9 1524.9 1537.5 1627.4 1625.3 1623.4 1642.0 1669.3 1689.0 1658.3 1652.4 1652.7 1672.6 1656.6 1645.4 1668.6
440.6 475.8 589.7 705.2 745.8 770.2 783.4 872.2 899.0 871.4 885.0 906.6 879.7 852.0 831.7 850.7 864.2 892.2 893.6 881.8 906.6 956.7 963.1 944.4 956.0 961.5 934.9 1031.6 1152.0 1223.7 1272.7 1348.2 1417.8 1416.5 1388.1 1320.4 1221.4 1219.5 1234.8 1222.1 1240.9 1216.0 1263.6 1219.9 1242.4 1240.5 1298.0 1383.5 1383.7 1346.6 1344.9 1330.7 1412.3 1529.8 1589.1 1536.3 1465.0 1540.9 1613.2 1642.8 1684.4 1700.6 1691.1 1676.8 1676.8 1674.1 1690.9 1680.3 1639.9 1623.3
507.9 602.4 655.3 731.9 793.9 853.1 906.8 904.8 887.5 897.0 919.2 976.9 985.9 962.6 903.2 884.7 853.5 864.0 875.3 925.5 952.0 986.7 943.0 904.0 888.4 891.4 942.0 987.8 1057.6 1083.8 1160.2 1246.0 1353.2 1421.6 1445.6 1367.7 1276.6 1247.8 1230.1 1193.3 1190.7 1200.9 1184.0 1206.0 1237.7 1214.9 1261.4 1336.8 1359.2 1364.1 1303.1 1357.0 1440.7 1485.4 1527.3 1530.3 1482.5 1466.2 1520.9 1587.1 1641.9 1684.1 1684.8 1667.3 1645.5 1654.3 1650.7 1639.4 1618.0 1616.7
565.0 627.9 692.9 758.1 839.7 863.3 845.8 876.1 951.9 981.3 942.2 934.2 972.8 981.0 978.8 966.1 960.2 966.1 974.2 989.2 1004.8 948.1 946.3 877.3 904.0 937.1 959.0 1000.3 1042.8 1062.8 1145.3 1211.7 1289.0 1280.5 1327.0 1382.3 1376.1 1369.5 1327.0 1279.0 1285.9 1221.7 1158.1 1211.0 1206.5 1203.0 1236.9 1309.7 1319.4 1300.0 1288.2 1309.9 1391.6 1406.9 1414.9 1500.5 1474.9 1394.6 1448.8 1561.6 1644.4 1652.4 1671.9 1662.0 1638.4 1649.8 1653.9 1652.7 1648.3 1663.8
