data/case_study_destine/merger_hmc_by_domain/geo/CalabriaDomain.dem.txt
ncols   329
nrows   445
xllcorner    15.5942
yllcorner    37.8069
cellsize    0.005013
NODATA_value -9999
[rows 279 to 309 of 445, columns 70 to 139 of 329]
670.6 682.5 683.2 677.1 680.1 666.7 651.3 632.0 593.7 564.8 505.7 483.9 489.5 559.8 558.8 576.3 590.9 570.6 589.3 580.7 573.2 563.8 559.5 547.7 537.9 527.0 509.0 485.5 431.6 358.7 380.5 349.4 320.5 281.4 250.2 242.1 245.2 268.4 277.4 266.0 224.3 183.2 203.4 182.6 180.9 187.1 195.8 216.5 232.2 243.1 268.8 295.0 308.9 264.6 274.9 292.0 306.7 318.7 342.2 375.5 382.4 383.8 403.8 455.6 569.1 588.2 619.3 668.6 698.8 730.0
600.9 627.3 646.5 659.3 661.5 664.5 644.4 614.5 576.4 549.6 530.5 555.3 562.7 621.6 615.2 614.4 603.0 603.6 582.9 559.4 549.8 542.4 533.9 512.3 489.4 492.3 467.5 454.3 423.6 395.6 351.0 332.2 297.9 308.1 353.9 353.5 346.1 351.9 349.5 327.2 299.2 237.1 174.6 183.8 193.6 212.6 256.2 240.3 263.3 295.5 324.7 308.8 252.2 254.7 285.9 299.6 308.1 344.8 351.9 356.1 375.1 401.0 430.4 567.8 668.8 692.1 690.6 703.7 717.1 749.5
611.2 621.6 627.3 632.0 626.0 622.7 618.8 619.7 624.0 627.4 630.2 657.3 651.7 652.8 647.8 647.4 624.1 607.5 582.8 556.7 518.3 466.9 456.3 433.9 415.1 407.8 415.0 396.2 399.0 389.5 386.0 384.7 374.0 368.1 360.7 355.5 351.7 341.4 322.4 306.2 249.9 210.5 175.4 213.2 221.0 208.6 237.6 281.5 308.7 308.9 311.9 247.4 251.4 305.7 303.4 316.7 321.2 314.1 316.4 342.4 382.8 397.8 464.6 586.3 672.0 704.4 720.3 738.1 753.1 786.8
614.9 608.2 609.0 610.4 610.0 611.0 614.3 620.8 631.7 640.5 644.8 641.4 635.9 638.7 635.3 606.6 593.7 558.4 541.1 497.7 464.1 417.2 426.1 410.8 393.5 376.4 331.9 361.0 361.4 364.6 364.9 378.1 370.7 362.1 355.4 341.6 332.7 316.6 258.8 236.0 208.7 172.7 179.4 235.7 274.4 257.8 259.5 246.4 266.4 252.8 227.3 234.7 269.9 291.1 311.2 318.9 333.7 354.4 372.3 359.2 379.4 443.1 482.8 547.4 613.5 667.8 718.8 755.2 810.1 881.3
603.3 613.6 619.0 614.8 610.2 613.3 613.6 617.4 618.4 615.4 620.1 613.0 610.1 596.2 579.9 555.8 546.8 507.6 473.6 458.1 438.9 417.9 378.6 370.2 384.0 408.8 369.3 309.1 335.5 337.5 369.8 361.9 366.3 361.2 352.5 352.8 346.8 346.5 332.5 283.1 201.2 171.7 225.3 234.4 305.5 280.8 293.3 226.2 211.1 234.9 277.9 320.2 320.3 318.4 329.3 330.7 353.0 361.2 397.8 444.5 501.3 530.5 626.1 657.9 674.3 674.0 691.1 730.1 789.5 818.3
608.8 612.5 616.4 613.2 616.6 625.1 629.6 629.2 631.6 621.1 599.5 594.4 582.2 563.0 528.9 497.1 468.6 441.1 421.4 418.8 399.2 366.6 357.6 388.7 415.5 395.0 367.0 318.7 290.3 296.0 346.6 342.0 335.0 344.9 343.7 345.3 334.4 324.5 312.5 240.0 171.0 177.1 215.2 257.5 306.2 304.0 257.2 208.7 250.2 306.5 327.9 309.5 301.7 319.6 344.3 365.7 385.4 394.8 425.5 507.8 576.3 629.3 629.8 668.5 693.8 728.0 761.9 741.5 733.7 735.6
617.5 616.9 620.4 631.1 636.0 637.3 639.3 636.9 629.6 612.2 586.5 573.3 564.6 545.9 503.5 446.9 436.5 417.8 353.0 348.2 337.7 346.9 409.5 411.2 394.4 355.3 335.1 302.4 270.0 323.4 341.8 332.9 327.5 334.5 333.0 333.4 316.8 260.9 211.7 182.4 165.6 222.4 225.3 261.4 273.9 303.6 295.3 206.0 226.7 265.2 271.8 261.7 257.7 278.5 307.3 329.2 334.4 351.0 392.8 459.6 547.6 630.7 668.2 688.8 713.4 749.6 808.0 806.8 765.2 770.9
640.4 639.1 630.7 643.2 646.4 651.3 652.2 646.6 615.7 590.4 570.4 518.1 484.9 462.5 441.6 417.6 376.0 352.0 330.9 323.2 310.2 394.9 401.1 366.6 349.2 326.3 294.3 274.7 260.2 329.2 325.0 308.1 312.1 320.2 328.9 298.3 272.1 230.2 186.5 167.3 201.7 217.4 274.5 296.1 232.2 223.5 206.4 195.4 212.1 241.1 240.7 229.7 219.6 230.5 240.8 265.6 310.9 375.2 407.3 501.6 620.0 642.9 674.1 710.4 744.6 787.3 830.9 809.9 840.3 838.0
667.4 656.9 657.2 660.7 671.0 681.3 681.7 649.0 598.4 541.9 531.2 498.7 443.4 408.2 388.0 373.1 369.1 381.7 371.3 321.7 300.0 366.2 357.4 327.5 310.8 306.5 282.6 237.8 294.6 321.6 289.3 276.6 290.5 310.8 316.7 257.1 276.2 194.7 156.5 190.5 215.4 263.0 281.3 301.8 286.2 237.4 188.8 210.2 249.0 300.5 337.2 304.4 286.8 290.4 297.5 291.7 326.2 427.8 510.2 593.4 657.1 685.7 711.7 727.2 752.2 784.0 795.0 847.8 895.3 924.8
641.9 621.1 650.8 676.4 688.3 693.7 661.0 609.8 564.8 518.1 474.8 456.3 414.5 387.7 411.6 411.9 402.9 390.5 381.9 329.4 284.3 338.3 345.6 303.9 246.9 247.9 252.9 239.5 276.5 282.7 267.7 289.3 225.5 271.4 299.1 225.3 238.3 189.5 158.1 194.8 190.4 205.2 225.6 248.2 301.3 223.8 192.1 254.1 303.9 329.6 318.4 294.0 269.9 274.2 320.9 355.7 410.9 482.2 562.6 639.0 673.1 688.3 725.0 750.8 772.4 811.2 881.0 867.3 867.6 883.5
515.6 521.7 552.1 603.7 658.2 666.3 595.5 528.2 495.1 466.3 428.4 412.2 385.2 376.1 386.6 406.1 421.0 382.5 330.8 270.1 245.0 293.9 309.4 278.6 208.6 243.0 292.2 303.3 281.2 281.0 264.9 211.5 216.8 252.8 281.4 228.2 195.3 160.4 201.8 207.8 227.3 229.3 260.9 275.4 265.1 184.7 186.7 205.0 226.3 244.5 233.7 226.4 267.4 316.9 341.2 376.4 441.0 558.3 620.3 669.7 716.8 746.8 737.2 768.3 827.4 918.4 987.4 996.2 978.0 956.8
392.5 418.8 450.7 495.0 587.5 594.7 530.7 439.1 460.0 439.5 409.2 385.6 359.9 351.6 375.8 368.5 334.8 269.6 218.0 218.6 273.2 273.0 255.1 208.1 242.9 271.8 263.2 257.6 233.1 256.2 210.9 176.2 199.9 213.2 229.3 187.9 151.3 181.1 261.1 290.9 288.0 277.2 283.5 218.5 177.8 199.2 231.5 240.5 263.8 265.2 285.4 320.4 316.4 375.3 449.7 496.3 508.5 510.7 617.6 676.7 725.9 752.0 790.6 832.9 870.2 929.3 982.7 1052.2 1075.9 1035.2
370.9 382.2 397.0 392.7 434.2 487.9 425.8 377.9 423.7 400.7 355.4 353.9 335.7 338.3 343.0 313.1 249.8 199.3 222.1 247.1 215.6 200.0 188.5 254.9 289.5 231.0 197.1 212.5 171.9 184.2 157.2 150.5 149.7 170.2 158.2 155.1 213.1 227.5 255.8 275.5 309.6 277.2 200.6 182.0 235.2 233.2 304.0 305.9 292.1 295.8 318.1 333.8 352.9 419.7 485.6 540.6 604.0 615.4 647.6 668.9 714.5 762.0 811.0 893.9 937.8 946.2 957.7 1017.8 1082.1 1034.6
366.5 369.8 366.1 325.0 315.5 312.0 326.3 367.0 404.9 405.1 336.6 303.0 332.3 336.0 301.1 270.1 246.5 186.5 245.8 208.8 170.2 223.5 252.6 267.3 273.6 210.5 163.0 178.3 137.6 136.6 161.0 177.0 178.1 190.5 205.4 218.6 229.0 270.9 251.4 283.9 292.6 248.4 172.0 203.8 278.3 268.5 268.8 252.0 271.0 296.5 320.5 360.0 421.2 476.0 543.6 570.6 594.9 645.7 677.8 715.4 752.3 775.7 797.1 855.7 879.6 886.8 914.8 976.0 1077.1 1049.3
375.9 342.5 307.7 290.7 262.7 243.9 261.7 274.5 284.6 277.5 266.3 327.9 359.8 344.4 301.5 249.4 232.7 173.8 225.3 168.4 200.8 260.5 237.4 260.6 211.8 162.1 140.7 130.8 161.0 191.9 197.0 250.2 214.1 199.5 236.6 250.0 265.4 228.1 237.0 258.0 206.5 161.2 197.1 256.7 286.7 238.6 245.4 272.7 277.5 302.4 330.9 402.3 444.0 515.5 597.1 616.0 649.0 676.8 708.6 738.8 783.1 818.6 873.1 900.2 921.2 938.9 969.7 1030.1 1069.1 1019.9
312.5 293.5 277.0 281.6 259.5 239.4 218.3 212.3 226.1 225.0 211.7 242.0 264.1 287.7 285.0 259.1 215.6 169.5 233.7 161.4 180.0 209.4 252.4 221.9 158.5 130.7 148.2 173.4 200.0 220.9 244.0 273.8 269.0 273.6 254.9 284.7 237.6 252.1 242.3 182.4 150.4 202.0 235.1 228.0 202.1 224.1 279.4 315.8 323.9 357.0 459.9 468.6 445.1 517.7 609.8 652.2 673.9 709.5 744.8 785.0 826.2 905.4 967.5 994.9 1002.6 1020.1 1057.4 1088.7 1062.0 1035.1
255.4 277.0 253.1 270.6 284.3 279.0 249.7 227.5 185.2 191.2 172.6 178.7 181.6 194.5 195.5 197.3 166.9 195.0 207.3 163.6 219.1 228.3 254.9 211.9 131.8 159.9 235.0 188.0 182.2 207.5 236.6 260.4 275.4 295.2 211.2 197.2 187.0 220.5 167.3 156.3 177.0 178.4 198.0 226.2 269.5 288.2 268.3 304.1 319.5 384.6 483.0 567.4 584.7 594.6 577.9 669.0 700.6 722.5 759.6 808.3 881.5 967.5 1019.3 1060.7 1101.2 1101.8 1104.8 1100.3 1114.3 1060.3
202.8 230.7 246.9 262.1 277.2 285.0 266.1 230.8 222.7 179.7 150.2 159.5 167.4 167.9 163.6 137.2 170.7 194.4 188.7 158.9 189.4 233.6 243.8 179.3 124.6 161.4 193.3 225.1 196.5 190.5 219.5 252.7 231.5 242.5 183.6 137.9 142.9 149.8 153.4 203.7 259.3 216.7 244.2 301.1 330.0 338.2 316.1 339.8 405.6 469.8 455.0 526.9 583.6 662.0 679.6 650.6 712.4 751.9 767.8 821.4 899.3 984.3 1011.8 1065.1 1114.5 1128.9 1129.2 1119.8 1119.4 1091.5
98.4 143.0 186.0 234.2 290.7 313.5 275.9 218.0 197.5 185.2 152.6 143.3 162.4 144.2 136.3 139.7 163.2 171.5 174.3 128.3 164.7 204.3 157.9 122.1 143.6 214.9 212.8 233.2 231.4 233.5 225.4 234.6 165.7 144.5 141.0 169.8 188.2 189.4 219.3 272.2 314.5 313.5 271.0 270.1 299.5 332.8 366.3 387.1 464.5 576.2 623.9 627.5 632.5 658.7 708.6 729.4 735.0 725.6 750.2 805.6 865.4 872.3 914.8 977.8 1008.9 1046.7 1076.2 1100.0 1114.9 1096.2
63.0 74.1 97.4 139.4 239.5 286.2 255.1 223.9 158.7 184.5 134.5 149.3 149.4 111.8 136.8 160.0 168.9 175.9 165.4 122.4 182.6 136.8 112.4 161.2 221.3 261.0 243.0 181.3 198.9 166.0 143.2 129.7 138.4 147.2 173.4 255.1 278.6 280.1 245.5 252.1 294.9 324.7 322.9 340.6 323.0 407.9 480.0 509.3 570.3 637.8 691.2 704.9 706.4 705.3 740.6 764.8 781.1 809.9 826.0 837.5 814.9 878.0 989.1 1046.5 1049.2 1074.4 1099.1 1111.2 1107.7 1086.8
60.8 69.3 94.8 96.8 114.1 140.0 162.3 165.9 121.8 132.1 115.4 136.2 119.6 119.3 125.8 137.7 141.1 148.4 123.2 125.4 181.2 119.5 117.2 149.4 198.1 213.0 176.4 159.3 130.2 118.1 136.3 156.2 201.0 215.8 228.7 224.0 235.1 236.0 272.5 280.3 321.5 346.0 395.0 460.7 442.4 401.5 476.0 606.0 653.3 687.5 724.3 744.0 747.0 759.0 766.6 797.2 825.9 859.4 908.2 962.5 926.0 928.1 989.3 1101.5 1129.4 1121.8 1097.9 1082.2 1050.5 1012.3
58.5 67.1 92.7 104.1 112.3 120.6 128.6 126.5 105.9 97.6 102.0 96.6 110.2 126.9 117.5 99.0 100.9 109.4 128.2 147.2 158.1 105.7 116.7 153.1 169.4 175.6 124.1 115.3 118.3 139.5 163.2 176.2 189.0 222.0 237.9 265.0 311.4 291.2 318.3 305.6 331.1 369.2 473.3 554.4 576.6 548.8 513.7 574.4 681.4 723.2 747.5 773.6 785.2 798.5 805.0 841.7 863.2 908.8 991.8 1084.0 1050.8 997.0 1015.4 1095.3 1137.9 1115.7 1062.9 1048.4 1014.1 979.4
53.5 69.3 96.0 99.0 106.2 114.2 122.2 121.3 104.1 92.1 91.6 103.8 112.9 115.9 94.0 111.4 132.3 153.4 166.3 174.7 160.6 101.7 116.1 119.8 114.7 111.2 116.3 126.0 159.0 219.4 265.1 211.3 250.5 290.1 294.1 310.7 322.5 361.6 345.3 387.7 433.1 512.4 460.4 547.5 667.2 694.7 682.7 675.7 673.7 720.4 773.8 798.9 822.5 837.0 846.3 857.4 930.1 981.2 1027.8 1139.5 1139.6 1078.9 1081.6 1099.7 1137.4 1117.1 1073.7 1026.0 994.0 970.1
55.3 77.7 94.6 98.1 103.4 109.2 116.6 120.7 108.3 85.2 96.8 108.5 99.3 87.9 104.2 113.7 129.5 152.7 165.9 162.5 132.8 101.4 102.8 103.5 123.0 162.0 198.4 233.0 258.6 253.8 298.1 275.1 296.0 335.6 375.6 394.5 400.0 429.5 476.0 527.7 568.2 598.9 608.3 583.2 618.0 681.2 720.7 732.5 754.7 768.2 754.4 793.2 829.4 858.3 888.6 928.6 935.6 1053.3 1089.2 1166.4 1199.9 1143.6 1169.5 1191.4 1168.2 1138.8 1110.1 1056.6 1019.6 1002.8
58.1 77.1 88.9 90.3 94.1 96.1 105.0 93.9 83.2 80.9 92.5 87.5 80.6 95.6 103.3 108.8 117.2 145.1 151.8 134.8 102.6 96.2 113.5 163.2 176.2 191.7 225.4 250.6 288.7 313.7 314.0 327.2 368.1 469.1 545.5 556.1 567.7 567.7 555.3 607.7 638.5 636.3 675.1 706.1 729.9 737.4 731.6 751.2 776.0 799.9 815.0 843.0 876.4 899.5 922.1 984.4 958.4 1046.4 1086.9 1171.0 1208.1 1202.9 1207.0 1211.6 1177.2 1139.8 1113.8 1082.7 1084.3 1072.4
62.2 64.7 69.3 71.6 71.4 71.3 73.5 73.1 69.8 74.0 76.7 71.8 91.7 104.2 106.0 106.6 99.1 108.7 101.4 92.9 92.7 97.6 135.0 188.7 180.1 159.5 174.0 201.9 241.6 282.6 310.2 356.6 405.0 490.0 555.3 598.6 619.0 630.4 622.0 650.6 670.0 681.1 694.0 713.1 739.0 760.9 778.0 786.8 789.1 809.4 841.4 882.2 942.2 1018.5 1028.4 1040.2 1075.3 1097.7 1145.5 1192.4 1222.2 1228.3 1223.9 1207.4 1178.8 1153.4 1131.9 1117.4 1076.7 1046.1
58.0 60.5 63.5 65.4 66.4 67.1 67.5 63.3 61.1 58.8 59.9 76.4 84.4 89.6 86.0 84.7 85.2 90.7 91.7 101.1 110.2 113.3 112.8 119.6 143.4 186.5 223.2 258.4 305.2 335.0 367.2 444.7 493.7 499.8 491.0 522.4 577.9 624.3 649.7 663.2 677.8 695.3 720.0 746.5 749.7 767.3 800.6 812.4 818.5 846.7 880.2 910.2 968.8 1042.1 1096.5 1137.2 1157.3 1154.6 1184.5 1218.9 1232.2 1212.1 1196.3 1173.8 1170.0 1154.7 1137.9 1099.4 1062.5 997.8
49.2 55.4 58.2 59.6 58.6 56.4 51.2 49.1 57.6 64.4 66.9 67.2 79.1 84.1 87.1 88.3 91.8 109.5 113.6 95.3 121.4 130.3 164.2 154.8 170.6 218.2 263.8 295.2 353.8 363.8 426.3 502.9 542.3 569.0 559.1 578.2 627.2 656.0 676.3 688.3 699.4 715.5 736.9 752.1 768.9 790.6 814.1 837.5 847.9 879.8 933.2 993.3 1040.2 1066.4 1098.1 1136.0 1161.6 1196.4 1216.6 1242.9 1224.4 1203.0 1160.6 1123.8 1125.1 1112.5 1090.3 1069.8 1033.8 1017.3
46.5 43.5 44.0 45.1 49.5 53.5 59.9 64.7 64.3 66.2 72.3 72.2 85.9 93.6 113.7 116.6 130.1 123.0 145.0 114.9 108.0 140.4 186.9 195.8 221.7 251.0 293.3 335.8 391.6 421.4 480.4 514.8 558.6 552.1 544.4 603.0 641.2 668.0 686.4 705.7 722.2 734.1 753.9 777.1 796.7 815.6 835.0 844.2 852.5 874.4 918.1 1009.9 1061.9 1059.7 1073.0 1100.2 1151.3 1206.3 1250.7 1267.5 1261.6 1197.0 1156.2 1090.8 1066.9 1061.3 1047.4 1035.2 1017.0 1010.4
49.1 50.4 53.3 57.0 60.4 91.9 94.2 109.5 102.7 83.9 74.9 78.2 83.9 84.1 87.1 107.3 133.4 141.2 155.6 166.9 138.9 130.0 148.2 181.8 212.1 263.2 307.5 346.1 381.2 433.5 476.3 455.5 513.2 515.0 578.3 620.3 645.3 669.9 695.3 709.6 724.4 732.2 745.9 764.8 777.9 795.5 811.5 821.6 838.9 870.6 965.6 1029.0 987.6 1005.1 1040.9 1092.6 1181.9 1235.9 1267.5 1310.6 1285.3 1233.4 1208.3 1165.5 1110.0 1053.0 1020.0 1015.7 1014.8 998.4
62.2 64.8 60.1 56.5 60.1 73.9 103.9 118.8 120.5 121.0 114.4 91.1 85.2 84.2 89.2 88.0 104.4 143.8 166.3 170.9 159.3 174.9 187.7 200.8 213.8 227.4 285.9 318.0 344.9 426.8 401.7 403.4 502.2 573.7 606.1 627.6 648.1 676.1 699.2 712.0 706.9 703.6 707.7 722.3 747.4 769.2 783.5 802.6 828.5 867.7 950.8 961.2 1002.8 1076.8 1126.9 1165.4 1201.1 1226.1 1255.2 1278.1 1242.4 1215.5 1169.6 1161.7 1120.6 1094.0 1045.2 1018.3 1008.3 961.9
