data/case_study_destine/merger_hmc_by_domain/geo/FriuliDomain.dem.txt
ncols   441
nrows   259
xllcorner    11.7508
yllcorner    45.5044
cellsize    0.005006
NODATA_value -9999
[rows 33 to 65 of 259, columns 222 to 295 of 441]
1247.2 1352.0 1494.0 1692.0 1878.5 2022.3 2088.5 2078.9 2038.7 2160.6 2189.1 2040.3 1904.4 1799.4 1756.1 1578.2 1330.0 1096.8 1054.9 1242.1 1410.0 1537.1 1621.5 1756.8 1783.9 1845.5 1735.0 -9999.0 -9999.0 -9999.0 -9999.0 -9999.0 -9999.0 -9999.0 -9999.0 -9999.0 -9999.0 -9999.0 -9999.0 -9999.0 -9999.0 -9999.0 -9999.0 -9999.0 -9999.0 -9999.0 -9999.0 -9999.0 -9999.0 -9999.0 -9999.0 -9999.0 -9999.0 -9999.0 -9999.0 -9999.0 -9999.0 -9999.0 -9999.0 -9999.0 -9999.0 -9999.0 -9999.0 -9999.0 -9999.0 -9999.0 -9999.0 -9999.0 -9999.0 -9999.0 -9999.0 -9999.0 -9999.0 -9999.0
1426.0 1625.1 1666.8 1661.3 1841.7 1985.6 1993.7 1941.7 1868.7 1930.0 1935.1 1782.2 1606.9 1506.4 1440.8 1379.4 1223.0 1076.0 1240.4 1574.7 1807.6 1939.2 2031.7 2128.3 2044.0 1927.5 1797.3 1714.0 1693.6 1755.8 1846.6 1862.0 1780.6 1608.2 1422.7 1240.1 1104.1 1303.3 1557.5 1752.5 1763.6 1532.8 1228.3 1184.7 1398.6 1512.2 1426.9 1299.2 1123.9 1041.7 1021.6 1024.6 -9999.0 -9999.0 -9999.0 -9999.0 -9999.0 -9999.0 -9999.0 -9999.0 -9999.0 -9999.0 -9999.0 -9999.0 -9999.0 -9999.0 -9999.0 -9999.0 -9999.0 -9999.0 -9999.0 -9999.0 -9999.0 -9999.0
1881.8 1861.4 2024.3 2046.4 2065.3 1988.4 1877.5 1738.8 1614.9 1549.5 1518.2 1429.9 1355.2 1278.2 1210.0 1167.5 1136.9 1166.7 1361.8 1618.5 1813.6 1970.7 2049.9 2103.2 2089.5 2149.9 2049.1 2050.5 2059.2 1870.8 1735.1 1633.0 1515.1 1421.8 1321.2 1193.6 1180.7 1394.8 1643.0 1865.7 1814.4 1551.1 1284.3 1420.5 1641.7 1692.0 1595.7 1485.5 1339.5 1376.6 1399.2 1288.8 1090.9 1142.2 1159.2 1133.7 1084.7 1023.6 919.6 -9999.0 -9999.0 -9999.0 -9999.0 -9999.0 -9999.0 -9999.0 -9999.0 -9999.0 -9999.0 -9999.0 -9999.0 -9999.0 -9999.0 -9999.0
2058.2 2130.7 2238.8 2308.2 2161.5 1912.9 1764.8 1719.3 1629.9 1474.6 1369.3 1327.9 1313.1 1310.3 1345.7 1390.4 1310.5 1270.4 1338.6 1449.2 1551.0 1682.7 1815.5 1879.4 1951.3 1996.3 1898.0 1932.2 2005.3 2038.7 1868.6 1616.0 1627.3 1660.8 1539.4 1340.1 1194.2 1344.7 1631.2 1840.9 1829.7 1639.8 1358.5 1408.4 1596.4 1743.2 1770.0 1663.3 1516.2 1618.5 1661.0 1442.6 1211.3 1378.2 1475.6 1463.7 1340.1 1097.0 1010.1 1093.4 1090.7 1041.1 1062.8 1035.2 964.8 999.0 -9999.0 -9999.0 -9999.0 -9999.0 -9999.0 -9999.0 -9999.0 -9999.0
1952.0 2075.7 2165.8 2191.5 2051.3 1958.3 1936.8 1930.9 1949.1 1914.4 1750.4 1675.1 1670.5 1686.9 1732.2 1583.7 1361.9 1301.1 1344.5 1337.2 1355.5 1437.5 1556.7 1656.3 1672.0 1690.7 1661.2 1732.8 1901.4 2119.8 2044.3 1881.5 1862.8 1756.3 1643.1 1489.7 1259.6 1358.5 1523.2 1710.7 1806.9 1656.1 1466.3 1442.7 1427.5 1484.7 1692.6 1840.0 1745.7 1823.4 1675.3 1427.1 1448.2 1655.1 1709.5 1554.0 1341.9 1108.4 1169.0 1382.3 1447.3 1399.2 1393.6 1202.6 1130.9 1223.7 1273.6 -9999.0 -9999.0 -9999.0 -9999.0 -9999.0 -9999.0 -9999.0
2030.5 2085.9 2243.3 2290.9 2269.4 2251.3 2197.7 2161.3 2282.1 2393.9 2121.6 1972.6 1961.4 1956.6 1796.8 1570.0 1393.1 1476.6 1602.7 1562.1 1464.8 1398.5 1387.8 1433.0 1454.3 1488.3 1501.6 1560.4 1704.7 1913.7 2037.0 2095.9 1973.9 1823.2 1611.7 1373.3 1361.1 1571.0 1640.7 1730.0 1771.6 1621.1 1601.0 1691.8 1674.1 1538.0 1524.4 1748.6 1870.9 1933.4 1689.3 1543.0 1703.6 1840.3 1780.6 1588.6 1355.3 1150.8 1285.9 1495.7 1695.5 1740.7 1585.4 1348.9 1404.3 1389.9 1519.3 1450.6 1391.9 -9999.0 -9999.0 -9999.0 -9999.0 -9999.0
1908.6 1953.7 2166.1 2327.7 2413.8 2440.9 2370.6 2241.5 2206.0 2206.7 2035.1 1850.5 1760.7 1693.3 1593.6 1485.2 1500.7 1750.8 1835.3 1817.1 1703.1 1635.1 1585.4 1556.6 1602.0 1690.6 1728.7 1696.3 1652.9 1786.4 1932.3 2062.2 1945.7 1759.3 1585.4 1558.9 1585.9 1682.4 1793.5 1820.6 1824.0 1791.7 1794.4 1821.1 1782.9 1660.0 1570.0 1634.7 1757.6 1855.2 1795.9 1778.8 1798.1 1735.6 1592.3 1453.0 1355.8 1365.3 1316.7 1393.5 1646.7 1863.0 1673.3 1629.2 1710.7 1649.1 1740.5 1712.8 1629.3 1511.0 1382.4 -9999.0 -9999.0 -9999.0
1626.5 1721.3 2000.5 2216.4 2224.7 2257.3 2164.3 2128.4 2035.7 1928.7 1826.6 1749.9 1637.2 1575.1 1453.9 1351.7 1364.8 1456.4 1509.1 1567.4 1576.5 1575.9 1568.0 1584.7 1655.0 1705.9 1711.7 1737.7 1795.5 1902.1 2015.8 2021.3 1953.3 1751.2 1816.1 1942.3 1942.0 2000.7 1995.4 2052.2 1937.1 1838.0 1827.7 1776.4 1781.2 1832.8 1808.0 1762.7 1794.9 1841.1 1847.6 1777.5 1690.5 1590.7 1509.5 1493.7 1547.7 1644.9 1524.5 1504.0 1656.0 1875.4 1937.8 1882.4 1933.6 1897.6 1797.9 1627.2 1488.8 1337.3 1223.6 1151.9 1140.3 1178.2
1439.2 1626.6 1806.8 1926.4 2044.7 2147.4 2120.8 2015.6 1927.1 1860.7 1808.7 1719.8 1532.0 1423.7 1313.0 1143.3 1078.5 1099.7 1120.4 1153.9 1193.4 1259.4 1347.9 1400.9 1487.0 1526.0 1499.0 1502.4 1547.7 1648.8 1731.1 1734.6 1760.1 1751.1 1789.3 1974.5 2008.5 1960.0 1962.9 1956.2 1854.1 1747.1 1650.9 1593.5 1586.8 1718.7 1816.0 1878.7 1885.5 1916.2 1862.4 1761.9 1665.4 1607.8 1586.2 1617.0 1669.6 1747.8 1646.7 1728.3 1877.8 2031.8 2087.4 2038.1 1946.6 1839.7 1679.9 1532.0 1377.8 1286.3 1297.0 1309.9 1382.3 1421.2
1542.0 1581.1 1632.0 1762.8 1879.0 1936.2 2077.8 1990.9 1850.5 1774.0 1703.6 1610.9 1492.2 1396.7 1253.0 1148.1 1154.3 1118.5 1095.7 1039.7 1001.8 982.6 1048.2 1062.9 1063.1 1076.1 1080.3 1107.5 1176.9 1281.9 1345.8 1446.3 1532.4 1608.3 1706.9 1851.7 1826.4 1681.3 1733.1 1656.5 1542.4 1517.3 1505.0 1469.1 1430.8 1507.0 1584.5 1588.1 1617.4 1686.6 1710.2 1687.9 1651.4 1594.0 1594.2 1713.3 1798.4 1808.4 1775.2 1839.1 1974.4 1987.1 1879.5 1789.9 1694.2 1609.1 1516.4 1441.3 1406.6 1478.8 1604.5 1610.2 1647.0 1639.3
1704.3 1813.1 1784.0 1788.6 1866.9 1954.7 2057.9 2045.2 1979.8 1902.4 1813.6 1730.5 1602.5 1428.5 1265.1 1328.2 1394.0 1424.3 1373.2 1302.6 1313.9 1209.8 1086.5 998.4 944.0 909.8 897.3 895.5 949.9 1098.3 1276.4 1450.1 1570.2 1642.3 1775.8 1928.3 1899.4 1735.5 1549.6 1448.1 1414.9 1379.0 1317.0 1265.1 1222.2 1211.7 1223.3 1252.3 1317.5 1350.1 1325.9 1357.6 1428.1 1481.0 1521.1 1614.7 1743.7 1713.6 1721.5 1832.1 1932.1 1973.4 1910.0 1836.5 1758.7 1623.9 1555.4 1541.1 1525.8 1613.8 1747.8 1847.2 1778.1 1649.3
1653.7 1771.6 1831.6 1885.3 1992.7 1966.1 1887.1 1835.3 1838.4 1809.4 1769.7 1697.7 1560.5 1400.3 1336.3 1479.4 1616.8 1648.9 1616.8 1591.2 1544.9 1466.5 1390.2 1304.7 1223.2 1167.9 1126.3 1016.3 882.3 1078.7 1282.5 1415.5 1434.5 1509.1 1612.6 1800.2 1911.1 1736.7 1600.4 1605.0 1648.6 1658.0 1575.6 1440.3 1413.1 1328.4 1310.3 1232.4 1087.5 1054.8 1097.4 1133.4 1153.3 1223.5 1384.9 1529.6 1554.9 1549.0 1668.4 1765.9 1777.6 1851.3 1893.6 1825.6 1735.6 1672.9 1680.4 1727.5 1684.3 1700.6 1842.3 1878.5 1767.8 1629.2
1737.2 1831.7 1910.0 1988.7 2103.7 2085.6 1939.7 1829.0 1732.4 1673.6 1599.6 1518.1 1465.4 1448.8 1475.7 1582.0 1748.3 1912.7 1919.8 1819.4 1718.7 1641.4 1570.4 1442.4 1302.9 1152.9 1021.9 930.7 863.4 945.0 1127.7 1247.1 1271.4 1341.9 1486.8 1740.2 1968.9 1855.6 1781.4 1805.3 1822.7 1760.8 1632.4 1588.7 1618.7 1546.7 1508.2 1354.0 1124.6 1052.0 1282.8 1353.4 1411.1 1388.7 1366.3 1387.0 1434.9 1503.9 1529.7 1617.3 1739.7 1806.2 1822.5 1788.2 1809.3 1827.4 1840.7 1957.0 1849.5 1820.5 1919.2 1844.0 1710.1 1647.8
1648.5 1734.2 1820.2 1924.6 2062.4 2135.2 2064.2 2037.9 2049.7 1950.4 1864.9 1778.4 1748.1 1756.8 1742.7 1777.2 1836.6 1939.7 1944.8 1854.2 1712.0 1604.1 1496.7 1358.2 1232.7 1117.0 1033.2 919.6 861.4 923.6 1014.7 1074.4 1176.2 1342.3 1548.6 1753.5 1966.1 2001.5 1931.9 1944.1 2020.4 1923.0 1832.0 1765.1 1631.1 1518.9 1425.1 1249.4 1036.3 1091.5 1303.7 1449.3 1588.1 1765.2 1750.9 1722.4 1702.6 1677.1 1640.2 1582.7 1631.1 1686.9 1693.2 1700.2 1769.0 1825.7 1864.3 1933.0 2057.5 2133.1 2152.4 1939.9 1864.9 1840.5
1439.1 1439.1 1557.7 1741.7 1932.6 1990.9 1877.8 1944.7 2067.2 2008.5 2036.4 1972.5 1978.1 1995.1 1847.3 1767.5 1764.5 1880.8 1915.6 1922.9 1946.0 1898.4 1762.0 1568.7 1410.1 1275.2 1158.8 1001.3 862.0 890.9 954.4 1075.7 1254.7 1420.4 1583.1 1764.6 1925.0 1821.1 1684.5 1780.5 1873.9 1970.4 1845.0 1682.9 1516.5 1390.6 1251.7 1133.4 992.5 1047.6 1166.9 1234.2 1360.5 1553.9 1770.3 1958.0 1992.2 1940.7 1826.7 1783.1 1714.3 1612.9 1570.3 1640.5 1711.4 1786.4 1818.7 1830.6 1854.8 1892.2 1927.2 1954.8 1991.4 1910.7
1169.5 1260.9 1435.1 1660.6 1881.4 1813.0 1657.4 1791.0 1912.9 1901.0 1789.1 1781.4 1908.3 1969.1 1775.2 1563.0 1451.1 1559.7 1609.1 1626.8 1760.7 1915.5 1878.8 1759.0 1620.2 1472.6 1308.4 1097.4 845.2 830.7 936.0 1159.8 1367.0 1592.8 1714.9 1730.7 1773.5 1599.1 1477.8 1543.5 1727.5 1789.2 1729.3 1753.4 1664.8 1487.2 1309.3 1192.1 1092.6 983.3 936.6 1018.2 1168.9 1356.7 1532.2 1738.1 1863.9 1937.3 1945.7 1984.9 1827.6 1761.1 1651.7 1543.0 1554.6 1741.0 1768.0 1738.1 1781.1 1807.5 1844.1 1861.4 1918.4 1973.5
1010.7 1211.5 1426.1 1604.5 1759.5 1668.3 1484.3 1557.0 1704.7 1711.4 1595.8 1704.8 1901.9 1805.4 1632.2 1464.3 1322.9 1263.2 1358.7 1427.2 1621.5 1789.8 1704.6 1668.8 1648.7 1495.7 1309.6 1114.0 832.8 773.6 857.0 1075.7 1303.2 1486.3 1490.0 1548.8 1617.5 1491.0 1318.2 1421.1 1613.0 1589.2 1470.6 1582.8 1638.6 1564.8 1446.9 1367.7 1293.5 1144.1 908.9 1023.0 1204.3 1292.5 1482.2 1576.1 1577.0 1642.1 1627.7 1738.7 1812.5 1890.8 1797.5 1627.8 1441.9 1467.8 1480.0 1590.0 1830.1 1931.3 2051.9 2095.2 2062.7 2132.4
896.3 1076.2 1208.7 1359.0 1554.0 1462.0 1300.7 1296.9 1348.1 1413.9 1488.1 1709.7 1912.8 1879.1 1680.4 1498.3 1315.2 1120.9 1228.1 1418.5 1607.5 1633.7 1565.6 1487.7 1460.1 1423.6 1257.0 1059.8 829.4 722.6 825.3 1072.7 1229.0 1291.2 1260.5 1325.6 1390.4 1332.8 1175.7 1310.7 1416.5 1347.4 1302.4 1401.1 1436.1 1441.2 1359.3 1307.9 1238.6 1133.1 916.1 949.0 1157.2 1283.0 1318.5 1359.0 1410.5 1416.7 1451.3 1533.3 1643.3 1743.3 1689.0 1567.3 1462.5 1352.3 1254.2 1270.4 1479.2 1682.8 1897.9 2073.7 2088.8 1910.8
707.6 886.0 1071.1 1269.2 1346.3 1211.4 1155.0 1305.3 1443.2 1566.1 1697.8 1796.0 1771.4 1824.0 1672.3 1482.9 1312.9 1118.8 1040.3 1238.6 1413.7 1459.4 1354.9 1279.2 1355.6 1345.0 1227.9 1055.3 815.8 692.9 764.9 993.8 1120.7 1123.7 1069.8 1114.1 1155.3 1111.0 1026.2 1124.2 1150.5 1085.8 1179.1 1261.1 1271.2 1266.3 1232.8 1159.7 1058.1 947.3 832.6 840.2 988.4 1077.5 1070.3 1131.9 1149.1 1252.9 1331.0 1453.5 1583.9 1722.8 1719.8 1631.2 1533.9 1418.2 1270.3 1166.1 1290.0 1443.7 1586.3 1766.6 1927.6 1786.7
703.6 788.2 994.3 1151.6 1114.5 1065.3 1237.4 1393.0 1568.4 1660.7 1691.5 1605.5 1577.8 1613.8 1542.1 1414.8 1233.2 1085.2 947.3 1067.8 1180.9 1204.1 1087.1 1067.1 1167.5 1123.7 1059.6 899.1 731.1 671.9 731.4 863.5 901.4 906.5 871.6 924.4 911.2 885.0 879.0 907.0 928.3 941.9 1010.1 1078.9 1094.5 1054.6 1017.2 977.2 929.8 854.4 760.7 799.2 886.8 885.2 935.6 1024.7 1157.5 1274.8 1309.4 1407.5 1521.9 1633.1 1716.0 1646.2 1555.1 1457.4 1309.7 1149.5 1186.7 1305.2 1411.9 1600.8 1694.3 1671.0
725.7 703.4 852.2 949.8 911.0 1035.6 1210.9 1367.0 1416.6 1422.3 1446.0 1356.0 1444.1 1393.8 1301.1 1266.9 1167.3 1071.1 931.1 891.0 936.6 927.8 875.7 876.7 905.5 863.0 862.5 755.3 649.7 654.0 659.7 692.4 721.2 732.9 735.0 744.8 760.2 785.4 819.0 873.4 954.3 1034.8 1097.7 1157.7 1098.7 999.8 919.5 863.5 809.4 759.2 706.0 767.7 801.9 911.4 959.7 961.5 1048.4 1116.9 1135.0 1207.2 1277.6 1359.8 1541.1 1653.6 1587.8 1543.5 1432.3 1232.1 1064.0 1147.2 1241.4 1354.3 1414.9 1377.3
773.2 638.9 751.8 862.2 844.8 1014.5 1095.0 1149.5 1134.5 1155.5 1182.5 1143.7 1193.6 1149.1 1073.7 1002.1 938.6 888.8 824.6 773.3 753.6 742.6 733.8 707.4 698.9 680.1 679.9 641.4 620.4 634.0 663.9 718.4 768.4 737.9 769.7 830.7 873.9 931.0 960.7 954.0 1023.4 1128.4 1258.4 1347.2 1251.1 1119.4 963.7 966.2 940.5 801.0 689.7 718.1 838.4 1042.2 1197.0 1172.4 1077.1 1116.8 1207.2 1269.5 1329.7 1380.6 1480.1 1514.5 1420.4 1302.3 1201.4 1126.9 1019.4 1007.9 1046.4 1066.0 1058.0 1021.6
716.2 629.9 710.6 757.0 838.3 888.1 916.4 939.2 936.3 960.5 982.9 982.3 1013.3 1034.3 1020.9 962.4 936.9 932.7 888.1 838.7 821.4 797.5 767.3 729.2 670.3 632.1 613.0 599.9 604.4 670.5 788.9 901.7 948.5 882.5 877.8 848.4 936.1 1060.7 1149.6 1224.9 1223.1 1372.5 1517.3 1467.6 1258.1 1159.9 1192.0 1160.9 1046.5 856.3 766.7 674.6 774.5 990.8 1164.8 1083.1 1101.6 1199.1 1207.2 1328.1 1422.3 1541.2 1599.1 1613.8 1582.7 1436.0 1404.4 1337.1 1168.2 1034.8 1072.1 1053.6 994.2 948.9
622.6 631.3 676.7 762.5 818.6 845.8 883.1 912.6 941.4 971.8 991.3 1037.8 1129.4 1234.1 1229.3 1134.2 1052.6 1029.6 1064.8 1049.3 1080.9 1095.4 1017.6 863.6 705.0 626.5 589.2 590.4 646.2 756.6 925.4 1094.3 1187.0 1102.4 1078.6 1155.4 1032.3 1055.0 1171.4 1320.2 1406.0 1473.6 1505.8 1362.8 1229.8 1158.2 1085.8 1021.0 970.8 964.0 849.6 671.5 716.8 894.5 996.4 906.3 1025.1 1054.3 1055.6 1198.3 1321.5 1477.8 1632.1 1644.4 1609.4 1627.9 1537.1 1330.3 1237.0 1273.1 1330.3 1320.2 1270.9 1270.0
593.7 673.3 741.2 803.4 877.0 963.5 1029.7 1057.8 1160.2 1134.8 1093.9 1195.7 1317.2 1445.6 1343.4 1285.6 1282.0 1308.8 1335.3 1324.2 1274.8 1206.3 1053.4 841.7 670.1 603.8 571.6 597.6 734.6 934.0 1089.3 1209.7 1339.7 1314.8 1300.6 1379.1 1279.2 1195.6 1232.5 1288.4 1384.5 1507.4 1612.2 1552.3 1404.8 1281.5 1244.2 1198.7 1213.1 1146.1 942.5 691.2 666.9 722.8 777.9 792.7 850.8 896.1 988.2 1151.7 1351.4 1537.5 1585.0 1440.5 1381.9 1420.0 1453.8 1449.5 1386.1 1314.7 1280.2 1356.2 1431.5 1513.0
632.5 753.2 832.6 900.7 983.7 1115.2 1268.7 1337.6 1362.2 1393.9 1258.6 1359.2 1514.5 1638.3 1591.2 1489.8 1415.7 1336.0 1245.5 1164.4 1094.7 1036.1 932.4 827.2 693.3 604.8 569.9 579.6 803.6 1038.4 1191.2 1334.6 1477.1 1449.7 1510.2 1561.2 1485.1 1433.2 1450.7 1452.8 1530.2 1756.0 1868.8 1829.1 1594.6 1379.9 1186.2 1060.7 1028.7 919.3 770.7 665.2 751.6 864.8 825.4 891.1 963.8 1019.9 1015.3 1145.3 1268.4 1403.1 1368.9 1246.6 1178.7 1202.7 1271.9 1347.1 1296.5 1142.8 1158.6 1303.1 1454.4 1481.0
636.0 785.3 827.1 888.8 1008.0 1145.9 1279.7 1471.3 1592.7 1600.0 1545.7 1581.7 1728.7 1719.6 1635.1 1542.7 1512.5 1486.0 1424.8 1254.9 1069.9 891.6 770.5 702.8 659.0 621.6 581.2 568.9 745.7 950.2 1127.1 1235.1 1224.6 1235.1 1429.0 1678.9 1772.4 1749.7 1692.0 1672.9 1628.2 1638.5 1596.0 1580.2 1479.3 1307.7 1118.0 950.0 826.7 695.7 654.3 751.0 871.9 1020.6 921.6 878.0 1054.1 1121.9 1139.5 1194.5 1259.9 1313.2 1220.1 1135.7 1056.1 1024.9 1088.7 1139.2 1145.8 1041.6 1141.4 1303.0 1290.6 1216.6
594.4 708.4 831.0 905.6 1066.1 1219.0 1351.6 1414.6 1423.3 1475.1 1561.6 1604.5 1719.7 1783.9 1736.9 1648.9 1509.5 1376.1 1327.0 1346.5 1163.4 940.5 789.7 810.6 748.1 633.6 570.0 563.6 671.8 827.5 943.9 964.7 961.5 1110.9 1278.9 1456.7 1635.9 1647.3 1544.4 1495.3 1396.5 1367.4 1255.6 1248.9 1212.6 1061.9 944.4 796.1 656.4 665.7 831.9 909.0 1076.9 1143.9 1007.5 949.8 1049.8 1136.6 1233.8 1355.2 1413.2 1377.1 1294.8 1227.8 1137.5 1020.7 905.1 950.0 913.5 903.6 973.9 1027.9 1000.1 1055.2
588.2 714.8 774.6 861.4 969.0 1071.5 1133.3 1136.6 1144.1 1234.4 1334.2 1489.7 1694.1 1863.5 1844.2 1759.5 1604.9 1396.4 1163.0 1094.3 1000.0 929.8 1004.3 1052.6 923.5 784.9 598.1 582.9 649.9 691.1 778.6 863.6 997.0 1088.2 1182.0 1263.6 1400.9 1419.8 1324.1 1236.3 1159.8 1134.1 1099.1 930.0 915.8 922.2 800.8 656.3 644.9 833.2 936.7 1037.1 1222.8 1270.1 1085.6 1105.9 1251.7 1377.7 1455.8 1452.2 1372.7 1352.8 1266.5 1219.5 1055.3 911.7 797.6 757.2 780.0 836.7 874.5 966.7 1065.6 1164.7
600.7 681.3 717.6 774.0 825.4 886.3 948.9 1034.2 1082.7 1160.0 1289.9 1470.8 1700.0 1809.9 1880.9 1753.6 1592.7 1402.8 1269.8 1208.9 1179.4 1209.0 1249.2 1203.7 1065.0 845.9 653.4 540.8 601.8 622.2 635.8 735.1 868.2 903.0 984.6 1063.6 1147.6 1182.4 1089.1 1031.8 987.6 1000.7 1088.4 948.0 824.4 712.1 610.9 624.1 805.6 976.1 1101.5 1213.5 1386.8 1467.0 1290.7 1206.0 1370.5 1558.2 1615.9 1560.3 1389.5 1128.2 996.6 1021.5 894.9 751.6 736.6 870.8 987.6 1030.4 1113.2 1160.5 1355.7 1409.7
592.3 636.4 702.8 801.4 898.3 996.5 1102.0 1260.5 1328.5 1331.5 1378.8 1480.1 1607.6 1727.3 1895.2 1744.5 1640.9 1576.7 1546.0 1482.4 1408.5 1495.5 1406.1 1326.4 1147.5 1020.9 879.4 689.5 537.3 547.7 562.1 586.7 675.7 781.0 849.8 976.1 1121.5 1117.6 1018.2 927.9 853.7 937.1 953.5 861.8 703.4 574.7 657.5 753.1 834.0 918.2 1127.5 1402.7 1607.5 1759.4 1654.4 1436.6 1484.8 1646.6 1637.2 1504.2 1335.3 1144.0 957.5 810.7 739.2 705.2 906.1 1149.0 1316.7 1293.9 1423.1 1303.5 1436.3 1625.2
540.6 602.8 737.4 836.2 1001.4 1159.5 1255.9 1384.0 1468.5 1542.1 1625.1 1650.1 1722.6 1776.0 1735.5 1631.8 1639.8 1502.7 1460.1 1555.5 1628.7 1686.6 1544.2 1427.8 1332.7 1227.2 1137.3 966.9 758.9 571.9 498.4 527.9 639.1 886.6 1004.2 1136.1 1101.4 1050.3 998.6 826.6 760.9 813.1 746.8 672.2 555.4 641.7 777.0 924.9 1122.4 1250.8 1367.1 1448.1 1548.5 1748.8 1796.6 1621.2 1607.4 1585.1 1413.9 1284.2 1144.3 1057.6 955.5 813.4 688.9 757.5 975.5 1219.3 1485.3 1534.9 1661.0 1580.5 1608.8 1731.7
536.0 534.1 696.7 815.7 948.5 1063.2 1126.7 1257.1 1421.4 1578.6 1718.0 1696.7 1658.3 1548.6 1438.6 1344.6 1365.6 1308.8 1294.4 1421.7 1604.5 1610.7 1433.3 1406.1 1309.3 1136.8 1066.2 988.5 879.5 726.2 565.2 482.2 527.5 710.4 908.7 1061.4 963.1 789.1 741.9 638.3 560.7 529.7 529.2 556.8 627.0 736.2 897.9 942.8 1059.4 1109.2 1193.6 1296.1 1469.7 1711.7 1953.9 1842.0 1677.9 1619.2 1452.9 1341.9 1305.8 1256.5 1068.1 893.2 722.2 706.6 930.4 1098.7 1261.2 1398.6 1657.4 1585.3 1438.7 1519.7
