data/case_study_destine/merger_hmc_by_domain/geo/FriuliDomain.dem.txt
ncols   441
nrows   259
xllcorner    11.7508
yllcorner    45.5044
cellsize    0.005006
NODATA_value -9999
[rows 66 to 98 of 259, columns 296 to 369 of 441]
1472.7 1731.2 1868.2 1666.7 1384.0 1175.9 1044.0 978.2 960.7 1018.3 869.0 588.9 735.6 957.3 1071.2 1245.2 1376.9 1486.8 1572.6 1638.0 1637.1 1412.3 1230.9 1228.9 1334.0 1467.7 1448.2 1436.9 1389.5 1370.4 1383.9 1519.6 1624.4 1512.4 1494.1 1573.7 1501.3 1460.8 1584.3 1591.9 1619.5 1709.2 1670.1 1664.7 1653.8 1544.2 1512.2 1463.4 1332.1 1240.2 1036.4 936.5 999.5 1179.1 1341.4 1563.5 1752.4 1802.8 1914.8 1786.0 1528.6 1296.3 1141.4 1021.7 975.9 993.5 927.5 987.1 1174.9 1352.9 1496.4 1646.4 1482.0 1147.7
1427.3 1709.5 1904.8 1715.5 1339.8 1154.9 996.5 875.0 787.6 723.4 674.2 567.1 634.7 750.6 870.3 1086.6 1266.4 1320.4 1230.3 1270.7 1418.5 1285.7 1147.0 1000.6 1115.8 1298.9 1345.4 1205.3 1136.2 1140.9 1208.3 1254.9 1406.6 1304.6 1258.8 1314.0 1249.3 1250.5 1273.1 1320.4 1393.7 1456.9 1484.9 1424.5 1399.6 1311.7 1234.5 1205.7 1107.0 1019.6 966.0 966.5 1032.7 1178.0 1336.5 1551.2 1763.4 1881.8 1866.6 1708.1 1406.3 1116.1 1033.2 1116.1 1243.7 1274.7 1031.4 965.5 1208.9 1473.8 1643.7 1667.5 1520.6 1275.7
1362.0 1520.0 1742.9 1810.0 1647.6 1408.7 1108.7 993.8 985.2 928.9 819.6 687.2 547.6 511.5 573.8 720.5 832.2 918.1 864.7 978.2 1143.6 1150.4 977.7 870.2 967.2 1135.7 1253.2 1090.6 952.1 971.5 1020.3 1130.3 1178.3 1134.3 1082.6 1075.4 1118.1 1201.2 1309.2 1448.9 1600.6 1598.5 1528.8 1431.1 1304.2 1168.5 1090.8 1060.0 1014.8 994.5 1010.0 1044.2 1132.1 1248.0 1351.2 1450.0 1573.2 1617.2 1560.8 1429.3 1174.7 1051.1 1206.8 1471.5 1641.3 1459.9 1106.2 952.0 1172.4 1435.8 1621.2 1616.7 1452.1 1435.9
1201.2 1287.0 1495.1 1852.1 1975.6 1773.0 1456.0 1307.4 1397.3 1150.3 923.7 895.3 838.8 707.6 577.9 494.4 576.7 706.6 633.9 713.4 839.5 900.7 913.1 779.8 824.4 942.8 1017.9 927.0 830.6 886.5 891.4 869.9 898.9 912.9 993.8 1092.6 1232.7 1382.0 1520.3 1711.1 1778.7 1666.2 1547.4 1396.0 1237.1 1102.2 1053.6 1039.1 1036.5 1100.2 1153.9 1123.5 1142.4 1252.5 1380.5 1511.3 1589.4 1460.8 1313.1 1199.1 1076.3 1122.4 1398.3 1710.7 1726.1 1471.1 1156.8 956.5 1118.1 1343.3 1497.9 1630.8 1641.2 1523.6
1432.2 1578.7 1623.9 1803.8 1981.1 1928.2 1760.3 1617.1 1636.1 1469.4 1195.6 1168.3 1082.4 960.4 742.9 548.9 489.3 545.0 544.5 545.1 572.8 597.9 620.2 631.3 649.4 708.8 733.8 689.4 692.7 778.5 865.8 986.2 1060.9 1036.8 998.7 1108.4 1317.4 1540.7 1693.8 1733.8 1631.6 1511.1 1448.9 1302.9 1135.6 1073.1 1069.0 1065.3 1121.5 1323.5 1433.2 1265.9 1191.3 1210.0 1296.5 1460.0 1612.8 1554.6 1390.9 1197.2 1069.2 1168.5 1358.4 1498.7 1432.1 1372.6 1157.0 963.7 1064.3 1218.8 1391.5 1619.1 1755.8 1505.7
1490.9 1669.6 1766.6 1774.6 1660.3 1637.3 1712.6 1777.3 1729.8 1659.0 1304.2 1065.8 912.7 796.8 604.3 494.5 653.9 857.5 939.8 886.0 883.4 848.9 893.8 866.0 851.0 803.4 763.9 763.8 873.1 974.4 870.8 1050.5 1337.1 1429.2 1310.5 1269.5 1406.3 1606.6 1760.5 1806.2 1823.3 1755.5 1626.4 1400.3 1195.7 1129.0 1143.8 1229.3 1320.6 1540.9 1667.3 1583.5 1493.0 1364.3 1415.8 1504.4 1599.3 1496.4 1336.7 1156.5 1099.9 1219.3 1367.5 1312.5 1181.4 1121.2 1019.2 985.3 1120.4 1240.6 1428.0 1639.4 1768.3 1596.3
1359.8 1513.5 1683.6 1657.3 1425.4 1400.5 1585.4 1654.8 1510.0 1498.6 1395.2 1191.5 940.8 716.4 493.8 542.4 803.7 1094.4 1294.9 1279.9 1308.7 1180.6 1135.5 1283.5 1211.7 1051.3 939.9 1062.7 991.0 1033.4 1014.0 974.9 1207.7 1427.1 1449.3 1408.1 1509.3 1715.6 1918.5 2035.7 2094.9 1970.8 1816.9 1658.6 1441.4 1258.1 1211.7 1363.3 1469.7 1621.1 1773.4 1827.2 1754.7 1645.4 1588.1 1576.6 1548.1 1389.9 1289.0 1194.9 1210.5 1388.3 1489.4 1348.3 1194.3 1052.0 971.3 1052.5 1253.9 1376.5 1540.0 1671.4 1774.0 1726.9
1268.4 1542.8 1610.5 1407.5 1186.5 1306.3 1498.2 1558.8 1472.3 1247.1 1135.7 1064.4 992.3 814.4 593.6 469.3 661.4 993.9 1213.7 1227.4 1352.8 1359.6 1379.4 1421.2 1464.5 1286.7 1189.6 1271.5 1393.7 1266.3 1238.6 1157.3 1083.2 1170.9 1290.0 1396.3 1565.5 1830.7 2091.2 2189.9 2308.3 2347.6 2180.4 1997.3 1636.4 1351.4 1272.6 1330.2 1510.1 1670.2 1805.8 1857.8 1822.9 1803.0 1809.8 1702.0 1600.2 1513.6 1422.5 1419.2 1473.9 1588.9 1675.6 1463.0 1234.1 1080.2 1008.7 1179.6 1437.9 1544.0 1613.0 1598.5 1620.7 1526.1
1223.2 1507.7 1494.1 1223.6 1031.4 1192.0 1324.8 1428.9 1391.2 1378.5 1216.9 976.2 856.1 762.0 722.3 545.4 523.7 779.5 890.2 958.4 1119.3 1286.8 1479.0 1533.2 1505.8 1407.9 1369.7 1473.7 1600.8 1628.2 1488.3 1482.2 1329.7 1327.5 1488.6 1605.5 1698.8 1962.8 2104.2 2063.6 2080.7 2183.5 2235.2 2254.6 2024.3 1662.3 1504.4 1517.2 1620.6 1758.1 1875.3 1926.1 1941.0 2002.4 2100.5 2044.3 1857.0 1688.9 1564.6 1626.3 1760.2 1658.7 1541.2 1426.5 1298.2 1095.9 1027.9 1197.5 1473.2 1594.2 1535.2 1389.8 1333.6 1326.6
1395.1 1535.8 1443.6 1161.8 963.9 977.3 1082.9 1275.8 1250.5 1399.0 1446.5 1218.0 1124.9 1000.9 792.2 580.9 440.0 680.3 910.4 1093.5 1175.0 1419.9 1623.1 1608.8 1481.9 1375.9 1353.6 1403.1 1492.5 1528.3 1482.6 1457.6 1476.3 1619.4 1881.6 2020.3 1908.5 1955.5 1932.7 1852.7 1836.4 1885.6 2010.2 2229.5 2277.0 2133.5 1860.3 1727.4 1787.3 1919.6 1956.4 1930.5 1919.4 1904.8 2042.5 2089.7 1979.5 1777.5 1548.0 1454.9 1669.3 1718.9 1579.5 1366.0 1176.0 1033.0 1027.2 1251.3 1419.3 1338.8 1271.4 1160.8 1204.1 1264.4
1655.3 1655.4 1382.1 1096.9 906.3 906.2 1099.5 1199.4 1157.8 1348.9 1314.5 1109.6 1186.4 1177.2 949.3 643.3 439.4 597.5 681.8 896.6 1099.8 1306.6 1529.3 1492.3 1352.7 1206.4 1133.8 1145.9 1178.9 1199.5 1205.2 1246.3 1350.5 1574.1 1769.5 1776.8 1710.2 1700.7 1680.1 1663.8 1697.0 1725.7 1795.4 1930.3 2195.4 2375.5 2294.5 2131.0 2100.4 2128.3 2002.3 1832.4 1709.5 1627.7 1650.5 1726.1 1755.5 1649.1 1535.2 1311.6 1346.2 1418.2 1291.7 1138.6 1033.1 1008.8 1105.1 1219.5 1229.2 1186.4 1185.1 1096.3 1010.3 985.4
1429.3 1429.1 1293.0 1121.0 908.1 936.8 1073.5 1028.9 1203.0 1287.1 1078.7 869.0 912.4 851.4 647.2 459.2 549.7 844.8 821.3 703.1 760.6 901.2 1095.3 1230.3 1120.1 958.4 872.4 866.7 863.9 870.5 901.2 950.0 1054.9 1219.7 1383.3 1375.8 1375.9 1392.6 1494.1 1571.6 1596.4 1631.0 1689.9 1795.7 1953.9 2103.9 2175.6 2166.4 2064.8 2230.8 2086.9 1895.4 1701.4 1541.6 1455.1 1431.6 1485.0 1379.2 1306.4 1197.7 1165.4 1114.8 1042.7 1030.4 1047.0 1130.3 1245.1 1401.2 1433.7 1359.7 1380.9 1315.6 1053.8 848.5
945.9 1000.7 981.0 913.6 762.2 848.8 960.7 951.4 1084.2 1007.4 742.7 569.0 534.6 490.2 441.7 411.1 545.1 867.0 1069.3 1034.0 920.4 863.8 838.2 900.7 841.9 704.1 660.6 669.7 642.4 652.2 685.5 720.9 753.1 826.4 902.9 925.3 978.0 1101.6 1211.3 1370.2 1532.0 1563.6 1587.8 1626.9 1750.0 1835.2 1895.0 1956.5 1807.2 1961.7 1951.2 1788.0 1618.5 1400.9 1367.0 1243.1 1274.5 1269.5 1161.5 1060.5 1043.0 1037.1 1077.7 1200.6 1209.6 1351.9 1285.8 1506.8 1507.1 1370.8 1254.6 1033.3 813.1 723.7
584.3 670.5 700.6 737.5 662.5 558.4 743.3 810.8 783.7 597.6 448.4 414.3 409.1 442.2 472.0 491.6 466.1 645.8 839.1 928.5 1000.3 925.6 754.5 616.2 559.8 556.6 557.8 567.4 580.6 581.0 591.7 608.0 602.6 617.2 640.2 669.9 708.6 791.7 856.0 1038.1 1196.5 1294.9 1387.5 1456.7 1531.4 1607.2 1668.3 1738.7 1639.8 1671.9 1672.1 1592.7 1412.2 1227.6 1155.2 1099.3 1072.5 1071.6 1055.7 1061.7 1118.8 1197.4 1318.0 1424.3 1495.9 1526.4 1486.0 1435.8 1274.8 1071.3 898.4 740.1 690.4 728.8
392.0 412.0 431.2 469.7 491.9 416.4 472.0 528.1 498.7 420.1 480.9 500.1 614.1 736.2 739.6 847.8 701.8 538.9 494.4 550.5 598.5 609.4 576.9 593.1 683.4 741.0 815.5 905.7 912.1 857.9 797.3 744.9 725.1 730.7 757.1 832.6 866.5 797.8 712.3 757.5 845.8 924.3 968.4 1046.8 1229.3 1379.6 1454.6 1487.6 1442.3 1385.7 1343.5 1288.4 1196.3 1105.7 1101.3 1133.2 1232.3 1266.3 1251.3 1201.6 1332.3 1421.4 1606.6 1740.8 1706.3 1591.3 1516.6 1363.1 1119.4 908.5 776.0 687.6 857.7 1069.7
401.8 421.8 463.7 496.9 461.6 514.0 601.0 552.2 518.7 590.0 732.0 808.3 834.5 859.4 826.9 970.5 931.4 855.1 790.3 728.8 837.0 816.9 969.8 979.6 1162.2 1217.6 1248.3 1270.9 1282.6 1305.4 1222.6 1187.6 1214.3 1222.5 1231.7 1318.9 1394.1 1257.9 1016.0 888.7 915.0 993.2 1038.5 1001.4 945.8 1053.9 1237.0 1284.1 1264.6 1247.2 1242.4 1210.0 1184.2 1232.0 1401.8 1428.4 1541.7 1689.8 1560.3 1430.2 1582.5 1706.4 1707.3 1704.6 1514.9 1332.8 1292.1 1263.9 1090.7 849.3 689.2 736.9 1025.8 1190.2
669.3 729.0 751.6 748.0 725.4 787.9 817.9 826.5 788.5 802.9 896.0 925.3 941.7 906.2 886.5 954.3 1011.6 1067.8 1131.8 1065.4 1056.2 1104.7 1134.1 1147.1 1353.4 1529.5 1563.6 1534.1 1577.6 1706.8 1671.2 1759.3 1827.2 1808.8 1727.6 1777.4 1818.7 1576.4 1452.7 1387.3 1335.2 1457.3 1586.6 1525.3 1252.5 1089.3 1138.1 1194.6 1280.0 1420.5 1536.9 1486.7 1546.6 1505.4 1648.0 1879.5 1746.6 1801.3 1767.9 1710.6 1756.6 1659.8 1457.0 1285.4 1079.8 980.7 1020.8 1019.0 878.4 673.4 670.5 844.3 1097.5 1234.3
443.6 512.9 592.3 653.9 648.5 629.6 581.5 578.9 583.5 632.5 674.0 773.4 835.4 866.2 898.8 954.4 1043.3 1103.1 1153.7 1187.4 1230.9 1294.0 1300.9 1314.6 1341.0 1418.0 1451.0 1439.5 1434.0 1561.9 1732.5 2006.7 2198.6 2170.7 1985.1 1938.1 2006.2 1864.5 1800.1 1786.6 1686.6 1719.1 1833.9 1754.9 1544.9 1418.7 1367.3 1341.8 1477.7 1681.4 1865.9 1895.8 1896.9 1815.8 1842.3 1893.1 1908.0 1778.0 1676.9 1625.3 1487.7 1263.0 1085.1 966.2 909.4 868.4 801.7 768.2 680.7 617.0 800.8 1068.1 1225.5 1295.9
532.4 457.6 422.3 406.6 403.1 410.8 410.3 420.4 448.4 475.5 503.4 553.3 585.2 599.5 643.9 706.1 865.0 1019.6 965.8 927.2 1121.4 1245.8 1233.3 1242.4 1200.4 1197.5 1184.5 1157.7 1168.7 1332.4 1586.1 1840.3 2019.5 2145.4 2164.8 2053.7 2037.0 2034.2 2005.7 1961.8 1878.7 1952.9 1968.4 1871.1 1726.7 1634.8 1648.9 1675.4 1691.2 1819.0 1945.9 2019.7 2032.0 2079.9 2105.1 2084.6 2077.9 1890.1 1627.2 1383.6 1214.0 1101.6 1063.2 1079.9 1136.4 1078.5 880.5 880.0 713.3 589.4 780.3 1089.2 1313.7 -9999.0
814.3 653.6 625.7 580.4 448.8 530.5 588.6 554.9 481.9 426.7 444.9 477.4 492.1 497.2 523.7 560.9 614.8 693.0 717.1 782.0 899.3 1034.1 1021.9 1009.0 1038.3 964.0 865.0 897.4 976.7 1105.8 1258.4 1553.7 1794.4 1930.0 2097.9 2177.8 2114.9 2038.4 2027.3 1983.7 1984.7 1989.3 1986.0 2009.7 1874.7 1845.7 1869.5 1945.1 1973.0 2024.8 2098.5 2163.8 2197.2 2159.7 2166.2 2109.7 2049.4 1971.1 1909.3 1762.1 1580.5 1510.2 1437.4 1449.8 1449.1 1303.0 1268.3 1162.4 851.1 601.1 -9999.0 -9999.0 -9999.0 -9999.0
1074.4 1006.5 887.5 696.7 558.8 719.7 913.7 926.6 750.2 581.8 532.4 487.9 501.9 511.9 489.9 489.3 496.2 510.4 533.5 582.2 644.3 749.6 765.7 786.2 918.9 878.1 728.7 781.8 797.8 954.5 1168.3 1375.1 1590.3 1705.9 1830.0 1856.4 1794.0 1811.8 2035.2 2150.0 2134.0 2138.4 2159.0 2214.6 2124.5 2035.7 2018.6 1979.6 2096.1 2099.1 2095.3 2077.7 2033.7 1997.2 2015.9 1994.8 1899.8 1841.5 1834.2 1828.2 1847.6 1911.4 1861.8 1751.9 1705.0 1635.4 1493.2 -9999.0 -9999.0 -9999.0 -9999.0 -9999.0 -9999.0 -9999.0
1138.6 977.2 799.1 672.2 781.9 898.2 1001.5 1184.4 1035.2 784.3 612.9 568.8 541.9 606.3 559.0 545.9 554.0 525.2 504.4 505.8 553.4 572.6 611.3 658.2 727.3 731.3 646.9 680.2 789.6 973.2 1061.9 1115.0 1204.4 1325.3 1352.6 1412.0 1442.7 1683.7 1937.7 2103.4 2259.3 2304.3 2322.1 2309.2 2302.3 2302.7 2258.1 2242.8 2226.9 2103.1 1967.6 1834.9 1743.3 1744.0 1812.8 1948.2 1908.1 1820.1 1772.7 1717.9 1715.2 1797.0 1849.7 1802.3 -9999.0 -9999.0 -9999.0 -9999.0 -9999.0 -9999.0 -9999.0 -9999.0 -9999.0 -9999.0
1419.5 1224.9 923.2 800.6 942.0 1042.4 1181.2 1306.5 1122.1 927.3 798.6 607.8 611.6 759.0 663.7 600.2 639.2 659.1 618.2 562.4 523.4 523.2 547.7 572.8 570.5 581.6 651.4 649.0 702.8 853.7 913.8 838.5 877.6 1004.4 1107.0 1263.1 1453.9 1663.2 1820.0 2029.1 2259.7 2318.6 2311.5 2284.3 2218.0 2298.0 2329.1 2242.7 2164.7 2019.1 1895.9 1694.0 1527.9 1531.9 1548.5 1667.4 1711.8 1726.5 1668.5 1616.5 1589.6 1642.2 -9999.0 -9999.0 -9999.0 -9999.0 -9999.0 -9999.0 -9999.0 -9999.0 -9999.0 -9999.0 -9999.0 -9999.0
1438.4 1192.3 948.8 861.0 1066.1 1259.8 1348.9 1303.8 1192.6 1066.4 848.6 637.4 688.2 927.5 790.8 710.3 742.0 835.0 855.5 707.5 695.3 741.3 652.1 609.7 609.5 696.4 798.2 814.6 704.7 670.6 689.1 738.2 876.0 963.1 1153.5 1328.8 1544.2 1704.5 1801.1 1978.7 2235.0 2210.5 2204.2 2183.5 2186.8 2185.4 2249.7 2156.3 2071.8 1807.5 1687.0 1606.8 1415.6 1305.0 1313.0 1353.0 1324.4 1372.7 1375.9 1336.5 -9999.0 -9999.0 -9999.0 -9999.0 -9999.0 -9999.0 -9999.0 -9999.0 -9999.0 -9999.0 -9999.0 -9999.0 -9999.0 -9999.0
1327.4 1163.6 995.4 912.8 1025.3 1210.9 1205.5 1039.9 915.9 860.5 758.6 655.8 785.4 981.8 1026.7 926.0 942.8 948.3 1030.1 907.8 822.4 1008.2 989.8 912.8 738.1 707.2 735.6 853.1 910.8 808.0 674.4 678.0 762.9 886.4 1007.3 1191.0 1398.4 1512.4 1651.3 1897.7 2228.1 2301.7 2171.1 2122.2 2071.7 2084.9 2120.6 2021.0 1866.8 1626.8 1430.8 1408.2 1270.9 1127.5 1041.3 981.0 950.8 943.9 992.4 -9999.0 -9999.0 -9999.0 -9999.0 -9999.0 -9999.0 -9999.0 -9999.0 -9999.0 -9999.0 -9999.0 -9999.0 -9999.0 -9999.0 -9999.0
1459.2 1316.7 1127.7 1036.7 1135.7 1242.1 1169.7 1060.8 978.8 899.1 788.6 741.7 798.6 884.4 992.1 1133.1 1228.2 1238.4 1265.1 1142.3 996.7 1033.2 1172.8 1110.9 986.1 964.7 922.3 904.4 1000.2 946.2 854.3 795.8 754.8 845.9 962.1 1030.3 1098.2 1359.9 1612.8 1862.6 2108.6 2297.0 2235.2 2133.1 2056.1 2030.3 1992.0 1809.2 1604.2 1439.1 1280.9 1168.2 1106.9 980.0 786.2 668.9 711.7 710.6 -9999.0 -9999.0 -9999.0 -9999.0 -9999.0 -9999.0 -9999.0 -9999.0 -9999.0 -9999.0 -9999.0 -9999.0 -9999.0 -9999.0 -9999.0 -9999.0
1639.8 1603.8 1455.8 1396.9 1406.7 1389.1 1369.1 1275.7 1199.2 1137.1 1063.8 1067.2 1177.2 1196.2 1135.8 1131.7 1198.2 1220.4 1238.7 1294.4 1299.7 1324.1 1376.0 1369.5 1325.9 1324.3 1251.5 1149.1 1169.5 1076.4 1043.8 959.2 913.5 914.1 922.7 949.7 1048.2 1202.6 1346.6 1523.7 1738.5 2012.5 2141.9 2124.6 2064.2 2000.4 1877.7 1622.4 1415.8 1233.3 1128.1 995.7 872.1 -9999.0 -9999.0 -9999.0 -9999.0 -9999.0 -9999.0 -9999.0 -9999.0 -9999.0 -9999.0 -9999.0 -9999.0 -9999.0 -9999.0 -9999.0 -9999.0 -9999.0 -9999.0 -9999.0 -9999.0 -9999.0
1309.1 1373.7 1518.5 1653.6 1657.6 1634.8 1607.5 1559.1 1528.4 1579.4 1496.7 1395.0 1488.5 1561.1 1464.9 1413.6 1363.7 1292.2 1184.9 1115.3 1111.7 1127.1 1130.3 1142.7 1183.1 1194.8 1233.0 1289.2 1360.6 1330.8 1317.1 1209.9 1154.1 1111.2 1098.4 1073.8 1084.5 1148.8 1238.1 1371.2 1563.2 1767.7 1977.3 1974.4 1942.3 1844.3 1790.6 1571.1 -9999.0 -9999.0 -9999.0 -9999.0 -9999.0 -9999.0 -9999.0 -9999.0 -9999.0 -9999.0 -9999.0 -9999.0 -9999.0 -9999.0 -9999.0 -9999.0 -9999.0 -9999.0 -9999.0 -9999.0 -9999.0 -9999.0 -9999.0 -9999.0 -9999.0 -9999.0
1024.0 1111.6 1304.7 1423.0 1438.4 1448.5 1477.9 1508.8 1612.7 1628.8 1633.2 1704.6 1698.8 1734.3 1664.0 1601.3 1603.5 1484.8 1290.1 1176.2 1114.3 1060.5 1013.0 967.6 943.2 925.7 921.0 1013.6 1080.0 1131.3 1222.6 1348.6 1428.6 1400.0 1404.1 1351.3 1336.0 1325.3 1323.1 1390.3 1562.8 1685.7 1686.6 1736.8 1709.8 1642.7 1622.7 1541.9 -9999.0 -9999.0 -9999.0 -9999.0 -9999.0 -9999.0 -9999.0 -9999.0 -9999.0 -9999.0 -9999.0 -9999.0 -9999.0 -9999.0 -9999.0 -9999.0 -9999.0 -9999.0 -9999.0 -9999.0 -9999.0 -9999.0 -9999.0 -9999.0 -9999.0 -9999.0
823.5 941.3 1127.9 1156.9 1124.6 1152.9 1156.4 1186.3 1270.2 1316.8 1422.3 1570.0 1566.8 1648.4 1696.0 1704.2 1697.8 1671.2 1597.2 1454.4 1399.1 1347.1 1286.1 1234.9 1185.2 1144.4 1064.1 944.1 879.1 852.9 891.9 1024.6 1141.6 1308.2 1489.4 1477.9 1473.2 1560.5 1559.2 1575.9 1577.9 1524.4 1379.4 1373.4 1369.0 1355.9 1345.0 1248.9 -9999.0 -9999.0 -9999.0 -9999.0 -9999.0 -9999.0 -9999.0 -9999.0 -9999.0 -9999.0 -9999.0 -9999.0 -9999.0 -9999.0 -9999.0 -9999.0 -9999.0 -9999.0 -9999.0 -9999.0 -9999.0 -9999.0 -9999.0 -9999.0 -9999.0 -9999.0
935.1 1017.2 1036.3 967.2 953.5 968.8 889.6 912.1 905.1 983.6 1152.6 1215.8 1227.0 1333.8 1472.2 1470.8 1492.8 1568.8 1603.4 1533.0 1450.9 1358.9 1371.3 1345.8 1281.1 1223.0 1171.5 1182.6 1146.7 986.7 813.7 850.0 1002.2 1197.4 1267.6 1166.6 1137.6 1282.7 1299.8 1385.9 1385.3 1386.5 1270.8 1099.2 1020.1 962.9 959.3 949.4 -9999.0 -9999.0 -9999.0 -9999.0 -9999.0 -9999.0 -9999.0 -9999.0 -9999.0 -9999.0 -9999.0 -9999.0 -9999.0 -9999.0 -9999.0 -9999.0 -9999.0 -9999.0 -9999.0 -9999.0 -9999.0 -9999.0 -9999.0 -9999.0 -9999.0 -9999.0
1109.7 1069.7 963.5 912.1 835.7 737.6 680.2 671.9 673.1 730.4 814.6 870.3 962.6 1052.7 1121.3 1132.5 1205.8 1301.9 1359.2 1404.7 1297.2 1168.2 1086.8 1042.5 977.2 910.8 919.3 950.7 1010.8 982.9 870.3 741.3 877.1 1023.2 1003.9 908.1 919.9 996.4 965.3 1084.6 1042.9 1073.7 1013.9 914.0 728.6 590.1 555.5 544.7 -9999.0 -9999.0 -9999.0 -9999.0 -9999.0 -9999.0 -9999.0 -9999.0 -9999.0 -9999.0 -9999.0 -9999.0 -9999.0 -9999.0 -9999.0 -9999.0 -9999.0 -9999.0 -9999.0 -9999.0 -9999.0 -9999.0 -9999.0 -9999.0 -9999.0 -9999.0
1288.4 1204.0 1164.6 1080.9 976.2 938.7 742.2 600.1 639.0 663.4 682.0 724.9 775.2 799.5 831.8 860.9 905.8 978.3 1026.7 1092.1 1160.9 1126.9 1010.8 932.9 1011.0 989.1 941.8 849.0 789.3 856.1 857.3 734.7 724.5 753.4 733.8 707.1 685.1 703.9 741.1 773.8 743.8 728.2 665.0 604.4 523.3 559.4 578.6 487.4 -9999.0 -9999.0 -9999.0 -9999.0 -9999.0 -9999.0 -9999.0 -9999.0 -9999.0 -9999.0 -9999.0 -9999.0 -9999.0 -9999.0 -9999.0 -9999.0 -9999.0 -9999.0 -9999.0 -9999.0 -9999.0 -9999.0 -9999.0 -9999.0 -9999.0 -9999.0
