data/case_study_destine/merger_hmc_by_domain/geo/FriuliDomain.dem.txt
ncols   441
nrows   259
xllcorner    11.7508
yllcorner    45.5044
cellsize    0.005006
NODATA_value -9999
[rows 99 to 131 of 259, columns 222 to 295 of 441]
810.1 863.6 851.1 906.2 954.5 895.5 696.0 574.4 747.5 938.8 884.4 662.8 442.1 431.6 638.9 851.5 899.8 989.3 1007.6 897.0 849.6 910.6 827.1 802.3 815.1 871.3 940.6 990.1 852.9 757.2 618.1 480.9 436.0 402.3 400.8 373.9 337.0 255.5 250.4 272.7 451.8 617.5 733.7 958.8 925.7 667.3 371.1 256.6 252.5 240.9 241.1 272.2 329.9 499.3 522.1 471.6 581.0 763.9 1102.3 1248.4 1318.5 1377.1 1406.8 1343.7 1302.9 1219.4 1321.1 1393.4 1310.0 1289.1 1361.0 1320.1 1377.4 1348.2
990.4 1017.0 1072.3 1048.9 983.4 934.9 801.3 634.6 561.2 810.8 897.4 759.9 472.5 419.3 498.0 639.7 787.0 932.2 1012.9 914.9 912.2 886.7 866.2 816.7 787.0 774.7 831.5 880.8 897.1 879.5 728.7 525.2 458.9 432.9 411.7 368.8 308.4 247.6 245.2 248.4 349.9 563.0 766.5 949.8 835.9 587.6 342.1 249.8 233.6 239.4 255.6 271.5 318.0 393.0 349.6 412.2 646.0 904.6 1173.4 1355.6 1481.6 1577.8 1578.5 1616.9 1526.6 1483.0 1441.4 1472.3 1505.0 1489.0 1484.1 1463.8 1499.3 1482.1
1145.9 1119.8 1045.6 927.1 851.7 791.4 743.8 716.3 644.8 507.8 544.3 505.2 415.0 438.1 499.4 698.8 854.1 937.5 1084.1 1151.4 1178.4 1054.6 956.5 923.2 890.4 861.1 825.9 793.3 782.0 779.2 666.0 640.4 598.1 518.6 444.0 362.1 285.4 245.9 239.6 240.7 314.0 557.7 766.9 724.8 611.4 441.5 268.0 228.7 241.7 251.5 252.0 265.0 275.6 288.6 331.3 384.5 516.7 676.0 875.0 1032.2 1126.8 1250.7 1401.2 1479.7 1336.5 1183.1 1115.6 1145.7 1180.3 1222.5 1216.2 1224.4 1223.8 1196.4
1046.6 984.7 952.7 949.0 1085.2 1062.9 1016.9 878.7 647.1 574.2 639.4 507.6 402.0 417.2 481.4 532.0 585.3 723.3 927.8 1218.2 1363.9 1287.9 1207.5 1164.7 1075.2 996.9 962.3 961.0 917.6 837.6 838.6 791.0 710.1 654.9 587.9 506.1 448.7 312.1 235.4 236.8 283.2 376.8 437.9 441.4 350.6 268.9 228.7 240.0 248.2 248.7 249.8 251.3 256.6 292.1 346.1 400.2 462.0 557.5 666.6 772.0 879.2 990.4 1098.2 1181.3 1087.3 932.7 827.4 840.6 830.0 872.6 902.4 917.2 922.2 852.1
1128.1 1058.6 1084.8 1139.6 1285.4 1175.7 1007.3 806.4 793.5 864.5 730.8 559.0 487.8 408.7 398.7 512.0 625.1 818.2 923.4 1119.2 1333.3 1356.9 1329.0 1332.5 1240.6 1205.5 1160.8 1161.7 1059.7 945.1 856.6 842.2 885.6 897.9 792.4 651.0 685.1 395.7 237.8 232.6 241.0 253.2 252.9 279.5 245.3 225.3 233.9 245.2 245.3 246.3 246.8 249.4 252.9 285.1 339.2 395.6 456.4 559.1 705.8 858.9 976.1 1061.5 1167.8 1235.1 1185.5 1034.3 806.3 658.8 597.4 605.6 637.7 680.0 696.5 633.9
1115.5 1216.0 1253.8 1307.7 1315.4 1214.0 1062.4 949.6 937.0 797.4 633.3 543.7 507.7 472.6 418.5 467.0 552.8 588.6 634.0 795.0 905.6 994.4 1008.7 1091.5 1220.8 1340.0 1380.2 1281.9 1142.6 991.6 904.7 1003.4 1084.8 1091.1 923.1 658.1 596.9 448.4 268.3 231.9 233.7 236.8 237.8 231.6 221.0 234.2 243.3 243.0 242.8 244.1 245.3 246.9 250.5 262.9 302.6 349.4 510.2 692.3 814.0 890.9 1061.9 1182.2 1252.7 1246.4 1260.9 1114.0 906.8 804.2 737.6 627.5 559.2 498.8 557.4 541.2
1112.9 1276.9 1344.8 1191.4 1011.7 969.3 903.8 723.1 807.5 773.1 675.2 608.9 606.4 587.6 506.4 434.2 401.3 469.3 510.2 591.0 677.3 699.8 718.4 771.9 878.3 1069.6 1257.1 1180.3 1061.9 926.9 956.7 999.4 971.4 953.8 860.7 670.4 479.9 358.8 240.3 229.1 232.0 228.5 216.7 221.1 234.7 241.1 240.7 240.8 241.8 242.4 242.8 243.9 247.5 249.2 253.9 264.5 388.6 601.7 776.9 826.9 957.8 1058.7 1031.1 955.4 1025.0 1067.6 911.4 846.0 835.6 745.4 653.3 563.5 477.2 464.9
1264.3 1220.5 1082.0 989.9 817.8 728.7 724.4 649.9 633.9 665.2 669.3 632.2 623.5 561.1 513.0 504.7 450.7 403.2 379.0 578.0 619.0 508.7 591.3 784.9 898.5 959.0 983.4 871.5 803.1 759.2 772.3 716.8 638.6 600.8 529.2 394.8 279.1 236.2 228.0 226.7 215.6 211.3 224.8 241.7 237.8 237.0 238.1 239.6 240.3 241.4 241.8 242.8 244.3 244.5 242.9 245.8 290.4 424.9 532.5 616.0 743.0 799.4 829.8 776.8 860.8 862.7 772.0 666.8 664.1 608.1 623.5 636.0 538.6 457.1
1105.5 978.5 773.3 779.1 873.6 867.8 745.9 648.4 638.2 640.3 623.3 595.9 587.9 591.7 625.7 660.7 543.8 428.9 363.4 373.6 363.8 386.7 483.6 735.9 931.8 957.0 903.5 824.1 667.0 626.4 617.1 618.7 570.1 431.3 337.1 252.3 225.8 224.4 220.4 207.8 214.7 230.0 247.1 281.8 238.1 235.6 236.9 238.3 239.6 240.4 240.5 241.2 241.3 240.9 243.2 247.6 278.1 333.3 409.6 521.8 555.8 623.8 661.9 645.1 640.8 660.7 698.2 673.0 550.6 515.2 546.1 646.7 632.9 514.8
849.5 855.8 707.4 615.5 659.2 726.1 728.6 713.8 723.8 724.5 728.7 750.5 757.6 755.1 812.9 810.5 688.8 628.0 584.5 542.8 513.0 441.6 358.9 588.4 845.8 892.6 863.2 812.1 680.6 628.4 696.1 827.5 715.3 465.5 279.5 228.0 220.2 211.5 204.0 218.4 234.8 237.3 230.9 240.8 234.7 234.9 237.1 238.6 238.2 238.7 239.4 240.2 240.5 241.9 246.7 254.1 264.1 282.1 313.2 390.1 469.3 550.5 563.2 537.0 588.8 679.6 695.9 690.4 595.9 532.5 476.5 632.6 657.4 634.1
756.5 725.2 653.6 601.6 618.3 620.3 648.1 699.3 744.3 799.3 852.9 899.5 947.7 1033.6 1097.2 1077.0 938.4 889.4 896.8 850.7 699.1 431.0 383.0 646.3 842.1 865.9 854.9 846.7 776.9 696.6 817.6 878.8 681.8 398.3 233.2 213.2 201.3 204.5 223.3 227.7 233.1 227.4 228.9 233.9 233.7 233.1 235.9 236.6 237.1 238.0 238.0 237.7 239.2 242.2 243.4 247.9 256.7 294.7 300.5 373.4 438.2 489.1 493.4 525.8 590.6 626.3 640.7 637.9 517.4 449.6 446.9 539.1 665.0 743.6
694.3 665.0 656.9 610.0 584.0 592.7 613.4 665.1 758.7 871.1 976.4 1095.1 1202.3 1199.2 1099.5 980.7 852.6 781.5 851.9 821.4 565.2 319.2 569.1 761.7 816.3 830.2 828.3 850.0 839.8 794.3 869.7 739.1 644.9 442.5 227.0 197.2 209.7 221.7 224.6 225.3 228.7 226.9 230.4 230.9 231.3 232.4 234.6 234.4 236.6 235.9 235.7 235.2 236.2 236.5 237.1 242.0 263.0 280.4 293.3 367.8 452.7 543.5 631.7 637.7 634.8 700.8 730.4 654.5 546.1 454.6 400.6 529.9 640.1 729.6
711.7 646.8 625.9 595.0 589.2 610.5 639.4 705.6 755.8 843.9 978.1 1156.6 1150.2 1028.2 909.4 821.4 733.2 700.2 782.7 779.6 642.5 307.0 436.8 676.3 795.2 807.7 805.3 828.9 859.1 824.4 803.3 674.0 561.7 328.9 198.0 206.2 215.8 220.2 220.5 224.0 224.2 230.5 228.7 230.3 231.7 232.4 233.4 233.3 233.8 233.8 233.9 233.0 234.2 233.3 235.3 238.8 255.0 273.5 294.7 362.2 489.2 607.0 654.8 687.8 656.7 618.8 610.4 575.7 517.1 444.1 372.2 447.3 508.5 467.4
769.2 682.4 573.5 547.3 627.9 630.3 638.4 673.8 712.6 765.5 840.5 911.3 954.0 826.5 738.5 709.0 658.1 548.2 541.4 498.4 475.3 324.9 329.2 477.5 690.4 757.4 752.9 770.6 808.5 760.3 683.5 626.1 465.7 225.3 192.0 210.5 215.9 218.7 219.3 219.9 222.2 224.0 227.3 229.6 231.4 230.4 230.2 230.7 231.4 232.1 232.6 232.8 231.8 232.0 232.3 236.7 242.0 251.0 268.2 287.0 336.7 363.9 404.8 434.7 487.7 433.5 428.0 443.7 409.2 381.7 342.0 383.8 316.9 345.1
863.3 769.1 642.4 492.0 606.1 623.5 624.8 618.8 612.3 616.3 689.3 727.7 747.4 741.3 719.1 670.3 541.5 415.5 337.5 312.8 250.8 265.2 342.2 451.7 632.0 662.9 633.0 662.2 691.7 501.5 435.5 387.4 262.8 203.3 191.3 209.3 214.2 217.0 216.9 219.3 221.6 221.2 228.2 229.7 228.7 228.0 227.6 229.1 229.6 231.3 256.2 249.0 232.1 231.3 231.8 233.2 236.3 242.8 246.8 247.5 251.1 260.7 272.6 279.3 314.6 349.1 362.2 443.8 441.1 404.3 323.3 304.6 295.4 371.2
822.8 748.5 690.6 579.9 445.9 488.0 566.2 518.9 467.7 520.8 555.3 550.0 550.5 552.1 543.9 497.7 432.2 353.2 242.3 234.8 296.3 372.0 414.0 436.6 479.0 476.9 458.8 467.4 407.2 272.1 236.9 219.3 207.9 189.8 197.8 211.3 214.9 214.3 214.8 217.6 218.7 222.8 226.8 226.5 225.9 225.3 225.1 226.8 229.4 252.7 274.9 273.9 250.9 233.2 231.4 232.5 234.0 236.1 238.7 242.3 245.9 249.5 250.8 253.3 263.5 296.3 313.1 397.8 442.6 378.9 335.8 279.5 321.0 345.5
732.3 702.1 658.3 621.7 557.7 404.5 428.0 393.6 396.4 437.7 440.4 420.1 407.0 417.9 398.4 382.4 328.9 270.7 209.1 276.3 308.8 313.3 286.3 272.7 277.8 285.7 277.0 263.1 218.8 202.0 201.8 202.6 189.6 189.6 205.8 211.4 211.1 212.8 215.0 217.1 219.9 222.3 223.1 223.5 222.7 224.4 225.1 225.5 234.0 267.0 270.5 260.3 253.2 257.1 243.6 240.1 240.6 238.6 240.8 252.9 255.7 262.3 249.7 251.4 255.5 263.3 279.5 303.6 395.7 386.8 324.9 273.7 322.6 331.8
661.0 611.9 580.7 549.2 504.2 429.0 343.7 391.0 478.0 455.7 396.2 371.4 337.1 341.2 315.1 310.9 288.8 243.4 196.3 254.5 281.2 295.4 288.1 257.6 234.2 222.9 215.6 203.1 201.7 197.7 192.9 188.0 185.7 202.2 207.3 210.6 209.9 212.2 214.6 216.4 219.5 221.1 221.6 222.5 222.0 223.3 223.3 225.8 257.0 296.2 330.7 341.4 280.8 244.4 253.3 260.8 264.2 263.2 261.3 255.3 238.6 234.7 234.4 246.8 254.2 247.2 254.3 266.9 288.3 303.0 297.2 267.1 295.2 342.4
708.3 610.1 556.0 539.9 465.6 397.3 323.4 370.8 462.7 442.9 371.1 328.6 313.6 305.6 291.7 308.1 340.3 270.8 202.8 251.3 268.3 253.5 227.7 211.4 202.6 197.4 196.2 196.2 186.0 177.9 186.2 192.7 199.6 203.1 204.5 207.2 208.8 212.1 215.2 217.5 218.2 218.4 219.1 219.8 220.5 221.8 221.6 224.3 237.1 257.6 261.9 278.7 266.3 237.1 234.9 249.1 250.8 255.1 250.7 237.0 238.4 253.7 252.7 253.7 272.4 259.2 266.1 269.7 272.3 276.1 280.2 276.4 262.8 308.3
566.6 527.8 463.4 424.3 412.3 366.5 336.3 325.6 379.6 431.2 412.6 366.4 377.4 326.9 264.6 233.4 252.9 202.1 182.7 210.2 212.2 198.2 191.1 188.2 185.6 182.5 179.1 176.3 179.9 195.5 204.6 213.4 215.0 212.1 211.9 207.6 209.2 211.7 214.6 216.2 217.7 217.2 217.6 218.4 221.1 221.6 221.3 221.5 230.9 245.4 248.8 253.1 267.1 244.1 237.1 255.0 254.5 263.0 258.1 253.9 232.0 232.2 240.4 248.3 252.7 260.1 264.8 270.9 280.3 304.7 290.0 273.0 254.5 311.7
361.0 349.1 329.9 339.3 383.9 374.3 344.8 303.2 350.1 423.8 442.9 416.6 399.2 348.7 280.3 238.3 218.5 218.8 179.5 177.3 184.6 172.5 169.8 182.0 202.2 224.9 248.1 245.2 212.2 217.1 233.1 229.5 231.3 238.6 262.0 248.8 226.4 216.2 216.6 215.7 216.3 216.6 217.4 219.0 222.1 222.4 221.9 221.4 227.2 232.2 233.4 233.5 241.6 267.0 242.3 247.1 264.8 271.9 266.9 265.7 258.1 249.3 233.6 242.3 252.0 261.0 261.9 260.0 276.4 292.7 300.8 286.9 247.3 291.5
280.6 278.4 312.4 325.5 319.0 307.9 319.0 320.3 327.2 335.5 335.4 322.6 338.5 348.0 318.2 310.2 259.7 210.5 189.0 173.4 167.0 197.7 261.2 345.4 400.6 449.1 463.3 353.6 235.3 240.0 235.9 235.1 238.0 262.2 283.6 291.7 296.2 285.0 236.9 220.5 219.5 218.5 217.7 226.9 222.1 223.0 225.2 224.2 227.6 230.6 233.8 229.2 225.7 233.2 254.7 229.6 259.0 276.0 266.7 268.4 265.1 262.4 243.5 227.9 235.1 255.4 255.6 256.6 273.5 276.4 271.0 272.5 273.4 251.6
278.6 259.0 254.0 285.6 322.2 312.9 327.9 317.1 298.2 312.3 317.1 274.8 290.0 281.6 279.1 266.9 242.7 210.4 178.7 174.0 275.3 378.7 432.1 418.8 401.9 389.2 336.9 261.5 235.3 255.9 257.9 240.3 260.2 294.4 304.7 290.6 291.3 283.6 241.9 235.6 232.3 228.7 224.1 223.8 219.7 216.8 224.7 230.9 224.7 215.3 211.1 209.9 209.3 222.7 236.3 239.7 231.4 278.5 280.7 274.7 275.4 277.7 282.0 265.0 236.3 234.3 244.8 250.0 268.8 274.5 276.1 277.2 289.0 279.0
311.1 279.6 265.1 246.6 270.5 288.8 291.1 279.4 274.8 277.5 279.5 276.0 248.2 248.4 265.9 265.0 243.6 229.3 175.6 247.2 342.0 349.3 314.1 304.8 295.4 270.0 254.2 234.1 227.6 257.1 259.2 248.5 273.8 308.3 285.3 265.8 259.3 239.0 227.6 229.1 229.4 228.4 222.9 220.0 217.8 215.6 215.4 213.6 200.9 206.4 217.3 231.2 229.1 228.2 233.1 229.7 227.0 252.2 268.9 267.5 259.4 260.1 269.8 277.8 281.7 260.4 231.9 241.7 264.3 274.9 280.8 282.0 285.2 277.1
285.5 272.5 263.7 254.9 236.5 256.0 278.4 281.3 264.9 273.5 273.7 257.4 235.7 238.0 252.7 256.0 243.6 211.8 171.0 229.9 239.0 255.2 277.9 299.9 266.4 247.7 239.1 228.8 219.5 230.0 235.5 244.6 249.6 261.8 260.7 249.9 238.9 224.1 223.5 225.3 222.6 218.3 216.1 215.2 216.0 215.2 207.3 199.8 211.5 223.3 234.8 237.4 236.1 232.8 231.4 219.8 211.7 243.4 248.0 247.8 244.5 247.4 251.0 264.0 274.9 281.6 253.9 226.5 248.9 259.5 273.5 276.2 278.4 269.5
257.4 255.7 255.4 253.4 242.5 230.1 257.6 260.3 253.8 247.0 247.1 244.7 218.8 206.1 194.8 203.4 200.7 179.5 158.9 189.4 236.3 251.1 267.3 290.8 277.9 253.4 241.1 235.0 236.9 238.4 220.1 220.7 233.2 237.7 240.7 229.0 216.9 215.2 216.6 218.4 217.5 215.9 215.4 215.2 214.7 209.1 200.8 218.6 227.4 231.1 235.5 244.4 246.5 242.9 232.0 213.1 207.5 230.2 245.9 234.6 231.6 243.8 244.9 247.0 254.4 253.3 245.2 219.1 236.7 248.7 257.0 268.1 271.9 261.6
246.6 248.0 248.8 248.9 236.1 219.0 232.2 243.4 246.3 244.6 234.2 239.4 221.4 187.5 183.4 178.6 176.1 174.2 156.9 178.5 224.6 241.8 251.4 263.5 269.8 271.0 254.5 243.0 244.7 247.9 240.7 214.2 228.6 230.3 224.4 213.9 210.8 210.6 212.4 216.0 217.7 217.7 215.8 214.7 216.2 197.5 208.7 222.6 228.2 239.1 241.4 249.9 248.0 242.8 238.8 231.9 213.5 202.5 205.6 220.8 214.2 218.3 227.6 235.7 230.2 233.0 227.4 213.4 241.0 255.5 257.3 259.6 261.2 251.1
240.9 244.7 262.4 253.2 238.9 225.4 216.2 235.7 238.3 236.4 220.1 230.7 222.7 177.0 173.2 174.0 172.4 168.6 154.0 204.2 232.1 236.0 243.3 250.8 264.4 283.6 274.8 261.1 251.7 252.5 247.1 217.9 220.1 212.3 203.3 205.8 207.9 209.4 210.4 209.0 208.4 203.5 200.8 203.7 212.9 204.7 199.5 219.5 241.1 246.5 249.1 246.7 247.2 253.0 250.5 245.1 234.0 225.2 205.5 193.5 198.1 200.4 201.4 212.5 221.0 215.6 209.7 216.4 232.9 252.3 270.1 269.8 250.4 242.2
236.0 234.8 237.0 237.6 239.1 232.3 208.8 224.4 234.4 232.2 213.4 223.0 201.2 171.0 171.5 171.6 170.1 160.3 160.5 216.0 227.7 232.3 237.8 245.0 254.3 264.0 266.8 265.4 265.4 285.8 260.5 213.8 199.1 193.4 192.9 194.0 198.5 197.3 191.0 191.3 193.7 197.9 208.7 208.5 203.2 208.9 217.3 224.3 237.4 245.7 263.9 257.0 252.2 250.6 246.5 235.1 230.2 225.4 196.4 198.9 221.7 240.1 237.3 224.5 218.8 223.2 239.7 252.2 247.0 258.9 259.4 249.2 240.2 236.7
227.2 226.1 228.4 230.3 231.0 229.3 212.9 210.5 221.0 222.6 201.0 201.0 174.9 168.3 168.5 169.2 166.5 150.5 191.7 223.5 225.1 228.3 230.9 233.6 241.4 252.4 252.7 253.1 263.9 261.8 217.7 218.1 211.3 178.9 202.5 215.7 205.2 196.8 205.0 208.4 211.9 214.9 219.5 221.2 221.9 227.3 226.4 227.7 233.6 258.1 270.0 258.8 248.8 243.6 238.8 238.9 244.9 239.3 210.0 197.5 203.0 217.2 235.4 247.4 250.7 255.5 268.3 275.0 267.3 250.6 243.8 241.0 236.1 231.4
224.9 221.2 222.6 223.9 225.7 223.3 212.9 205.9 215.2 211.0 184.9 174.2 167.3 166.7 165.8 165.5 150.9 159.9 209.9 221.0 221.6 222.9 225.1 224.9 231.0 237.9 241.9 245.7 247.1 247.0 215.3 214.7 212.7 186.9 206.2 235.5 235.6 223.8 216.3 216.3 218.3 222.7 223.7 227.8 229.9 234.3 231.1 240.8 249.6 259.1 262.5 256.5 251.9 243.5 242.7 249.0 243.7 239.5 235.9 225.8 215.9 212.9 209.4 194.4 235.9 255.4 267.0 267.4 257.1 245.9 224.6 233.4 231.5 227.8
219.0 216.7 217.0 218.4 219.0 218.4 210.7 194.8 211.2 211.4 175.8 168.4 165.3 165.0 164.9 154.8 152.8 172.2 207.9 217.3 218.2 218.7 219.5 222.7 226.9 230.7 234.4 237.1 239.3 239.3 230.5 186.4 175.7 197.8 237.6 254.0 248.0 247.1 242.6 235.5 232.8 233.8 231.7 239.1 245.9 248.2 245.5 245.7 245.5 246.9 262.9 267.2 261.6 254.0 250.9 247.4 242.7 239.7 240.3 230.4 241.9 242.2 241.7 218.6 199.2 248.0 261.6 255.9 241.3 239.2 219.0 225.4 227.5 226.2
216.2 214.5 212.0 212.5 213.4 212.8 203.6 190.1 208.0 203.7 167.1 163.1 163.4 164.0 163.4 147.0 161.9 169.1 196.3 213.7 214.4 214.7 216.1 219.1 222.7 226.1 228.1 229.0 232.0 235.4 234.2 201.7 188.9 233.0 263.1 264.7 260.9 256.7 246.3 239.1 231.5 229.1 229.7 235.4 237.4 239.5 239.7 238.8 238.7 249.2 263.4 265.9 264.3 256.9 256.2 252.6 247.7 240.4 240.0 238.8 238.5 247.4 247.9 246.1 219.4 203.0 236.5 226.5 222.0 230.4 215.3 216.2 221.7 220.4
