data/case_study_destine/merger_hmc_by_domain/geo/FriuliDomain.dem.txt
ncols   441
nrows   259
xllcorner    11.7508
yllcorner    45.5044
cellsize    0.005006
NODATA_value -9999
[rows 33 to 65 of 259, columns 148 to 221 of 441]
2109.9 2175.0 2069.1 1928.3 1805.9 1651.6 1515.9 1589.5 1742.8 1789.3 1854.8 1959.9 2031.7 2072.8 2078.8 1989.0 1864.9 1817.8 1782.5 1710.2 1642.0 1596.8 1536.7 1476.8 1444.2 1439.2 1489.6 1591.9 1606.0 1646.3 1624.2 1571.6 1683.5 1664.4 1729.2 1663.1 1673.4 1659.4 1732.5 1943.2 1927.1 1873.7 1868.5 1924.6 1991.5 2165.0 2307.2 2315.6 2228.8 2084.0 1963.1 1878.7 1835.0 1815.9 1681.6 1597.2 1551.2 1632.0 1787.7 1948.2 2084.5 2184.5 2129.9 1972.8 1868.1 1804.6 1891.4 2028.3 2027.2 1858.2 1748.1 1637.8 1489.0 1335.4
1954.9 2075.0 2079.9 1933.6 1789.1 1633.4 1477.3 1525.7 1640.3 1690.8 1835.3 2019.0 2239.0 2344.4 2296.7 2163.3 1995.7 1908.1 1833.6 1788.6 1805.0 1740.2 1664.3 1545.5 1481.2 1418.1 1395.2 1438.4 1467.6 1570.1 1563.0 1465.1 1532.8 1512.3 1526.4 1525.5 1616.7 1702.1 1744.6 1768.2 1710.3 1724.5 1900.3 1957.5 2036.9 2208.9 2342.9 2255.3 2150.5 2047.3 2021.0 2020.8 1994.4 2018.6 1868.4 1641.2 1449.8 1521.7 1637.9 1763.1 1854.2 1953.4 2062.4 2063.2 2024.3 1993.0 2032.5 2042.3 1952.4 1762.8 1572.8 1424.9 1342.0 1354.5
1830.9 1969.9 2040.6 1906.8 1745.2 1598.7 1451.1 1425.5 1562.8 1717.9 1859.7 2076.3 2243.0 2330.9 2232.7 2173.0 2084.2 2034.6 2062.8 2075.6 2034.8 1862.7 1677.6 1602.5 1552.6 1478.1 1384.8 1372.7 1383.9 1435.6 1443.9 1411.2 1405.8 1414.9 1421.9 1440.6 1465.3 1517.2 1555.8 1582.6 1637.1 1749.1 1884.8 1917.0 1962.2 2025.5 2152.7 2199.2 2144.7 2001.7 1935.2 1909.7 1877.9 1878.0 1852.7 1634.5 1362.5 1375.2 1587.4 1809.6 2009.5 1982.8 1941.5 1890.2 1886.9 1912.2 1942.9 2059.3 1948.0 1744.3 1649.5 1642.4 1746.8 1906.2
1749.5 1850.7 1978.3 1937.7 1810.8 1663.5 1520.2 1366.0 1490.3 1623.5 1713.0 1853.9 1938.1 1977.9 1947.0 2025.5 2065.9 1938.6 1976.4 2091.1 2037.7 1860.2 1662.8 1571.3 1514.1 1436.6 1376.2 1347.6 1347.3 1358.6 1375.8 1391.2 1414.6 1435.6 1430.4 1441.2 1512.6 1563.2 1535.9 1595.2 1740.3 1858.5 1909.0 1856.9 1809.0 1845.5 1900.2 1898.7 1864.3 1818.5 1787.0 1735.3 1724.3 1641.1 1673.8 1554.6 1300.8 1279.6 1501.6 1693.5 1754.0 1777.3 1695.2 1679.1 1688.4 1770.4 1939.6 2163.6 2060.6 1865.2 1762.0 1821.0 1953.5 2050.6
1655.8 1795.6 1907.6 1824.8 1702.2 1597.0 1509.6 1349.2 1369.9 1481.3 1563.1 1647.2 1695.4 1741.9 1775.4 1913.4 2108.4 1984.1 1831.3 1771.4 1718.5 1648.6 1564.7 1479.3 1427.8 1381.0 1341.4 1326.0 1350.6 1412.1 1467.4 1513.0 1586.8 1588.5 1502.8 1512.8 1635.5 1702.1 1729.3 1637.1 1692.2 1790.1 1845.6 1811.3 1730.4 1731.4 1781.0 1741.2 1676.6 1636.2 1603.1 1540.4 1499.3 1441.2 1458.8 1470.4 1243.3 1195.2 1346.3 1424.7 1460.9 1479.6 1515.4 1489.7 1537.1 1698.3 1964.6 2232.4 2164.7 1938.4 1818.1 1827.5 1861.7 1891.9
1653.5 1751.0 1798.0 1683.0 1546.6 1420.4 1322.9 1290.8 1367.9 1399.6 1433.1 1491.0 1559.5 1667.3 1779.8 1779.8 1828.2 1913.6 1824.3 1645.6 1522.3 1482.2 1442.5 1403.1 1378.7 1354.7 1325.6 1314.7 1394.1 1542.2 1634.4 1704.5 1777.9 1725.3 1623.5 1640.4 1793.4 1965.8 1950.2 1808.6 1808.0 1847.1 1897.4 1877.6 1771.1 1683.2 1825.3 1890.6 1793.8 1634.1 1546.9 1511.4 1464.4 1390.3 1307.7 1250.4 1161.0 1141.1 1315.3 1370.5 1427.3 1465.5 1548.8 1733.1 1782.4 1827.5 1969.8 2185.7 2230.4 2009.3 1941.6 1933.4 1931.0 1998.8
1513.7 1603.9 1667.1 1637.7 1483.1 1314.1 1218.5 1367.2 1530.4 1607.8 1655.0 1723.6 1793.0 1855.8 1802.6 1679.1 1635.3 1639.1 1649.1 1638.8 1592.3 1556.8 1513.7 1522.5 1484.7 1447.9 1363.0 1287.8 1415.2 1679.7 1890.9 2082.1 2091.2 1968.1 1910.2 1947.5 2041.0 2190.0 2194.9 2141.8 2136.6 2167.6 2154.2 2058.4 1860.2 1643.9 1726.1 1898.6 1918.8 1740.5 1611.0 1510.7 1436.0 1420.3 1418.0 1330.5 1160.1 1140.6 1378.4 1522.2 1712.6 1766.9 1726.3 1943.2 2116.4 2040.8 2039.6 2009.0 2051.5 2009.9 1963.7 1971.7 1911.1 1886.5
1300.0 1402.3 1506.4 1568.7 1440.0 1266.7 1205.9 1382.5 1530.6 1693.9 1766.8 1799.1 1895.3 1912.6 1765.0 1606.0 1541.0 1487.1 1541.4 1584.6 1600.7 1590.5 1688.2 1772.3 1792.9 1721.8 1454.0 1193.0 1449.1 1694.7 1946.6 2142.7 2255.3 2268.1 2133.2 2060.8 2126.3 2241.7 2309.2 2278.9 2227.6 2227.9 2172.8 1988.5 1715.1 1564.2 1732.3 1915.6 2075.3 2040.1 1895.0 1797.9 1728.3 1691.2 1529.9 1271.5 1054.6 1137.7 1342.6 1521.4 1654.7 1719.3 1769.6 1867.5 2051.6 2026.4 1854.4 1724.8 1805.5 1876.6 1778.3 1771.7 1691.5 1603.0
1165.5 1215.0 1323.1 1397.3 1378.1 1212.1 1186.0 1363.5 1525.5 1560.8 1569.9 1664.6 1793.8 1905.5 1766.3 1586.9 1468.9 1414.1 1533.8 1514.7 1439.4 1530.5 1690.3 1862.8 1887.1 1680.6 1405.8 1185.7 1514.9 1785.7 1957.5 2073.6 2119.4 2080.2 1951.9 1955.2 2097.5 2239.5 2220.5 2130.5 2088.8 2056.9 1953.8 1820.4 1653.5 1515.1 1694.7 1903.8 2041.1 2076.7 2016.7 1849.5 1654.3 1553.8 1384.9 1137.2 998.8 1151.9 1333.1 1497.7 1476.4 1495.8 1630.7 1791.9 1906.7 1796.3 1687.9 1618.6 1576.5 1686.5 1602.9 1481.4 1445.2 1398.5
1239.9 1138.4 1127.4 1184.6 1236.9 1155.1 1164.5 1342.0 1406.5 1356.5 1473.5 1624.2 1765.7 1891.4 1815.7 1671.8 1521.6 1366.9 1382.3 1446.6 1304.0 1397.6 1505.4 1581.7 1569.9 1445.3 1205.4 1273.7 1683.7 1947.9 1935.6 1832.1 1878.9 1870.8 1847.2 1931.4 2116.1 2141.0 2111.4 1979.1 1928.4 1995.7 2064.6 2005.7 1824.2 1582.1 1508.8 1678.6 1738.4 1745.8 1686.7 1518.0 1401.9 1359.0 1169.9 1013.6 980.4 1146.4 1236.7 1321.7 1333.4 1360.2 1486.7 1623.3 1675.3 1570.2 1490.8 1575.6 1426.7 1444.3 1349.3 1330.4 1375.2 1451.6
1367.6 1289.8 1215.3 1147.4 1090.0 1053.3 1104.6 1203.5 1214.8 1309.2 1462.1 1609.7 1761.8 1747.4 1656.6 1573.7 1468.3 1326.0 1311.0 1413.8 1262.8 1212.5 1277.7 1313.6 1270.0 1184.3 1111.0 1243.4 1503.5 1611.2 1608.5 1633.3 1756.4 1862.3 1877.2 1992.0 2044.7 1913.8 1825.9 1893.8 1977.6 1926.1 1909.8 1801.1 1718.7 1598.6 1443.7 1570.0 1719.6 1709.1 1502.7 1310.2 1217.8 1119.5 1031.2 983.5 928.0 926.0 1008.8 1142.3 1178.9 1246.8 1369.5 1417.0 1327.9 1321.2 1347.2 1362.1 1293.4 1245.5 1268.2 1376.9 1451.4 1575.6
1516.8 1465.4 1376.9 1310.8 1256.5 1160.9 1055.7 1054.8 1149.3 1248.7 1381.3 1534.7 1687.4 1665.5 1529.2 1393.7 1280.1 1188.8 1302.8 1315.5 1222.5 1120.0 1060.6 1064.1 1057.0 1122.2 1232.5 1159.7 1127.8 1189.6 1270.5 1438.5 1665.3 1813.3 1846.3 1799.0 1761.0 1693.4 1603.1 1761.6 1767.8 1667.4 1576.8 1504.7 1502.4 1491.6 1413.6 1531.8 1611.9 1522.3 1332.2 1167.2 1110.2 1095.8 1128.2 1163.9 1188.5 1063.1 916.0 932.6 1059.3 1110.2 1242.7 1222.5 1116.8 1111.9 1166.5 1203.0 1255.0 1343.5 1486.0 1576.8 1638.6 1614.7
1537.9 1491.1 1499.0 1460.7 1410.4 1319.1 1190.7 1056.5 1048.4 1187.1 1307.0 1418.8 1562.2 1612.5 1526.2 1402.4 1256.0 1130.3 1152.6 1101.2 1035.7 1024.9 1098.5 1181.5 1259.4 1439.6 1612.8 1445.0 1482.2 1340.7 1159.2 1247.5 1394.7 1504.1 1552.7 1530.9 1504.5 1534.3 1476.2 1501.8 1496.9 1433.5 1379.7 1347.6 1377.8 1360.0 1367.5 1409.5 1360.1 1235.7 1142.1 1105.5 1170.5 1252.9 1275.0 1347.9 1430.2 1321.5 1139.9 958.7 884.4 909.5 984.3 997.3 989.2 1077.5 1136.6 1171.9 1226.6 1304.0 1402.3 1467.9 1579.0 1665.3
1461.1 1445.1 1428.7 1427.2 1460.0 1408.8 1324.7 1180.7 1026.7 1038.2 1158.1 1262.3 1388.8 1378.8 1300.1 1223.4 1163.9 1088.0 1021.5 1008.0 1112.5 1177.9 1297.4 1333.5 1439.2 1699.1 1842.0 1689.1 1692.8 1529.4 1364.8 1254.8 1223.0 1276.4 1315.8 1339.7 1367.1 1388.8 1340.5 1330.7 1294.2 1276.7 1278.8 1308.2 1303.9 1327.4 1371.0 1353.5 1223.4 1167.1 1145.6 1180.9 1365.2 1567.8 1571.8 1522.2 1505.1 1331.7 1187.2 1093.1 1074.0 969.0 939.7 896.4 881.0 865.9 852.2 847.8 900.3 1012.5 1099.4 1213.0 1360.0 1487.0
1418.7 1392.2 1333.9 1304.1 1297.3 1302.5 1323.3 1270.2 1189.1 1044.6 999.8 1117.8 1180.9 1124.9 1065.2 994.1 982.9 975.1 999.2 1119.4 1255.0 1340.5 1406.9 1536.3 1674.3 1882.5 2060.6 1925.8 1836.3 1660.7 1562.5 1474.6 1346.3 1241.3 1216.6 1242.5 1251.0 1248.6 1257.0 1240.6 1268.8 1328.9 1376.2 1405.5 1386.9 1377.0 1299.6 1242.7 1268.8 1340.7 1358.7 1389.5 1542.9 1632.3 1692.2 1661.1 1491.8 1313.3 1236.3 1291.4 1216.2 1167.3 1156.3 1126.6 1126.5 1137.5 1113.1 1047.2 934.1 822.5 841.2 1002.0 1178.6 1321.9
1388.4 1380.1 1385.4 1340.4 1247.0 1182.0 1134.9 1146.5 1186.9 1141.0 978.8 956.8 954.9 968.3 1009.3 1074.8 1154.0 1105.6 1042.3 1195.3 1295.6 1402.3 1561.2 1695.9 1807.5 2028.4 2058.0 1951.1 1837.6 1746.3 1642.1 1530.2 1435.7 1371.6 1315.8 1261.1 1244.6 1262.2 1287.0 1295.2 1350.7 1425.9 1457.0 1494.1 1538.6 1551.1 1484.8 1388.9 1435.4 1553.2 1596.1 1631.8 1649.9 1664.2 1702.6 1684.4 1577.4 1447.3 1493.5 1435.9 1387.9 1348.1 1338.8 1321.2 1269.7 1299.8 1297.1 1216.4 1128.0 988.3 808.9 775.3 915.2 1089.3
1386.7 1394.7 1436.2 1397.9 1354.5 1297.5 1166.4 1048.4 969.7 967.1 932.8 951.6 1027.7 1133.7 1190.4 1267.1 1294.8 1184.7 1063.2 1093.0 1233.8 1386.4 1511.2 1631.3 1732.3 1799.5 1851.5 1809.1 1724.7 1681.3 1619.4 1524.3 1439.8 1361.3 1293.2 1268.9 1330.5 1406.9 1458.2 1441.1 1458.9 1683.3 1812.3 1777.1 1733.6 1697.8 1655.0 1594.7 1602.8 1762.1 1808.1 1826.4 1855.0 1892.4 1946.0 1908.5 1786.4 1758.2 1739.2 1733.6 1648.4 1538.1 1444.5 1383.1 1326.7 1249.2 1177.9 1142.5 1063.1 961.1 870.2 803.2 744.3 883.4
1394.9 1457.3 1495.7 1450.1 1266.6 1142.6 1054.0 950.0 1101.2 1068.3 1003.9 1115.9 1240.1 1312.9 1361.1 1435.3 1454.6 1300.8 1180.5 1112.8 1148.6 1319.0 1498.0 1617.8 1696.4 1756.7 1723.6 1666.8 1626.3 1588.5 1514.4 1424.0 1352.4 1306.3 1319.1 1349.7 1469.9 1661.7 1777.4 1663.0 1619.0 1853.1 2096.7 2103.6 1954.1 1875.4 1877.4 1901.1 1889.7 1885.3 1936.7 2047.0 2013.2 1961.1 1977.0 1905.3 1812.9 1894.1 1914.8 1917.2 1847.0 1707.7 1596.8 1472.4 1369.3 1299.3 1226.0 1152.0 1100.6 1029.4 962.5 877.6 771.6 740.3
1540.1 1624.8 1506.5 1426.5 1303.3 1167.0 1039.7 948.8 1125.9 1107.7 1085.7 1411.7 1704.7 1722.9 1751.9 1796.3 1708.2 1538.8 1457.6 1285.9 1161.1 1341.9 1625.6 1935.9 2051.9 2072.2 1838.8 1687.2 1599.2 1553.2 1510.6 1436.7 1339.5 1368.9 1520.0 1612.4 1683.6 1863.9 1815.9 1710.1 1654.5 1736.8 1919.1 2049.1 2033.5 2042.1 2101.0 2110.4 2098.1 2112.9 2018.3 1989.5 1850.2 1842.0 1830.7 1641.4 1547.8 1581.3 1625.9 1609.3 1691.1 1649.2 1602.0 1607.9 1564.0 1487.0 1396.6 1345.5 1281.9 1193.4 1085.5 961.7 885.8 773.2
1374.9 1327.9 1226.5 1103.4 1006.1 968.2 921.0 981.2 1011.0 1065.8 1105.6 1338.3 1569.7 1733.4 1896.4 2055.0 1983.9 1842.5 1631.7 1405.1 1216.5 1317.5 1569.5 1891.5 2148.3 2272.2 2049.2 1930.8 1899.2 1848.6 1733.9 1557.4 1392.2 1491.0 1807.3 1937.9 1934.4 1932.9 1902.6 1813.4 1675.1 1634.2 1786.0 1851.5 1867.7 1994.6 2101.5 2041.2 2014.3 1917.1 1784.3 1690.1 1515.8 1595.5 1569.0 1367.5 1307.7 1299.4 1403.1 1348.4 1361.5 1388.8 1355.1 1479.6 1527.0 1592.5 1642.8 1645.0 1509.6 1331.0 1215.9 1068.3 935.8 811.1
938.3 908.0 891.9 1004.2 1058.0 1037.9 1031.0 1070.2 1095.2 1266.0 1232.9 1211.0 1269.8 1519.4 1739.8 1991.7 2208.3 2003.2 1708.5 1723.6 1439.5 1273.7 1440.3 1654.5 1897.7 2108.2 2300.6 2239.9 2028.9 1808.9 1652.9 1571.7 1604.3 1758.8 1914.0 1994.0 2090.3 2032.9 1901.6 1732.2 1526.7 1452.5 1519.0 1535.1 1572.2 1646.6 1687.0 1686.3 1710.1 1581.5 1443.0 1411.4 1281.9 1301.8 1327.5 1252.3 1119.7 1214.0 1367.6 1228.6 1230.7 1209.4 1188.3 1268.2 1258.1 1383.6 1461.2 1528.3 1547.0 1432.5 1293.0 1119.6 995.8 867.8
1309.1 1218.5 1203.1 1312.4 1363.0 1300.0 1242.0 1221.9 1215.5 1469.2 1633.1 1530.0 1462.9 1502.1 1769.5 1997.3 2138.7 2021.8 1945.2 1984.9 1590.5 1340.1 1435.9 1723.6 1998.1 2308.9 2315.8 2075.7 1823.9 1666.5 1610.6 1705.0 1916.0 2133.6 2155.6 2077.1 2057.1 1946.8 1799.8 1624.3 1439.7 1276.1 1231.0 1209.4 1214.0 1256.0 1323.7 1372.3 1398.3 1264.5 1165.9 1207.3 1154.6 1072.8 1135.1 1193.3 1037.3 1104.8 1146.0 1106.1 1101.5 1036.1 1048.6 1052.2 1016.9 1135.5 1207.2 1230.9 1265.1 1211.4 1256.5 1211.8 1081.2 923.1
1794.8 1611.7 1532.6 1585.0 1631.0 1582.3 1490.2 1393.4 1350.2 1611.8 1851.4 1946.2 1881.0 1693.7 1683.5 1809.0 2049.6 2188.2 2095.8 1897.7 1512.1 1362.5 1548.8 1893.7 2082.4 2187.2 2125.4 2038.9 1956.9 1823.7 1883.8 1947.1 2096.7 2208.0 2133.5 1998.2 1893.5 1698.9 1598.2 1476.9 1347.7 1201.2 1082.9 1041.6 1024.7 993.6 1046.3 1063.6 1050.8 1005.5 982.4 1010.1 955.4 902.3 894.7 910.2 872.0 853.6 879.5 889.8 892.1 859.1 814.3 818.2 866.5 903.6 938.2 956.4 941.8 958.4 1088.2 1104.3 1007.5 853.4
1836.6 1738.8 1739.9 1850.6 1960.5 1917.1 1765.3 1633.5 1597.9 1698.7 1791.9 1901.9 2010.1 1921.6 1944.7 1941.9 1963.7 2105.0 2038.3 1777.8 1466.4 1402.0 1515.9 1683.3 1806.0 1904.3 2074.3 2120.9 2005.8 1883.5 1898.3 1950.2 1938.7 1873.1 1818.4 1693.3 1595.2 1423.1 1260.7 1161.0 1104.2 1130.0 1191.0 1172.2 1146.9 1051.5 1005.3 983.7 1000.0 997.5 930.5 900.8 869.8 871.5 874.2 860.3 835.3 790.2 764.0 758.1 732.5 711.8 698.4 688.3 703.2 708.7 722.8 741.5 751.9 803.9 894.9 911.7 848.9 718.7
1502.1 1619.9 1785.1 2027.3 2284.8 2186.7 1984.9 1889.8 1952.1 2071.0 2043.1 2086.2 2218.8 2229.9 2358.9 2240.6 2149.7 2061.3 1863.6 1668.3 1498.8 1403.1 1477.6 1638.5 1838.8 2006.2 2080.8 2054.6 1964.9 1867.9 1733.0 1722.3 1671.3 1557.8 1485.6 1399.7 1297.1 1213.9 1137.0 1153.9 1253.9 1324.8 1386.4 1387.7 1313.9 1225.2 1297.4 1278.6 1279.7 1206.7 1144.6 1213.7 1167.3 1073.3 1137.9 1120.5 1020.7 1067.3 974.4 887.9 928.3 841.7 840.9 850.0 788.2 747.5 717.6 667.2 640.0 639.9 669.8 699.9 710.6 616.8
1460.3 1604.8 1838.6 2079.0 2205.8 2221.0 2216.3 2126.6 2306.3 2301.7 2198.3 2221.2 2185.9 2160.4 2175.7 2121.3 1961.5 1792.9 1668.0 1585.2 1483.2 1435.8 1536.9 1753.8 1944.1 2018.3 1997.0 1963.5 1824.0 1805.3 1701.3 1535.1 1434.4 1368.7 1329.1 1280.6 1252.9 1239.7 1204.6 1274.7 1352.6 1503.2 1549.1 1569.0 1488.4 1401.9 1513.8 1530.7 1515.2 1368.3 1364.1 1478.5 1357.7 1292.2 1329.6 1231.1 1145.3 1107.3 1061.9 1034.2 1004.0 885.6 971.6 1079.2 1059.5 1032.6 933.0 830.7 769.6 794.9 722.0 618.3 605.0 571.7
1434.6 1522.0 1709.1 1845.1 1856.1 1902.7 1967.0 2038.3 2053.1 1946.8 1826.3 1833.7 1834.8 1872.9 1956.3 1941.4 1910.1 1841.6 1776.9 1628.7 1511.6 1468.6 1464.7 1608.3 1706.5 1732.4 1696.3 1697.9 1603.6 1543.8 1489.1 1405.8 1352.5 1354.3 1398.8 1421.9 1389.5 1282.5 1322.5 1446.4 1576.3 1722.4 1712.1 1761.9 1642.4 1552.9 1717.2 1792.7 1640.8 1534.2 1618.7 1635.6 1530.4 1489.9 1610.0 1496.3 1386.5 1318.7 1276.3 1207.8 1059.2 1026.2 1069.6 1249.4 1339.8 1221.3 1037.4 931.6 858.1 914.9 846.4 737.0 609.9 558.1
1283.6 1404.8 1523.6 1616.7 1580.7 1624.6 1699.6 1732.9 1661.7 1624.7 1538.9 1582.3 1607.0 1678.0 1746.7 1824.3 1886.5 1842.5 1723.9 1631.6 1605.3 1540.8 1475.2 1491.1 1526.6 1606.9 1627.5 1592.9 1539.0 1471.6 1418.1 1450.2 1537.6 1620.2 1702.0 1665.1 1458.0 1361.3 1516.7 1623.6 1736.0 1831.8 1877.3 1838.4 1690.4 1667.2 1854.1 1806.2 1715.8 1735.0 1735.5 1724.5 1665.3 1623.5 1757.5 1761.8 1744.1 1688.0 1645.0 1504.9 1352.4 1253.0 1360.0 1377.2 1534.0 1399.8 1266.8 1159.6 1013.2 902.6 835.2 773.3 672.2 558.4
1298.0 1367.1 1471.1 1548.3 1446.4 1420.0 1485.3 1452.2 1365.6 1348.4 1368.9 1421.1 1474.4 1492.7 1559.0 1642.8 1742.2 1892.4 1855.4 1797.7 1773.5 1643.2 1533.9 1610.8 1640.1 1648.6 1740.6 1698.5 1577.4 1474.0 1562.5 1723.3 1867.1 1895.6 1827.0 1678.7 1501.5 1564.7 1588.6 1677.3 1757.2 1890.3 1901.8 1791.5 1713.2 1713.5 1863.3 1819.0 1898.4 1908.5 1869.3 1951.0 1846.9 1850.1 1900.6 1927.7 1863.6 1870.1 1870.0 1753.8 1674.9 1532.0 1650.0 1632.8 1611.7 1403.1 1251.4 1138.1 1046.6 937.9 796.3 713.7 641.6 552.7
1268.0 1288.2 1316.6 1291.7 1239.8 1188.3 1213.1 1234.8 1353.5 1493.3 1586.6 1748.4 1790.0 1735.9 1616.9 1714.9 1770.2 1861.4 1865.8 1816.9 1734.5 1625.1 1606.7 1710.3 1724.7 1724.6 1886.8 1875.5 1688.3 1544.0 1685.9 1889.5 1940.8 1868.4 1799.5 1704.5 1739.6 1838.3 1771.0 1723.6 1789.1 1835.8 1962.1 1886.6 1824.2 1828.9 1893.4 1883.2 1930.6 1850.0 1751.8 1882.5 1894.6 1837.5 1783.8 1784.8 1782.3 1740.5 1680.8 1766.9 1834.9 1766.5 1768.9 1850.9 1750.4 1590.2 1461.9 1348.6 1221.5 1047.1 879.4 728.0 639.3 552.7
1029.1 1058.0 1077.6 1103.9 1188.0 1247.9 1333.3 1439.4 1662.0 1836.8 1807.5 1885.4 1869.0 1789.2 1704.1 1791.4 1859.6 1906.3 1869.5 1806.7 1707.1 1665.1 1709.1 1744.1 1863.5 1845.7 1907.3 1790.4 1658.2 1698.4 1897.9 1968.3 1929.6 1951.5 1973.8 1859.8 1809.0 1863.7 1862.7 1788.7 1849.9 1920.7 1915.1 1872.5 1817.7 1782.0 1747.2 1713.6 1729.6 1772.0 1657.5 1672.8 1755.0 1629.0 1497.1 1492.0 1475.8 1485.3 1505.8 1587.9 1648.8 1794.6 1806.2 1646.8 1487.1 1336.5 1231.1 1138.1 1104.2 1117.8 951.1 770.4 673.3 553.5
1295.9 1350.1 1212.3 1235.3 1410.8 1495.9 1577.5 1634.2 1750.3 1799.1 1887.3 1979.3 2058.2 1974.3 1810.2 1854.0 1994.5 2051.0 1937.8 1887.6 1823.8 1779.3 1780.1 1794.0 1829.6 1889.5 1921.7 1858.7 1794.3 1859.1 1794.4 1734.6 1669.9 1674.1 1768.3 1838.0 1863.4 1895.3 1891.2 1910.1 1851.8 1841.4 1728.2 1739.6 1758.6 1786.5 1743.1 1704.1 1561.2 1536.9 1545.4 1517.3 1537.4 1403.8 1303.3 1327.8 1417.1 1443.4 1468.1 1631.2 1783.7 1915.5 1817.1 1593.1 1381.7 1254.5 1144.1 1046.4 910.3 868.9 876.6 791.7 718.5 556.4
1459.7 1525.7 1403.7 1272.0 1288.8 1351.8 1435.3 1510.5 1651.6 1798.1 1933.3 2056.1 2055.1 2059.0 1997.0 1975.0 2107.7 2166.2 2124.8 2089.1 2026.2 1948.1 1971.7 1880.7 1844.0 1783.7 1790.3 1798.7 1802.5 1825.6 1719.8 1601.7 1511.8 1460.1 1499.1 1550.1 1615.8 1699.8 1640.8 1649.7 1596.1 1508.0 1457.8 1449.7 1504.8 1519.6 1503.3 1534.5 1516.4 1452.1 1400.1 1402.8 1459.5 1272.8 1266.0 1488.0 1636.0 1681.2 1569.7 1601.0 1810.9 1948.3 1887.6 1649.1 1545.1 1483.5 1344.7 1155.7 944.8 815.2 777.3 732.3 670.0 593.4
