data/case_study_destine/merger_hmc_by_domain/geo/LazioDomain.dem.txt
ncols   256
nrows   238
xllcorner    11.0658
yllcorner    41.7203
cellsize    0.005016
NODATA_value -9999
[rows 0 to 31 of 238, columns 72 to 143 of 256]
-9999.0 -9999.0 -9999.0 -9999.0 -9999.0 -9999.0 -9999.0 -9999.0 -9999.0 -9999.0 -9999.0 -9999.0 -9999.0 -9999.0 -9999.0 -9999.0 -9999.0 -9999.0 -9999.0 -9999.0 -9999.0 -9999.0 -9999.0 -9999.0 -9999.0 -9999.0 -9999.0 -9999.0 -9999.0 -9999.0 -9999.0 -9999.0 -9999.0 -9999.0 -9999.0 -9999.0 -9999.0 -9999.0 -9999.0 -9999.0 -9999.0 -9999.0 -9999.0 -9999.0 -9999.0 -9999.0 -9999.0 -9999.0 -9999.0 -9999.0 -9999.0 -9999.0 -9999.0 -9999.0 -9999.0 -9999.0 -9999.0 -9999.0 -9999.0 -9999.0 -9999.0 -9999.0 -9999.0 -9999.0 -9999.0 -9999.0 -9999.0 -9999.0 -9999.0 -9999.0 -9999.0 -9999.0
-9999.0 -9999.0 -9999.0 -9999.0 -9999.0 -9999.0 -9999.0 -9999.0 -9999.0 -9999.0 -9999.0 -9999.0 -9999.0 -9999.0 -9999.0 -9999.0 -9999.0 -9999.0 -9999.0 -9999.0 -9999.0 -9999.0 -9999.0 -9999.0 -9999.0 -9999.0 -9999.0 -9999.0 -9999.0 -9999.0 -9999.0 -9999.0 -9999.0 -9999.0 -9999.0 -9999.0 -9999.0 -9999.0 -9999.0 -9999.0 -9999.0 -9999.0 -9999.0 -9999.0 -9999.0 -9999.0 -9999.0 -9999.0 -9999.0 -9999.0 -9999.0 -9999.0 -9999.0 -9999.0 -9999.0 -9999.0 -9999.0 -9999.0 -9999.0 -9999.0 -9999.0 -9999.0 -9999.0 -9999.0 -9999.0 -9999.0 -9999.0 -9999.0 -9999.0 -9999.0 -9999.0 -9999.0
315.8 294.4 370.8 404.3 403.3 456.6 502.9 574.0 553.6 599.3 615.9 508.8 423.3 473.4 524.0 582.5 599.8 562.1 494.7 435.0 456.6 488.0 520.1 563.5 622.2 695.5 753.6 798.7 823.8 836.9 855.1 916.7 1025.7 1108.6 1183.5 1252.2 1315.0 1367.9 1382.6 1373.6 1358.3 1324.5 1274.4 1220.9 1152.3 1057.3 994.4 944.5 880.1 820.5 775.3 741.1 783.0 825.5 831.6 768.3 737.6 719.3 664.1 580.5 512.4 584.4 622.6 679.6 725.8 767.4 809.5 845.1 815.1 755.2 690.5 630.8
334.2 354.6 399.1 405.6 442.6 503.1 541.0 595.3 604.5 625.1 660.5 550.6 471.4 514.8 556.4 623.2 676.0 630.0 524.5 531.9 540.3 552.0 570.2 614.1 661.3 708.8 766.1 829.8 896.8 969.3 1017.0 1060.2 1151.7 1241.3 1289.8 1294.4 1357.2 1445.6 1496.7 1489.3 1430.5 1369.1 1315.6 1211.8 1114.8 1050.7 988.6 931.4 886.2 830.2 770.6 692.7 664.8 723.7 762.6 717.0 635.6 616.2 623.4 534.0 507.5 565.1 601.4 651.9 702.8 748.6 815.0 874.7 819.1 759.7 707.7 702.2
402.2 427.2 471.5 430.8 482.8 532.9 587.2 652.7 659.2 661.6 702.2 591.7 496.0 556.1 593.4 696.1 717.6 647.1 567.0 597.2 619.6 666.4 671.0 682.8 732.9 795.1 844.6 886.5 933.9 1029.4 1102.2 1183.0 1273.3 1349.6 1390.8 1402.3 1458.2 1549.7 1614.4 1655.5 1557.7 1465.9 1361.2 1234.0 1135.7 1056.9 995.0 934.1 871.3 801.1 738.9 671.4 607.5 604.4 655.3 694.7 637.2 552.5 526.0 481.1 531.7 602.8 599.7 609.5 634.0 699.0 764.9 779.6 759.1 758.9 719.3 713.5
442.0 483.0 524.0 505.5 484.8 523.1 566.6 624.4 683.4 731.5 740.0 640.4 525.6 506.5 537.1 600.1 700.2 664.1 602.4 604.9 674.9 693.4 700.9 735.1 775.3 825.2 885.4 929.3 974.2 1027.8 1121.7 1229.0 1314.6 1380.4 1421.3 1455.6 1500.5 1613.5 1712.2 1692.4 1546.8 1420.2 1308.8 1216.3 1126.5 1024.7 992.8 925.0 861.0 799.2 741.7 688.3 631.1 568.4 540.0 561.5 552.7 501.3 468.7 460.7 529.2 577.7 530.7 551.0 614.4 679.5 691.9 694.2 672.7 687.9 683.5 617.1
406.1 455.1 499.8 549.5 585.4 594.6 642.4 662.9 710.4 762.5 733.8 669.1 612.8 579.9 546.1 553.4 571.0 640.1 670.3 625.2 665.4 709.8 733.7 765.0 800.7 837.5 899.8 958.6 1002.5 1059.3 1154.9 1269.7 1383.9 1467.6 1493.4 1481.1 1535.6 1614.3 1659.8 1604.3 1496.3 1341.0 1200.2 1112.9 1058.1 1007.1 966.2 930.2 893.5 844.2 802.8 749.0 664.8 611.9 605.2 567.8 532.9 543.1 530.8 458.9 490.4 578.6 555.8 495.2 563.3 598.5 614.1 610.0 575.5 628.6 629.6 574.2
475.1 527.5 558.8 588.4 627.8 676.2 727.9 754.1 773.4 803.3 813.9 775.8 745.7 682.2 605.2 648.3 645.4 627.1 734.2 684.7 641.4 701.7 722.1 755.2 787.3 860.0 926.5 989.4 1048.9 1115.4 1235.3 1341.5 1456.5 1569.3 1523.2 1464.1 1477.1 1517.5 1524.8 1496.4 1432.3 1309.9 1174.4 1096.3 1065.1 1018.3 969.0 920.0 901.0 880.9 839.2 788.6 739.6 693.8 627.1 642.4 655.1 615.2 544.7 469.2 442.1 484.4 486.0 463.0 478.5 504.4 514.7 517.3 532.8 589.9 597.5 533.9
513.9 571.6 623.7 674.9 702.3 738.2 779.4 820.7 849.2 929.8 887.0 847.7 824.5 739.3 707.8 750.2 743.6 649.9 718.6 735.5 685.3 689.5 693.5 734.3 769.5 807.4 907.8 1013.0 1136.8 1164.0 1208.9 1313.3 1372.1 1438.5 1421.0 1362.3 1376.9 1411.1 1431.2 1411.7 1340.7 1262.4 1179.4 1105.3 1085.2 1072.9 1038.4 997.0 960.5 920.2 866.9 796.1 739.3 683.4 615.6 585.4 652.5 629.2 544.9 496.4 448.5 422.3 435.0 444.1 472.0 476.7 495.5 532.4 594.2 619.6 614.4 571.1
481.8 538.1 594.5 667.6 737.6 860.4 901.7 907.5 908.5 955.8 950.8 905.7 849.0 832.8 806.3 822.8 784.0 673.3 730.8 776.1 747.5 726.2 728.6 727.0 762.1 800.7 927.8 1094.3 1165.6 1216.7 1214.8 1301.8 1292.2 1295.5 1320.9 1299.5 1241.6 1305.5 1359.3 1360.1 1298.8 1246.0 1165.2 1112.9 1080.3 1049.5 1007.7 996.8 968.5 888.4 836.4 781.9 730.2 687.1 603.5 541.3 548.3 615.4 571.4 498.2 455.9 420.7 411.0 446.5 461.0 476.0 519.3 556.7 624.6 634.7 586.2 513.7
455.0 526.2 588.2 641.6 704.2 797.5 950.9 1004.6 1001.2 994.1 959.6 918.5 902.1 915.5 897.1 883.0 807.4 725.2 781.7 824.6 817.9 809.7 785.0 763.5 843.0 890.4 984.4 1123.0 1098.2 1126.4 1122.7 1180.8 1198.9 1184.5 1214.1 1193.2 1155.1 1219.2 1294.5 1293.7 1240.4 1162.2 1140.6 1128.3 1099.3 1035.8 971.3 948.7 968.3 878.6 813.5 755.8 691.4 632.0 582.9 525.9 485.3 486.6 539.9 553.6 495.8 439.1 410.8 429.1 436.8 453.6 480.8 524.5 565.1 516.1 540.1 568.0
516.1 551.9 600.3 657.1 725.0 815.0 925.7 1008.5 1038.5 1080.5 1050.9 988.4 991.5 987.8 963.9 916.2 825.0 746.5 772.4 812.6 870.5 872.6 854.5 829.5 854.8 920.3 960.5 997.0 965.8 986.0 1015.1 1028.8 1069.1 1104.1 1170.3 1176.9 1108.0 1174.6 1216.1 1211.4 1192.1 1126.1 1089.2 1104.7 1089.7 1044.2 951.4 910.7 902.6 896.1 843.1 769.1 701.5 656.8 620.6 592.6 534.0 467.2 447.6 496.8 532.5 474.3 418.7 395.2 433.7 446.3 456.7 482.3 523.4 464.0 477.6 556.9
571.2 626.1 655.5 699.9 749.2 820.0 876.2 904.2 996.5 1094.7 1108.5 1041.4 1012.1 989.4 968.5 896.6 861.5 820.1 819.7 787.2 818.4 871.7 920.6 912.0 898.1 871.4 894.3 917.0 892.3 923.4 950.4 971.7 1008.1 1042.0 1098.1 1076.5 1029.5 1120.9 1160.0 1177.4 1163.1 1112.1 1044.4 1060.0 1056.5 1011.7 950.2 901.2 889.0 872.6 862.9 833.0 793.0 746.0 698.8 648.9 585.5 549.2 490.7 426.2 463.1 472.7 431.4 395.7 400.2 423.0 475.9 479.8 455.8 460.4 423.5 478.3
519.8 599.4 652.3 660.7 667.5 724.0 781.9 856.5 943.2 1042.7 1100.7 1078.5 1065.4 1024.9 976.8 988.3 976.4 919.3 886.7 841.9 854.8 839.8 903.2 951.8 908.0 878.2 835.3 854.4 852.5 895.3 918.8 931.8 958.7 973.0 979.3 930.3 932.7 1043.0 1083.0 1110.0 1094.0 1063.5 1015.4 1038.5 1040.5 1019.5 926.8 841.9 822.9 819.2 815.4 802.5 799.6 761.6 705.4 645.9 603.8 577.1 533.6 455.7 407.5 442.4 441.6 398.8 389.9 435.6 454.9 441.2 416.9 482.0 432.8 394.8
543.3 586.4 565.9 584.5 645.6 711.1 781.0 853.5 939.5 1046.1 1113.0 1166.0 1094.2 1047.8 1028.4 1044.9 1027.4 991.9 926.5 925.1 925.2 901.5 869.8 944.6 957.1 906.0 849.4 790.4 792.8 829.1 872.8 909.5 928.1 932.7 928.7 863.9 888.9 938.0 981.5 970.3 979.2 996.7 1010.8 1031.6 989.1 891.8 821.1 781.2 729.2 719.9 722.1 717.2 702.1 695.6 669.0 591.4 525.0 486.9 471.0 451.7 392.0 399.3 421.6 402.9 376.7 409.9 429.2 405.4 417.8 460.1 422.6 368.4
492.2 506.5 529.4 581.5 644.7 706.5 764.3 814.0 887.8 985.4 1064.6 1135.7 1103.6 1070.2 1057.1 1027.5 995.2 975.8 961.1 984.1 965.5 910.5 879.3 931.2 914.5 861.2 820.1 784.7 744.1 781.6 800.1 823.6 832.1 829.7 819.1 784.5 825.7 853.9 863.1 881.3 925.8 972.8 1000.1 998.4 958.2 859.3 765.7 701.3 658.0 636.2 634.8 625.1 626.2 601.8 591.4 575.7 536.5 472.5 429.2 420.2 414.4 392.2 376.6 376.7 376.5 397.3 415.8 389.8 403.6 420.2 366.1 382.4
415.8 503.8 580.1 634.3 640.8 630.4 671.2 738.2 823.6 917.5 1033.7 1095.2 1073.5 1064.1 1056.7 1027.4 1008.6 1030.0 1030.5 988.9 961.6 937.4 929.0 897.3 852.6 797.0 761.3 743.3 699.8 692.1 748.5 750.3 735.4 717.0 695.9 689.2 724.7 765.6 826.4 887.7 943.8 983.1 945.9 923.0 870.4 813.6 774.7 706.1 634.8 565.6 535.3 512.5 524.8 519.9 489.8 473.2 495.9 490.0 447.1 423.1 400.1 399.3 408.4 390.4 361.3 376.7 397.4 406.3 373.8 358.3 375.2 420.7
437.7 509.7 590.5 592.5 540.7 573.6 641.5 714.6 785.3 902.3 1028.8 1085.8 1034.8 1031.5 1051.9 1045.2 1068.3 1131.4 1121.3 1057.2 1029.5 1009.9 957.9 887.8 834.7 782.4 743.1 730.2 711.4 667.9 639.2 657.2 642.7 620.8 643.7 688.8 729.5 766.6 826.2 901.4 970.9 958.0 981.5 956.8 871.1 779.1 720.6 648.3 587.2 579.2 581.4 531.0 479.0 458.2 442.4 434.0 423.0 442.9 437.2 427.0 409.3 401.6 383.3 407.2 371.4 350.5 364.5 391.1 389.4 350.0 389.1 395.1
458.9 509.9 511.4 478.9 497.7 577.1 647.0 723.0 797.1 913.6 1028.8 1081.4 1049.4 1004.0 974.1 1037.2 1032.2 1100.1 1158.1 1142.9 1091.5 1036.8 986.5 929.1 870.2 839.5 793.4 751.0 701.2 656.9 623.1 602.3 585.1 616.0 640.5 665.8 674.1 740.7 826.0 897.1 949.1 981.8 981.0 921.3 848.6 755.5 670.3 660.7 666.4 667.5 597.2 533.8 505.0 517.8 516.3 498.8 438.7 406.0 414.0 419.5 419.1 416.9 407.1 388.5 380.8 364.3 345.7 343.2 343.4 339.9 353.1 357.9
431.2 438.9 417.7 464.0 525.9 578.0 640.6 723.8 822.0 885.1 978.8 1072.4 1054.3 1008.1 950.5 961.4 976.6 1052.0 1115.5 1134.6 1106.0 1069.1 1061.8 1020.4 927.5 866.3 816.5 768.9 724.7 687.1 645.6 582.3 584.8 598.7 604.1 606.3 667.9 738.7 790.6 851.5 914.5 938.7 915.8 879.8 815.7 761.3 728.3 763.4 755.9 682.1 595.4 592.1 584.1 545.0 491.4 452.7 429.9 415.0 397.1 392.5 395.9 400.8 395.8 392.7 376.6 357.1 358.9 361.1 357.5 340.0 330.0 333.7
380.3 380.0 402.3 493.1 555.2 625.5 696.5 711.0 774.0 846.9 925.7 993.7 998.5 993.6 989.3 925.0 878.9 974.5 1026.3 1050.1 1046.7 1024.2 1080.3 1046.8 961.8 910.1 874.8 827.1 770.4 697.8 619.7 582.0 626.5 683.5 679.7 640.0 639.8 675.0 712.9 786.5 848.0 834.3 835.9 879.2 876.9 852.8 825.2 827.9 770.9 713.4 695.4 664.9 569.0 505.4 473.5 500.8 496.5 485.9 446.6 401.5 380.2 376.5 374.9 361.3 369.7 373.2 383.9 383.6 358.5 361.5 358.9 334.6
478.3 477.6 433.8 449.0 544.9 614.9 676.4 662.8 728.4 778.6 841.2 919.9 941.3 924.2 928.5 882.1 843.9 911.3 947.8 979.4 983.1 1002.8 1036.9 1026.8 959.4 895.5 826.8 764.6 700.8 637.4 564.6 607.0 682.8 746.7 772.2 746.9 704.2 670.0 666.5 727.9 759.9 786.7 831.7 882.8 937.7 935.3 932.8 876.8 811.9 795.6 747.5 675.2 632.6 589.9 551.3 584.9 542.9 462.4 426.6 420.1 419.0 400.2 390.4 387.7 396.5 407.4 389.1 365.4 380.6 386.5 383.5 353.1
550.4 570.2 533.5 498.9 529.2 597.7 624.8 610.7 670.8 721.1 780.0 828.6 879.1 864.5 870.6 877.2 807.5 857.5 920.5 924.6 879.8 907.7 948.2 984.5 942.0 872.6 797.9 710.7 636.4 590.6 550.4 628.9 707.8 792.4 878.2 866.6 808.7 752.2 692.9 718.2 793.6 797.3 783.1 828.1 897.9 969.2 974.0 923.5 894.5 856.4 790.8 731.5 675.2 615.9 593.3 585.3 532.5 499.1 474.9 440.3 418.0 420.2 409.5 412.1 409.4 399.6 374.0 390.6 390.9 385.4 381.7 372.2
571.7 587.1 615.6 601.8 583.2 611.1 558.2 580.0 638.5 692.1 733.8 774.0 814.2 788.7 794.1 798.0 753.7 809.7 859.1 869.0 796.9 841.2 898.9 940.1 931.5 867.6 792.1 721.4 660.9 597.1 535.2 610.6 732.3 830.2 920.5 940.5 883.5 803.5 725.4 715.2 746.6 762.6 769.5 797.3 852.0 898.4 898.5 885.7 863.5 814.2 744.3 659.7 589.1 563.3 552.0 518.3 506.1 552.7 525.8 474.9 451.6 457.8 462.9 433.8 410.6 387.6 395.0 393.0 370.8 363.0 346.5 336.6
565.5 553.8 586.3 628.3 618.9 586.5 534.3 562.9 618.7 634.6 657.4 721.9 766.9 719.8 707.8 751.6 738.8 786.1 767.8 764.2 709.8 785.5 847.2 867.0 893.5 890.3 809.4 753.8 671.8 570.4 544.6 614.3 686.2 764.3 846.2 889.9 852.6 789.0 738.2 766.6 769.4 809.9 848.4 849.3 875.4 842.6 816.8 791.6 759.0 715.6 651.3 629.9 642.5 675.1 660.0 603.5 529.7 468.4 469.0 458.4 437.3 442.6 458.5 431.8 408.2 399.0 398.5 377.5 360.9 342.6 352.6 367.0
496.2 536.5 515.8 523.6 512.1 519.6 519.5 520.5 547.4 590.6 656.0 719.3 739.7 685.9 611.8 610.0 613.2 668.8 684.5 658.2 670.3 734.2 782.8 780.1 805.7 838.5 776.5 709.1 632.9 538.9 525.5 602.7 665.6 712.3 786.5 849.9 835.1 794.6 805.5 837.3 848.5 853.2 899.4 884.7 835.4 781.9 764.0 744.2 725.9 702.3 688.6 712.5 751.1 737.3 666.0 597.1 525.1 515.6 571.1 557.9 493.7 435.4 413.2 403.9 406.4 398.4 388.0 369.4 350.3 361.2 378.5 393.3
445.9 461.1 470.7 497.8 532.9 567.1 594.9 574.8 579.4 644.6 708.0 706.9 710.9 678.6 599.7 520.8 552.5 623.1 620.3 581.4 626.2 682.5 708.8 702.6 759.3 821.8 795.9 728.1 630.3 545.0 485.1 555.1 628.7 713.0 751.0 816.5 832.9 811.3 786.5 772.3 827.8 857.3 839.1 854.3 852.8 821.3 835.7 817.0 797.6 786.0 802.5 823.3 809.1 752.2 705.5 655.6 578.6 599.5 630.1 573.8 502.7 444.4 422.4 405.1 387.2 375.6 364.1 361.5 376.4 378.7 384.8 401.0
528.3 595.8 617.5 608.1 620.2 629.7 666.9 704.4 664.1 696.7 719.0 659.7 653.7 650.0 584.3 500.1 524.5 571.3 558.6 547.0 593.6 632.8 669.7 718.7 775.1 781.6 715.4 649.9 584.6 518.6 466.9 492.9 546.1 591.6 644.2 715.4 765.6 732.3 698.5 672.6 711.6 720.1 745.6 809.9 912.1 929.7 938.9 939.0 895.7 880.4 926.7 936.4 879.9 824.2 773.9 714.8 650.8 647.6 603.3 541.0 484.5 449.8 421.0 402.5 393.4 387.4 371.6 383.4 408.8 412.8 413.1 438.5
532.2 612.1 688.7 766.6 777.8 727.9 733.5 728.6 673.2 689.1 673.5 580.5 600.1 601.1 535.2 468.5 481.7 529.8 569.6 596.0 631.2 674.1 734.4 755.0 783.9 793.3 730.0 672.2 621.9 563.9 515.1 465.9 447.6 504.2 581.7 653.5 690.4 644.5 595.9 567.0 603.0 669.3 739.6 806.7 897.4 1015.0 1062.2 1060.1 984.7 1011.2 1098.5 1071.0 975.3 866.8 783.4 725.2 703.3 663.6 610.5 560.5 501.4 445.2 430.3 420.4 411.8 410.4 382.1 380.6 397.6 418.5 446.8 473.8
475.9 540.8 622.9 730.3 797.4 784.6 750.0 679.9 606.5 592.0 561.7 505.3 569.0 578.7 496.9 442.8 507.0 574.6 600.5 654.0 684.6 694.4 712.0 744.7 786.1 834.0 793.8 713.7 659.2 607.1 556.5 495.7 431.5 447.1 519.1 573.9 579.9 544.8 506.7 534.0 595.5 657.6 714.1 750.0 852.5 960.8 1041.5 1061.5 1053.2 1069.8 1027.2 970.7 908.3 841.6 776.5 711.0 668.2 645.0 622.8 612.2 545.3 475.8 447.3 453.6 452.4 444.0 414.3 382.7 400.1 415.4 454.0 436.4
452.2 505.5 598.6 691.5 736.6 748.8 754.5 683.0 598.4 548.7 546.8 499.4 483.4 531.3 470.7 429.8 500.5 532.9 596.2 631.8 650.1 669.4 730.9 790.7 798.4 848.8 874.2 760.7 689.5 621.2 566.8 517.9 472.8 412.5 435.0 477.6 460.1 457.8 502.1 564.2 614.8 641.3 651.5 696.4 805.0 888.0 947.3 952.0 970.4 978.9 942.1 899.6 830.7 787.7 738.9 677.2 615.0 599.9 567.9 561.3 517.9 470.5 460.4 478.1 428.9 416.4 401.8 398.6 414.0 449.0 488.8 453.5
543.1 499.3 561.5 615.1 667.3 724.9 722.8 668.1 608.7 625.8 600.7 528.4 456.8 515.2 480.1 421.9 446.3 522.0 561.2 573.2 635.5 708.2 777.8 808.8 795.2 802.5 854.0 781.3 707.5 656.9 623.6 576.4 511.5 446.8 392.2 413.2 466.3 519.3 546.7 560.6 576.5 603.3 651.3 748.1 851.1 901.2 888.4 851.9 877.2 895.5 877.8 823.7 776.3 734.7 688.4 662.1 648.3 654.5 602.5 552.5 546.8 539.4 524.7 520.6 470.5 474.2 454.3 464.9 469.0 487.6 513.3 508.9
