data/case_study_destine/merger_hmc_by_domain/geo/LazioDomain.dem.txt
ncols   256
nrows   238
xllcorner    11.0658
yllcorner    41.7203
cellsize    0.005016
NODATA_value -9999
[rows 64 to 95 of 238, columns 72 to 143 of 256]
173.0 163.2 196.8 204.0 217.2 224.8 229.5 277.3 303.5 344.9 379.0 393.4 404.2 399.5 402.5 383.0 402.8 421.5 429.1 394.5 354.8 332.8 320.2 343.3 375.8 415.4 414.4 440.4 430.9 397.1 355.1 295.9 256.0 219.3 220.7 248.6 267.2 256.4 264.7 283.9 290.3 298.7 320.8 322.0 310.8 303.8 287.6 291.7 300.8 305.2 337.6 365.7 359.8 369.3 396.8 422.4 445.7 468.9 485.4 496.5 500.3 501.4 500.1 512.7 482.0 489.8 521.2 514.2 500.4 486.5 491.6 473.8
174.5 179.6 196.9 197.6 221.9 260.5 287.4 278.7 308.9 359.5 383.0 399.8 387.2 356.8 341.6 369.9 410.0 450.7 447.1 407.7 355.2 337.0 330.5 349.7 370.3 364.1 331.6 330.5 362.2 361.4 322.1 294.7 260.8 216.6 196.1 243.5 243.4 251.1 275.8 291.7 304.2 328.6 327.3 323.5 315.5 313.1 312.2 328.2 344.4 349.1 339.2 342.8 360.7 378.5 394.1 416.6 434.6 457.3 477.4 474.5 475.7 469.8 469.9 474.8 455.7 464.7 488.5 488.1 477.2 459.6 473.6 464.6
164.1 173.0 170.1 191.3 199.1 236.0 269.9 306.2 327.0 361.2 377.6 352.4 338.6 330.5 320.0 353.8 383.4 391.5 395.6 405.7 399.3 382.6 353.1 372.4 381.8 368.9 307.9 268.0 297.0 381.5 392.0 350.1 280.2 215.3 198.4 239.5 252.0 256.2 277.4 289.8 305.4 315.0 309.0 310.4 308.5 311.1 316.3 323.6 326.8 322.0 333.7 366.7 374.8 385.0 409.6 429.8 441.1 458.2 473.7 476.3 472.6 461.4 456.7 437.3 431.0 450.0 454.3 454.5 448.6 449.9 459.0 456.9
157.7 155.3 162.1 177.1 212.1 209.2 249.7 264.8 285.9 307.3 315.6 311.6 313.2 310.9 319.5 361.5 373.8 356.8 338.5 363.7 407.6 400.4 353.8 336.3 336.5 367.8 348.0 275.9 239.0 298.0 336.3 294.5 267.6 244.1 203.2 231.8 245.7 257.6 266.6 286.5 297.0 292.6 290.8 303.5 304.1 302.4 311.5 315.2 329.2 347.4 372.1 385.8 391.4 396.5 410.6 437.3 447.8 461.3 467.8 452.3 419.9 412.9 416.5 407.6 439.3 439.3 435.3 433.3 437.2 451.9 445.1 443.5
143.7 148.9 152.2 158.7 190.4 209.7 215.8 229.4 262.0 294.3 314.2 293.6 268.3 293.7 332.5 376.4 339.4 340.9 305.4 316.2 348.9 351.6 318.3 306.7 284.5 308.3 313.4 284.3 217.9 205.4 215.4 210.0 191.8 195.9 199.9 238.1 254.9 268.0 273.7 273.2 273.7 286.9 295.3 296.5 294.9 321.1 343.3 347.7 350.7 366.3 380.8 390.9 387.0 382.4 399.6 428.0 425.6 420.0 404.0 401.0 440.4 431.6 439.3 443.0 414.7 408.8 401.3 436.0 447.3 442.6 452.9 449.3
141.0 172.6 173.8 169.9 178.0 194.5 208.7 218.1 269.9 237.1 244.2 249.1 279.7 308.5 295.7 322.8 291.8 291.4 289.9 307.7 320.8 324.9 313.1 280.6 268.9 242.3 230.4 223.6 212.1 190.5 193.9 205.0 225.1 239.3 237.6 251.1 266.0 268.7 262.9 273.9 270.4 275.2 284.1 295.9 313.3 329.6 347.9 358.3 374.4 380.6 384.9 385.3 373.1 373.0 386.1 384.7 348.4 388.8 420.6 438.8 462.0 485.3 494.6 484.1 462.6 441.1 419.3 421.7 440.6 447.4 461.2 457.0
150.3 170.4 164.3 170.2 178.7 192.2 215.2 196.4 219.4 190.2 220.6 248.6 257.7 272.2 257.7 262.7 268.7 283.7 302.6 303.9 299.4 301.6 322.0 307.7 296.4 309.1 273.5 271.0 263.1 200.7 184.3 229.2 228.0 231.9 240.8 251.3 259.7 242.1 252.1 260.1 284.1 288.9 302.1 306.0 304.9 332.1 356.1 368.2 379.4 384.9 385.3 375.6 363.4 362.6 359.5 314.9 368.4 399.0 407.3 430.4 450.3 466.4 471.1 482.0 473.5 459.2 452.8 452.6 464.0 468.3 476.3 487.8
162.8 170.4 151.2 162.5 177.2 176.7 181.1 165.3 171.3 186.8 199.2 212.6 207.8 232.2 259.5 275.0 290.4 285.3 294.0 293.7 290.4 294.3 297.2 303.2 321.1 354.8 343.9 314.2 293.4 207.0 166.0 192.5 221.3 227.9 225.5 227.0 232.2 231.0 257.1 273.9 272.3 286.6 285.7 296.9 317.8 337.8 343.9 361.9 372.6 375.9 375.2 369.3 358.0 328.8 286.1 326.0 363.3 376.2 399.9 421.7 430.4 442.0 454.6 463.2 467.8 476.4 501.2 489.3 501.6 494.9 502.1 516.8
152.5 140.4 149.1 176.5 197.4 150.8 159.2 174.5 189.7 203.3 227.2 256.8 237.4 242.7 257.1 284.3 290.1 286.5 281.7 285.7 288.9 296.7 301.5 303.3 309.9 324.5 346.9 322.4 308.5 221.9 159.1 175.1 201.1 204.1 217.0 227.9 226.6 246.5 257.9 257.6 261.1 269.7 277.6 297.1 325.0 340.3 340.9 347.7 356.9 365.1 367.3 354.1 327.0 279.9 306.1 333.1 349.2 369.0 396.3 417.0 432.2 438.4 435.9 446.6 454.5 481.6 508.4 497.8 496.2 488.4 496.5 515.6
148.4 149.6 168.4 199.9 160.1 142.7 165.9 203.4 180.3 209.8 224.2 274.5 282.1 240.2 265.9 267.5 264.1 272.7 280.3 292.1 303.9 299.7 310.4 311.5 293.6 281.9 325.7 315.5 267.6 211.0 167.0 161.5 190.5 223.1 221.2 214.7 227.7 242.9 244.2 246.7 263.1 273.9 275.8 280.0 304.3 317.6 316.1 320.3 332.5 339.3 335.9 314.3 269.9 298.5 318.4 322.5 338.6 353.1 379.5 398.1 406.7 417.8 417.4 407.7 419.5 454.3 472.3 485.4 496.0 490.7 500.0 516.1
142.2 150.3 158.1 154.5 126.0 146.1 154.7 150.9 155.5 213.8 250.2 287.8 302.6 258.9 252.8 260.4 280.5 297.3 292.8 307.4 311.8 311.4 322.9 303.8 297.8 284.2 253.6 252.4 226.9 185.5 170.8 162.9 182.6 212.6 185.1 232.3 233.8 232.4 244.9 249.8 261.1 265.7 266.2 270.8 281.3 290.3 286.9 299.7 271.3 262.8 247.3 260.9 293.9 324.0 348.6 351.3 365.8 369.5 387.1 404.6 405.3 391.4 396.4 434.5 451.6 466.9 477.1 479.4 478.0 484.3 513.4 517.2
131.8 141.0 121.1 122.0 140.3 157.5 171.7 187.2 178.0 179.2 233.4 287.0 278.2 261.8 283.6 303.2 324.2 326.7 308.9 318.4 333.1 324.1 330.0 319.5 342.1 335.9 307.7 277.0 245.0 217.1 212.0 186.6 154.3 171.4 171.1 216.2 225.3 237.8 240.8 240.3 220.6 245.8 256.9 257.5 250.1 260.9 255.3 256.8 275.6 294.1 285.4 291.5 303.0 306.4 309.8 315.4 326.8 344.8 361.4 374.1 366.5 397.6 426.7 444.3 448.3 464.2 461.6 460.5 485.3 503.4 503.7 495.4
109.4 117.9 130.9 142.1 146.7 152.6 175.7 235.6 252.0 201.3 205.4 224.6 221.4 239.9 264.5 289.9 325.8 326.9 334.7 389.9 397.4 355.7 341.1 332.0 361.8 381.9 376.7 313.5 297.5 282.4 295.9 254.7 193.2 156.6 168.7 210.1 230.0 235.2 231.6 209.4 221.2 229.0 226.0 231.7 245.5 249.2 281.5 287.1 300.5 307.9 317.6 321.6 328.5 330.3 330.9 342.8 346.6 356.8 367.9 369.9 379.9 383.0 403.6 427.5 441.8 437.7 429.7 456.2 478.9 482.0 471.6 496.5
117.4 117.1 123.4 139.8 141.9 150.9 163.4 198.3 244.1 267.8 251.0 233.3 257.7 272.9 281.6 279.0 292.5 305.9 334.9 376.3 427.2 417.9 373.8 367.8 364.8 414.6 388.0 361.1 407.9 400.2 399.4 343.8 302.2 262.3 194.4 158.6 203.4 216.0 192.0 231.4 252.2 253.6 238.6 254.7 266.1 277.8 289.7 296.9 302.7 305.4 320.6 337.7 332.4 329.4 330.2 333.1 345.3 362.0 367.7 368.9 381.4 390.2 401.0 414.9 409.9 406.4 435.6 454.7 446.3 440.7 464.8 452.0
137.9 145.3 129.5 129.7 139.2 144.7 155.7 187.5 233.9 260.2 252.0 290.8 289.3 247.2 248.5 250.5 272.0 287.7 343.4 375.9 401.1 405.0 409.7 411.2 403.0 434.9 406.0 429.9 421.8 373.6 349.2 377.0 321.0 238.3 209.2 163.1 185.6 201.6 221.0 244.2 255.9 265.9 260.5 265.7 274.4 285.2 279.7 277.3 284.8 294.2 307.3 314.8 309.2 322.6 337.1 342.1 352.9 366.2 377.7 382.5 391.4 402.8 402.7 386.6 411.9 430.0 432.9 404.2 417.2 431.9 421.5 480.1
132.9 144.1 150.8 144.9 141.7 144.4 144.1 151.6 182.8 202.4 236.0 275.7 249.3 216.6 215.1 221.3 235.8 258.4 289.9 301.7 327.1 337.7 377.3 398.6 416.6 466.4 478.4 466.0 409.2 384.7 334.0 288.2 279.3 317.0 265.0 234.7 161.6 191.5 231.4 237.1 250.0 254.8 259.5 254.8 261.6 265.9 269.8 292.1 303.6 303.8 304.6 308.0 322.8 347.3 350.6 343.6 356.3 364.7 376.3 383.2 382.8 368.4 365.9 377.8 404.1 417.3 373.7 374.2 386.6 419.9 454.9 475.0
121.6 127.8 146.9 153.8 159.6 163.3 179.2 181.2 183.0 172.8 200.0 215.0 229.6 216.8 202.0 214.7 231.1 241.3 257.8 259.0 268.1 279.8 292.6 335.8 387.4 430.7 445.3 508.0 502.3 470.2 409.5 369.1 394.5 361.4 323.3 298.1 186.2 156.8 167.7 201.9 223.8 234.1 243.4 260.1 273.0 279.6 285.6 293.9 301.2 307.8 316.3 321.2 322.2 327.0 331.3 333.8 341.6 350.6 356.9 356.1 347.6 365.7 392.6 384.8 393.4 398.7 356.7 379.3 408.0 442.6 458.0 467.5
143.9 135.9 135.5 150.4 162.4 172.9 195.7 221.5 269.8 240.9 196.4 196.7 196.7 189.2 221.7 232.8 260.9 241.5 222.0 237.6 251.0 256.1 261.0 283.5 321.0 353.0 410.6 445.1 453.9 414.1 451.1 488.5 449.5 405.7 343.4 256.9 228.6 248.1 224.7 161.7 230.1 245.8 255.8 261.4 267.0 273.5 281.9 289.1 286.3 294.1 317.4 322.3 313.4 317.6 321.6 327.4 333.6 338.2 342.5 353.6 367.5 376.7 371.8 379.2 377.1 350.0 353.4 388.0 430.8 445.6 454.2 457.6
150.9 152.3 148.0 137.1 155.2 173.7 225.7 257.8 270.2 243.8 215.7 227.2 239.6 239.3 219.1 271.1 276.0 267.3 253.2 228.1 216.4 227.3 237.9 245.9 266.2 293.0 325.8 383.1 343.1 360.6 439.1 507.6 418.5 362.7 326.4 336.8 283.8 231.3 172.3 175.2 224.9 234.2 241.4 250.0 256.8 266.1 268.8 267.9 279.7 301.6 308.0 314.0 321.5 328.8 333.3 335.2 343.7 349.4 348.2 356.4 368.2 366.1 352.0 335.6 347.2 343.4 387.3 408.5 428.1 435.6 418.9 424.2
160.5 160.6 158.8 155.6 154.8 163.9 199.0 215.8 201.4 220.3 230.2 230.5 263.6 286.0 252.5 257.3 274.8 280.7 284.3 287.3 267.3 227.1 205.3 241.0 244.2 249.0 260.8 279.4 354.4 417.8 454.5 474.3 416.8 351.6 340.8 329.1 278.9 213.6 179.8 172.3 204.8 216.7 232.7 244.5 250.7 258.0 267.5 275.9 299.3 314.1 322.1 323.8 322.8 326.4 333.2 339.1 344.3 342.1 346.0 354.2 354.8 345.1 307.1 304.0 330.6 377.2 380.3 391.1 411.8 393.4 401.0 400.0
166.9 166.0 172.5 165.1 166.1 174.1 180.7 186.4 184.3 204.9 232.5 235.1 253.3 267.4 271.2 269.4 262.3 289.1 307.0 342.6 332.3 290.6 230.6 195.1 213.0 234.0 223.6 261.4 294.8 333.7 366.2 389.7 428.8 377.6 321.7 273.6 220.6 181.1 148.7 169.0 217.0 231.3 245.5 258.0 264.3 265.3 271.1 286.2 309.1 320.5 322.4 324.1 323.5 326.7 331.3 340.5 337.0 339.6 343.5 349.4 340.0 330.1 314.7 351.9 342.1 347.5 352.6 375.2 375.3 369.1 378.6 381.2
181.1 186.9 181.0 174.9 167.1 167.2 175.3 180.6 190.8 190.6 207.9 210.1 209.5 218.6 231.5 259.9 261.1 313.8 342.7 355.5 332.8 295.7 254.0 210.0 182.6 202.8 218.0 237.7 246.3 263.5 310.9 367.2 353.1 386.0 334.6 272.8 195.1 136.1 144.2 186.0 210.5 221.1 235.6 252.3 258.3 265.5 278.4 296.5 304.8 304.7 310.1 317.6 317.5 324.4 328.0 328.0 335.7 332.2 340.2 341.4 309.7 296.2 340.2 333.7 317.2 322.0 345.9 347.6 349.3 357.0 364.4 358.2
204.3 203.3 196.4 187.5 176.3 170.5 195.1 199.6 196.6 186.8 188.7 184.8 179.0 197.4 214.9 236.9 244.0 287.5 295.7 299.4 333.2 335.5 306.7 243.9 186.6 178.2 196.0 208.7 218.5 224.2 252.3 298.9 327.6 289.7 335.1 263.7 185.1 136.7 146.1 182.3 202.2 207.8 217.5 232.5 245.4 263.9 283.8 293.4 297.6 295.9 304.8 306.3 312.4 318.3 322.4 331.9 331.9 320.4 332.2 333.5 286.3 303.0 326.6 308.5 297.2 301.7 321.4 324.5 336.8 331.2 362.3 344.1
267.2 260.1 226.8 201.0 186.4 196.3 201.2 210.7 208.3 196.4 191.8 171.2 182.9 215.0 213.4 221.3 231.5 240.0 230.4 278.1 315.9 371.0 385.6 287.7 216.6 173.4 176.2 175.6 199.2 196.3 205.6 226.4 272.8 265.2 307.5 282.8 190.7 140.1 145.6 180.8 192.3 199.7 205.1 217.8 223.7 239.1 256.5 268.2 274.5 280.1 290.1 300.8 309.6 315.9 323.1 328.8 331.9 325.0 312.5 313.2 280.2 284.2 316.9 307.7 277.0 304.1 307.3 312.1 310.3 341.2 348.7 314.3
386.7 358.2 267.2 223.5 183.7 189.0 201.4 213.0 215.2 186.4 174.3 169.9 195.4 218.8 236.6 264.7 275.2 276.7 251.7 206.4 249.5 287.9 336.9 289.8 256.3 190.4 159.9 158.4 187.6 175.7 179.9 204.2 230.5 252.8 228.6 222.4 182.0 129.1 149.7 175.6 187.2 200.7 204.7 210.2 219.5 225.8 231.5 238.7 248.5 261.0 273.3 290.1 333.2 355.1 346.1 335.8 320.5 310.3 312.4 298.9 276.6 271.5 300.6 266.3 281.7 304.0 289.3 289.0 314.0 328.1 342.1 288.3
419.8 397.0 320.3 245.0 195.1 174.3 177.5 202.4 200.6 201.9 184.0 167.1 209.1 239.6 259.7 283.3 296.5 301.9 270.5 208.9 195.4 223.5 250.5 249.8 224.0 207.9 179.2 146.7 165.9 168.7 187.3 191.5 193.0 226.2 238.7 185.1 140.0 132.9 153.1 168.7 177.4 193.4 203.4 207.2 215.3 215.9 217.0 223.8 224.6 232.7 254.5 289.1 377.6 436.0 384.2 358.5 332.9 310.0 296.7 295.7 269.9 242.2 268.7 255.4 293.4 277.7 264.5 284.2 322.1 334.0 310.9 293.0
286.1 305.3 256.2 211.8 184.2 165.7 183.7 186.2 187.5 169.3 146.7 173.4 215.2 219.5 271.9 291.6 267.6 265.5 259.9 198.5 173.0 189.1 194.7 194.2 190.1 174.9 157.5 137.4 152.9 165.7 176.4 173.8 187.8 210.9 211.1 179.1 144.6 122.5 150.9 164.1 170.5 177.3 191.2 199.0 201.2 203.9 206.4 205.8 212.7 220.1 234.7 279.3 334.6 402.7 431.0 431.0 355.4 309.8 288.1 265.6 265.2 221.7 248.9 274.5 277.1 250.8 254.7 285.1 300.3 305.4 275.5 296.7
225.4 246.4 257.0 224.3 184.3 161.9 169.9 175.1 170.2 159.5 143.4 166.9 191.5 190.7 242.0 254.1 219.5 242.9 232.8 193.5 152.5 171.6 167.8 175.8 170.8 171.0 147.7 128.8 154.0 165.3 161.9 165.0 177.5 197.9 191.1 159.3 139.5 126.5 153.3 160.7 166.1 170.9 176.4 182.1 186.4 183.6 173.6 182.5 190.4 195.0 203.9 224.5 276.7 337.9 332.8 347.4 338.6 312.7 305.9 254.2 233.5 229.1 262.5 267.1 260.9 245.6 246.7 264.4 280.6 277.3 268.8 287.9
214.6 207.6 199.1 175.3 169.7 164.6 148.8 151.4 146.2 157.7 135.5 149.2 156.2 153.7 171.7 182.7 195.3 205.9 180.5 177.8 144.4 155.7 152.2 160.0 156.3 159.4 144.1 128.9 153.7 156.0 151.1 150.6 156.9 174.1 170.8 149.1 134.8 122.2 150.7 156.6 161.8 167.6 171.2 170.9 162.9 171.5 180.2 182.1 183.0 182.3 184.5 190.0 211.8 241.6 273.0 291.0 291.0 264.8 284.1 264.6 208.0 249.4 252.7 245.0 250.4 226.3 239.2 258.8 266.6 248.4 263.9 271.5
155.4 179.7 171.3 156.1 145.4 157.2 157.9 148.0 139.7 133.5 132.4 140.4 138.2 138.8 148.8 155.3 155.1 150.4 150.6 156.6 141.0 151.1 141.4 144.0 148.2 140.0 121.6 133.1 151.9 143.4 136.4 137.3 151.5 156.6 151.9 149.6 133.0 117.5 140.2 150.1 155.3 157.5 155.2 161.7 171.4 175.8 177.5 178.5 178.3 178.6 178.5 180.1 185.3 201.5 219.5 235.3 242.6 236.4 255.8 212.4 221.8 240.1 241.6 228.2 233.8 226.8 221.9 248.1 244.5 238.2 252.2 254.7
114.6 132.0 130.3 136.8 137.0 133.9 149.3 161.5 167.7 142.5 124.3 134.4 115.4 135.4 136.6 145.9 143.0 134.7 129.0 127.8 142.6 136.6 135.4 132.6 136.7 129.9 109.8 137.2 146.4 120.4 131.8 140.6 144.7 146.2 141.3 139.5 130.4 109.7 120.6 118.8 135.2 159.6 164.0 167.7 170.7 172.6 174.2 175.8 176.7 176.1 175.7 176.8 177.5 186.8 193.7 199.3 204.7 224.8 204.5 202.9 222.7 228.3 224.6 218.4 212.7 223.0 210.9 231.7 222.9 239.3 246.6 238.0
100.4 97.4 106.6 118.9 144.7 124.5 136.8 155.1 159.7 135.9 107.3 120.6 105.3 123.3 130.7 129.7 130.1 118.5 112.8 129.7 130.5 128.7 142.8 129.5 124.6 112.3 116.5 139.5 118.8 130.8 138.7 134.8 142.5 148.1 139.9 132.4 138.2 109.5 109.4 121.5 113.7 152.2 160.5 163.1 167.6 170.3 173.4 173.3 174.6 173.5 173.3 173.3 176.1 171.4 177.5 176.9 166.4 172.7 173.0 200.7 215.4 212.8 212.5 206.9 195.5 206.6 218.2 230.4 215.4 233.6 232.8 226.5
