data/case_study_destine/merger_hmc_by_domain/geo/LazioDomain.dem.txt
ncols   256
nrows   238
xllcorner    11.0658
yllcorner    41.7203
cellsize    0.005016
NODATA_value -9999
[rows 96 to 127 of 238, columns 72 to 143 of 256]
99.9 83.0 92.6 110.3 109.9 109.5 124.7 149.7 141.7 117.4 101.0 120.7 97.6 113.0 123.4 121.9 114.9 104.6 117.9 118.9 107.2 124.0 136.8 128.9 116.0 98.7 128.6 116.6 123.2 135.1 141.2 134.3 152.8 152.7 149.5 128.0 136.0 132.9 129.9 127.8 112.6 143.9 153.8 157.6 163.9 165.0 163.9 167.3 170.6 170.5 170.2 170.1 170.2 158.8 153.5 142.5 152.7 169.6 181.5 193.1 198.6 199.2 184.6 185.5 203.3 187.2 216.8 200.8 219.6 228.6 216.2 230.3
88.4 72.7 85.8 93.7 99.4 101.8 127.5 143.7 118.9 105.9 92.3 102.0 95.3 110.9 114.3 112.1 100.6 94.3 115.9 99.7 111.4 125.5 125.1 116.5 104.3 103.4 125.0 107.3 127.2 141.5 143.0 131.2 147.1 144.2 138.2 126.4 130.6 137.2 125.1 129.4 122.2 120.5 144.4 151.7 156.6 159.9 159.8 162.0 167.0 167.4 166.0 165.2 158.5 144.0 131.4 152.3 161.7 171.5 180.3 182.4 182.2 169.6 182.1 201.4 203.8 179.3 193.8 201.8 219.0 220.2 210.0 222.9
82.2 66.5 84.4 90.3 92.0 93.4 100.1 103.7 101.2 95.0 81.9 96.0 80.4 99.0 100.8 86.8 94.9 104.1 108.2 88.7 113.5 116.4 116.0 106.1 90.9 112.6 108.7 112.6 131.3 133.8 135.6 127.6 139.5 132.9 126.0 122.5 124.5 134.4 126.4 121.8 119.8 92.1 128.0 142.6 148.6 156.4 154.3 165.9 168.8 160.6 158.0 154.6 147.0 138.7 127.3 156.4 162.6 167.6 175.0 172.3 164.4 190.8 190.1 198.5 193.5 173.2 186.4 205.5 211.0 212.6 203.8 207.5
78.7 60.9 81.5 79.1 78.8 85.2 87.2 91.5 86.3 74.7 89.6 93.2 87.9 76.1 83.1 85.7 100.6 101.6 90.7 95.6 107.0 104.9 106.7 87.0 97.1 114.2 96.7 115.2 121.5 129.2 123.1 124.9 129.7 113.0 100.5 115.4 124.8 119.5 120.4 124.0 118.6 80.9 125.3 136.1 137.5 140.9 144.7 147.4 151.2 150.8 149.9 146.1 140.8 124.0 139.9 152.9 157.6 151.0 154.4 164.5 180.9 183.9 186.0 190.6 186.4 159.6 188.9 199.9 203.0 205.6 184.6 169.0
69.4 59.2 75.3 64.8 77.4 79.1 78.3 71.2 70.9 83.6 89.5 86.3 84.0 71.4 73.2 88.9 94.3 91.6 76.7 95.6 96.6 98.9 90.0 87.0 99.7 104.5 91.5 114.4 117.5 121.2 113.0 113.2 99.9 105.2 120.9 129.9 132.4 121.3 101.3 101.5 105.6 92.5 124.4 130.2 130.9 131.8 133.4 134.3 137.3 137.5 137.6 136.2 123.6 118.2 137.3 140.3 140.7 160.3 173.1 173.8 178.2 174.3 177.9 184.5 167.4 166.4 188.3 193.4 191.8 184.7 155.7 177.6
56.0 68.8 67.9 65.4 74.5 64.8 63.2 74.3 80.4 85.1 87.5 81.2 70.0 78.0 72.5 82.5 87.2 78.2 78.1 88.0 91.8 96.3 81.0 90.2 98.4 85.3 93.9 106.0 110.4 113.1 107.1 92.9 106.0 121.1 127.1 129.8 132.1 121.7 109.4 93.5 71.0 95.8 121.7 119.3 115.4 119.7 121.6 127.7 121.9 118.8 116.6 114.8 122.9 133.3 139.5 147.1 161.9 174.5 176.8 166.9 171.1 166.1 172.0 165.9 149.9 176.2 184.1 182.2 166.4 158.1 175.5 178.2
51.5 61.2 55.2 68.2 64.7 61.3 74.8 78.2 77.3 79.3 85.0 82.2 62.6 78.7 63.9 81.1 84.0 66.6 79.7 86.5 91.2 91.8 76.0 86.5 85.6 87.5 98.9 102.1 104.3 107.2 96.6 92.1 114.2 118.4 118.1 118.2 125.3 129.6 114.0 86.1 69.9 78.3 116.5 88.1 110.6 114.1 115.1 113.6 116.7 112.4 117.2 120.0 140.4 148.3 153.8 157.8 163.1 175.4 190.3 162.4 161.7 158.5 151.8 139.7 165.0 176.2 175.5 169.3 149.3 158.2 157.2 165.1
65.1 61.0 54.1 52.8 52.0 66.3 72.2 76.6 71.8 78.0 81.0 80.2 61.0 71.3 66.9 75.7 63.1 69.7 80.5 84.7 84.2 89.4 80.3 72.9 73.3 92.6 94.1 95.2 101.1 100.2 86.6 92.2 103.4 106.7 108.2 115.5 120.4 126.9 113.1 95.3 83.1 65.4 90.6 82.8 118.9 124.4 124.4 118.5 115.6 122.5 131.1 136.9 143.3 148.3 148.7 150.3 159.3 173.1 177.3 151.6 149.1 134.9 137.7 158.8 164.2 161.2 145.9 144.4 142.1 156.1 172.9 199.6
49.6 55.5 62.0 64.0 57.5 54.2 67.0 72.2 66.9 73.5 77.4 78.0 68.7 58.3 55.5 60.1 73.8 79.1 78.9 71.5 83.3 89.4 82.5 66.8 82.5 89.2 88.4 92.9 96.3 95.2 72.4 88.1 95.8 102.6 111.8 116.1 119.5 123.5 126.7 119.1 89.9 76.9 66.5 93.7 119.5 124.7 124.9 109.8 127.4 129.8 131.7 134.6 138.4 140.2 141.4 148.8 156.4 161.4 152.5 130.5 122.2 141.4 152.5 139.0 144.1 150.0 150.0 155.1 147.2 173.3 191.0 210.3
-9999.0 -9999.0 54.5 51.3 48.8 60.3 64.4 64.2 65.6 70.0 71.4 70.5 75.2 67.2 55.5 74.3 79.8 81.0 65.4 72.4 83.1 82.3 65.7 76.7 84.1 82.7 85.4 88.3 82.7 71.7 79.8 95.6 102.8 102.4 105.9 110.5 116.1 119.6 122.2 122.6 104.6 89.3 67.5 99.9 120.0 122.7 120.2 114.8 126.8 122.8 126.9 130.0 131.4 139.4 149.2 156.2 152.7 141.7 123.9 123.5 141.5 154.9 131.0 135.7 161.2 166.7 189.9 183.4 150.1 177.5 189.7 193.2
-9999.0 -9999.0 -9999.0 -9999.0 -9999.0 62.1 62.3 63.7 66.0 70.2 69.5 68.7 67.5 64.8 54.5 71.1 80.0 76.4 57.1 76.0 81.2 66.2 68.3 78.8 81.9 76.0 73.1 68.2 76.2 85.1 89.7 95.9 96.5 101.0 107.3 109.2 111.1 107.2 101.7 103.1 115.2 116.3 95.8 72.4 110.0 117.8 107.6 113.0 115.2 117.9 122.2 127.3 138.9 144.0 144.1 149.4 132.4 134.7 111.5 140.2 136.3 129.0 126.1 149.4 162.9 183.2 201.6 184.0 169.1 184.3 203.8 196.0
-9999.0 -9999.0 -9999.0 -9999.0 -9999.0 -9999.0 -9999.0 -9999.0 62.4 63.4 64.3 65.9 63.5 51.7 58.9 68.5 65.2 53.3 61.7 76.8 68.2 56.8 69.0 63.4 62.4 63.9 66.3 63.4 77.0 84.9 80.5 78.6 88.4 98.3 103.5 104.5 97.3 85.2 78.4 78.5 82.2 88.5 81.2 69.7 98.8 95.6 91.5 102.2 112.6 131.9 133.6 136.3 138.4 135.5 139.9 142.3 126.2 119.3 104.8 116.3 119.7 136.0 142.3 156.1 152.8 181.6 198.8 186.3 183.6 185.3 201.5 214.3
-9999.0 -9999.0 -9999.0 -9999.0 -9999.0 -9999.0 -9999.0 -9999.0 -9999.0 -9999.0 -9999.0 61.8 60.6 50.7 51.4 53.6 48.8 52.1 56.5 60.6 48.0 51.7 52.8 68.5 75.9 78.2 80.7 82.8 76.4 77.3 82.9 87.1 90.4 93.3 96.9 100.0 84.2 75.9 72.7 73.4 71.5 64.5 66.8 73.3 87.7 104.5 97.4 105.2 119.5 125.0 133.5 138.0 131.7 123.3 132.0 117.6 104.6 113.9 125.9 140.6 137.7 148.2 161.0 187.2 176.1 178.8 187.2 196.9 186.8 191.7 200.1 211.4
-9999.0 -9999.0 -9999.0 -9999.0 -9999.0 -9999.0 -9999.0 -9999.0 -9999.0 -9999.0 -9999.0 -9999.0 -9999.0 -9999.0 52.4 37.5 41.3 33.6 33.6 34.5 40.2 57.1 67.2 77.7 82.4 84.9 86.8 86.8 88.8 89.9 89.7 92.7 91.8 93.4 92.7 91.9 64.0 63.5 60.1 65.1 64.4 73.9 82.8 95.6 99.4 105.8 121.6 120.5 121.9 127.5 132.9 139.0 135.0 115.5 107.4 103.7 123.8 127.6 135.9 147.3 157.0 146.5 172.3 205.7 207.0 204.4 203.3 196.5 196.9 202.5 207.8 213.7
-9999.0 -9999.0 -9999.0 -9999.0 -9999.0 -9999.0 -9999.0 -9999.0 -9999.0 -9999.0 -9999.0 -9999.0 -9999.0 -9999.0 -9999.0 -9999.0 -9999.0 52.2 52.6 55.5 61.0 66.2 70.3 76.6 77.8 76.2 68.1 84.3 85.3 84.2 86.5 88.2 86.7 79.9 58.6 65.0 63.9 73.4 74.3 74.7 79.4 87.4 100.8 109.9 113.8 116.7 123.4 125.7 125.4 129.6 128.3 129.7 117.1 94.7 105.8 124.6 140.8 142.1 138.0 148.9 168.7 163.3 188.1 203.2 207.3 202.1 200.4 193.8 194.0 203.6 210.8 233.6
-9999.0 -9999.0 -9999.0 -9999.0 -9999.0 -9999.0 -9999.0 -9999.0 -9999.0 -9999.0 -9999.0 -9999.0 -9999.0 -9999.0 -9999.0 -9999.0 -9999.0 -9999.0 -9999.0 58.4 61.3 68.3 72.0 75.3 77.7 74.0 65.3 72.3 72.9 71.2 63.9 60.7 62.8 58.0 70.7 74.6 74.3 81.4 99.7 89.5 93.6 95.1 104.3 110.3 109.6 115.7 120.3 119.9 125.4 126.1 126.1 113.3 89.6 106.4 123.4 127.0 131.8 142.4 152.0 159.5 176.6 199.6 193.8 200.0 207.3 196.8 188.5 185.9 178.7 191.1 197.6 218.2
-9999.0 -9999.0 -9999.0 -9999.0 -9999.0 -9999.0 -9999.0 -9999.0 -9999.0 -9999.0 -9999.0 -9999.0 -9999.0 -9999.0 -9999.0 -9999.0 -9999.0 -9999.0 -9999.0 -9999.0 -9999.0 -9999.0 68.5 66.2 68.0 70.5 67.2 55.4 63.8 63.5 59.9 56.5 77.2 78.6 87.0 97.7 100.0 99.6 103.2 103.4 101.0 89.9 107.4 108.5 106.9 111.5 109.0 116.4 116.2 111.7 96.5 92.0 103.4 121.8 121.4 135.4 150.0 145.5 157.7 188.8 201.4 202.2 209.7 218.3 211.3 201.2 196.1 191.7 163.1 180.5 197.7 210.7
-9999.0 -9999.0 -9999.0 -9999.0 -9999.0 -9999.0 -9999.0 -9999.0 -9999.0 -9999.0 -9999.0 -9999.0 -9999.0 -9999.0 -9999.0 -9999.0 -9999.0 -9999.0 -9999.0 -9999.0 -9999.0 -9999.0 -9999.0 -9999.0 -9999.0 64.5 61.7 55.3 62.9 67.6 44.9 60.2 82.4 91.6 93.3 94.8 98.4 103.9 103.8 101.6 87.0 99.4 105.6 107.5 102.5 105.6 98.5 101.6 103.9 87.6 93.1 104.0 117.0 121.3 133.0 140.9 153.3 165.6 179.6 193.4 190.7 210.1 222.4 229.7 216.1 208.7 202.4 191.6 158.6 172.2 192.5 222.7
-9999.0 -9999.0 -9999.0 -9999.0 -9999.0 -9999.0 -9999.0 -9999.0 -9999.0 -9999.0 -9999.0 -9999.0 -9999.0 -9999.0 -9999.0 -9999.0 -9999.0 -9999.0 -9999.0 -9999.0 -9999.0 -9999.0 -9999.0 -9999.0 -9999.0 -9999.0 -9999.0 62.2 61.3 61.6 36.3 53.6 73.4 83.7 91.7 93.1 97.0 101.0 93.3 82.3 88.5 100.6 105.8 104.1 91.1 80.3 76.1 77.3 86.5 93.4 106.6 116.7 121.0 127.8 136.3 143.5 155.3 170.4 187.5 172.4 193.7 213.8 206.9 221.9 230.6 216.4 208.8 192.7 173.4 157.4 193.6 208.6
-9999.0 -9999.0 -9999.0 -9999.0 -9999.0 -9999.0 -9999.0 -9999.0 -9999.0 -9999.0 -9999.0 -9999.0 -9999.0 -9999.0 -9999.0 -9999.0 -9999.0 -9999.0 -9999.0 -9999.0 -9999.0 -9999.0 -9999.0 -9999.0 -9999.0 -9999.0 -9999.0 -9999.0 56.2 40.6 41.9 56.2 68.3 79.9 85.2 86.4 87.6 76.2 81.6 87.9 93.8 102.0 100.8 82.0 78.0 89.6 98.3 102.5 105.4 108.3 114.9 119.7 124.9 138.1 141.1 136.8 148.9 160.4 162.3 180.5 204.4 208.6 195.9 212.5 219.7 217.0 209.7 201.2 186.1 140.5 174.9 202.2
-9999.0 -9999.0 -9999.0 -9999.0 -9999.0 -9999.0 -9999.0 -9999.0 -9999.0 -9999.0 -9999.0 -9999.0 -9999.0 -9999.0 -9999.0 -9999.0 -9999.0 -9999.0 -9999.0 -9999.0 -9999.0 -9999.0 -9999.0 -9999.0 -9999.0 -9999.0 -9999.0 -9999.0 -9999.0 -9999.0 51.8 57.3 67.0 71.9 75.4 78.3 68.3 79.8 90.7 95.9 95.6 98.0 92.8 69.9 97.1 102.9 106.8 110.0 111.7 104.5 97.1 100.3 109.8 114.0 117.4 135.3 139.6 141.4 147.3 160.2 178.4 191.4 208.5 208.8 190.0 207.5 213.8 200.5 192.1 134.3 160.2 193.5
-9999.0 -9999.0 -9999.0 -9999.0 -9999.0 -9999.0 -9999.0 -9999.0 -9999.0 -9999.0 -9999.0 -9999.0 -9999.0 -9999.0 -9999.0 -9999.0 -9999.0 -9999.0 -9999.0 -9999.0 -9999.0 -9999.0 -9999.0 -9999.0 -9999.0 -9999.0 -9999.0 -9999.0 -9999.0 -9999.0 -9999.0 -9999.0 58.3 59.5 59.4 62.5 73.9 84.4 91.5 94.3 94.4 90.2 70.3 83.6 96.5 101.8 104.8 102.1 89.0 91.7 102.5 105.7 110.0 118.3 125.7 120.2 126.3 146.9 151.6 161.4 190.5 188.6 212.2 174.9 181.8 207.8 198.0 182.7 144.4 111.0 139.7 182.3
-9999.0 -9999.0 -9999.0 -9999.0 -9999.0 -9999.0 -9999.0 -9999.0 -9999.0 -9999.0 -9999.0 -9999.0 -9999.0 -9999.0 -9999.0 -9999.0 -9999.0 -9999.0 -9999.0 -9999.0 -9999.0 -9999.0 -9999.0 -9999.0 -9999.0 -9999.0 -9999.0 -9999.0 -9999.0 -9999.0 -9999.0 -9999.0 -9999.0 64.6 65.1 69.9 74.0 77.7 80.9 86.5 92.7 88.6 69.2 66.4 88.4 96.9 89.2 84.4 97.9 108.0 111.7 114.6 120.5 115.5 114.2 126.3 139.2 147.3 127.5 156.5 164.5 177.0 202.2 173.4 205.6 208.2 181.1 171.8 168.4 122.9 133.4 186.4
-9999.0 -9999.0 -9999.0 -9999.0 -9999.0 -9999.0 -9999.0 -9999.0 -9999.0 -9999.0 -9999.0 -9999.0 -9999.0 -9999.0 -9999.0 -9999.0 -9999.0 -9999.0 -9999.0 -9999.0 -9999.0 -9999.0 -9999.0 -9999.0 -9999.0 -9999.0 -9999.0 -9999.0 -9999.0 -9999.0 -9999.0 -9999.0 -9999.0 -9999.0 -9999.0 67.5 69.6 71.6 76.6 80.8 79.9 85.0 85.6 68.2 62.5 76.6 87.2 98.2 102.8 105.1 108.3 113.7 117.8 104.7 116.2 119.0 123.6 115.9 118.2 129.6 137.2 149.4 156.7 184.9 207.4 217.2 200.5 185.5 170.9 131.5 115.9 150.9
-9999.0 -9999.0 -9999.0 -9999.0 -9999.0 -9999.0 -9999.0 -9999.0 -9999.0 -9999.0 -9999.0 -9999.0 -9999.0 -9999.0 -9999.0 -9999.0 -9999.0 -9999.0 -9999.0 -9999.0 -9999.0 -9999.0 -9999.0 -9999.0 -9999.0 -9999.0 -9999.0 -9999.0 -9999.0 -9999.0 -9999.0 -9999.0 -9999.0 -9999.0 -9999.0 -9999.0 -9999.0 67.3 70.6 69.3 69.4 67.6 54.6 63.3 77.6 88.0 93.7 97.1 99.0 103.5 107.6 105.8 95.0 93.7 98.7 113.1 121.4 131.4 143.5 148.6 167.0 181.4 183.2 192.0 200.6 177.4 155.6 181.3 147.6 108.4 107.3 144.2
-9999.0 -9999.0 -9999.0 -9999.0 -9999.0 -9999.0 -9999.0 -9999.0 -9999.0 -9999.0 -9999.0 -9999.0 -9999.0 -9999.0 -9999.0 -9999.0 -9999.0 -9999.0 -9999.0 -9999.0 -9999.0 -9999.0 -9999.0 -9999.0 -9999.0 -9999.0 -9999.0 -9999.0 -9999.0 -9999.0 -9999.0 -9999.0 -9999.0 -9999.0 -9999.0 -9999.0 -9999.0 -9999.0 -9999.0 59.8 60.1 44.5 57.5 73.3 82.9 86.3 93.8 94.2 98.5 102.5 96.8 86.9 98.2 102.0 113.9 121.5 127.7 128.6 137.7 153.5 163.9 173.4 189.3 200.4 204.3 188.2 127.4 166.1 150.9 104.0 105.9 119.7
-9999.0 -9999.0 -9999.0 -9999.0 -9999.0 -9999.0 -9999.0 -9999.0 -9999.0 -9999.0 -9999.0 -9999.0 -9999.0 -9999.0 -9999.0 -9999.0 -9999.0 -9999.0 -9999.0 -9999.0 -9999.0 -9999.0 -9999.0 -9999.0 -9999.0 -9999.0 -9999.0 -9999.0 -9999.0 -9999.0 -9999.0 -9999.0 -9999.0 -9999.0 -9999.0 -9999.0 -9999.0 -9999.0 -9999.0 -9999.0 -9999.0 39.3 59.0 68.4 76.6 80.5 85.5 92.7 94.9 82.8 82.3 98.7 106.9 108.2 109.2 114.5 113.9 112.5 119.0 126.0 141.0 171.3 179.7 191.2 188.0 150.6 134.9 129.8 157.9 114.7 115.2 151.9
-9999.0 -9999.0 -9999.0 -9999.0 -9999.0 -9999.0 -9999.0 -9999.0 -9999.0 -9999.0 -9999.0 -9999.0 -9999.0 -9999.0 -9999.0 -9999.0 -9999.0 -9999.0 -9999.0 -9999.0 -9999.0 -9999.0 -9999.0 -9999.0 -9999.0 -9999.0 -9999.0 -9999.0 -9999.0 -9999.0 -9999.0 -9999.0 -9999.0 -9999.0 -9999.0 -9999.0 -9999.0 -9999.0 -9999.0 -9999.0 -9999.0 -9999.0 65.7 71.0 71.3 75.9 80.5 81.9 71.8 83.3 95.0 99.6 102.3 100.5 96.5 97.9 107.6 116.0 123.7 137.0 143.3 153.4 158.4 171.9 195.6 189.0 152.9 132.6 101.0 93.8 105.0 118.0
-9999.0 -9999.0 -9999.0 -9999.0 -9999.0 -9999.0 -9999.0 -9999.0 -9999.0 -9999.0 -9999.0 -9999.0 -9999.0 -9999.0 -9999.0 -9999.0 -9999.0 -9999.0 -9999.0 -9999.0 -9999.0 -9999.0 -9999.0 -9999.0 -9999.0 -9999.0 -9999.0 -9999.0 -9999.0 -9999.0 -9999.0 -9999.0 -9999.0 -9999.0 -9999.0 -9999.0 -9999.0 -9999.0 -9999.0 -9999.0 -9999.0 -9999.0 -9999.0 67.0 68.9 72.8 65.7 64.4 80.3 87.5 90.2 88.4 85.3 95.0 104.4 104.0 100.6 108.5 120.7 124.2 127.9 147.8 161.1 186.4 192.8 153.0 123.6 119.9 110.8 75.1 111.1 80.0
-9999.0 -9999.0 -9999.0 -9999.0 -9999.0 -9999.0 -9999.0 -9999.0 -9999.0 -9999.0 -9999.0 -9999.0 -9999.0 -9999.0 -9999.0 -9999.0 -9999.0 -9999.0 -9999.0 -9999.0 -9999.0 -9999.0 -9999.0 -9999.0 -9999.0 -9999.0 -9999.0 -9999.0 -9999.0 -9999.0 -9999.0 -9999.0 -9999.0 -9999.0 -9999.0 -9999.0 -9999.0 -9999.0 -9999.0 -9999.0 -9999.0 -9999.0 -9999.0 -9999.0 -9999.0 54.1 63.9 72.7 71.9 71.8 74.8 85.1 87.3 85.8 89.8 99.7 110.5 123.9 146.4 154.7 170.2 179.6 182.7 202.6 199.2 165.8 163.0 132.1 92.4 69.9 69.4 72.0
-9999.0 -9999.0 -9999.0 -9999.0 -9999.0 -9999.0 -9999.0 -9999.0 -9999.0 -9999.0 -9999.0 -9999.0 -9999.0 -9999.0 -9999.0 -9999.0 -9999.0 -9999.0 -9999.0 -9999.0 -9999.0 -9999.0 -9999.0 -9999.0 -9999.0 -9999.0 -9999.0 -9999.0 -9999.0 -9999.0 -9999.0 -9999.0 -9999.0 -9999.0 -9999.0 -9999.0 -9999.0 -9999.0 -9999.0 -9999.0 -9999.0 -9999.0 -9999.0 -9999.0 -9999.0 -9999.0 55.7 58.7 69.1 74.4 80.6 81.3 77.0 93.6 98.6 103.9 110.8 122.5 144.2 157.8 172.7 200.8 220.8 224.4 203.6 175.7 136.4 93.9 70.4 83.2 104.5 103.0
-9999.0 -9999.0 -9999.0 -9999.0 -9999.0 -9999.0 -9999.0 -9999.0 -9999.0 -9999.0 -9999.0 -9999.0 -9999.0 -9999.0 -9999.0 -9999.0 -9999.0 -9999.0 -9999.0 -9999.0 -9999.0 -9999.0 -9999.0 -9999.0 -9999.0 -9999.0 -9999.0 -9999.0 -9999.0 -9999.0 -9999.0 -9999.0 -9999.0 -9999.0 -9999.0 -9999.0 -9999.0 -9999.0 -9999.0 -9999.0 -9999.0 -9999.0 -9999.0 -9999.0 -9999.0 -9999.0 -9999.0 67.6 69.6 71.5 75.2 66.3 82.8 89.8 95.0 99.7 111.3 127.3 138.2 150.1 175.9 203.0 207.1 219.0 182.2 134.0 100.4 70.1 81.3 94.8 148.1 161.3
