data/case_study_destine/merger_hmc_by_domain/geo/LazioDomain.dem.txt
ncols   256
nrows   238
xllcorner    11.0658
yllcorner    41.7203
cellsize    0.005016
NODATA_value -9999
[rows 96 to 127 of 238, columns 144 to 215 of 256]
230.3 215.6 205.5 227.9 242.5 243.3 203.0 242.3 256.2 252.0 253.2 260.7 260.0 249.0 247.3 260.6 262.6 263.5 220.3 222.6 232.2 229.3 258.3 253.9 257.0 257.9 240.8 235.4 244.9 228.2 245.4 244.0 233.0 239.8 222.6 223.3 243.1 239.0 238.1 232.0 244.2 241.2 235.6 242.0 248.9 266.3 303.3 318.7 285.3 317.8 339.9 350.7 356.1 356.9 357.9 361.0 364.6 370.1 376.9 380.4 385.5 393.3 401.9 410.2 424.0 437.8 446.9 456.9 442.8 471.5 473.9 481.6
218.8 198.2 214.9 226.5 229.4 227.8 197.2 229.8 241.0 246.0 247.4 253.4 249.8 241.2 247.5 257.9 257.2 258.0 218.1 230.5 195.0 236.3 255.9 250.8 247.5 251.6 234.4 234.5 228.3 241.8 240.6 228.0 234.5 228.6 214.3 228.8 242.2 225.5 217.5 226.9 228.9 229.3 233.4 240.0 252.8 267.8 285.6 286.7 269.7 298.1 317.4 338.9 350.3 350.4 351.6 357.5 363.8 366.6 373.6 378.5 380.8 389.6 403.0 415.7 427.2 439.6 456.8 472.1 478.2 491.7 507.4 512.2
189.0 205.8 220.0 216.7 200.9 192.1 223.9 234.0 233.4 234.8 239.9 245.0 244.2 231.2 248.8 251.7 250.7 236.9 195.8 217.4 192.2 240.7 252.9 242.5 242.2 235.2 220.6 225.9 225.1 245.3 237.3 218.0 243.3 214.2 211.0 233.1 240.6 208.5 232.4 245.2 247.0 248.4 250.9 252.7 247.9 248.7 256.8 269.9 286.1 302.2 315.0 325.7 338.5 342.4 345.7 351.0 354.5 354.2 356.3 362.6 378.2 393.2 401.1 407.3 418.5 437.7 458.3 476.0 490.9 506.7 523.0 545.5
199.3 210.1 210.0 200.2 192.1 217.8 226.8 227.0 228.5 234.1 239.2 239.9 233.8 233.4 245.2 246.3 225.6 200.2 191.7 191.6 230.2 245.2 245.0 235.9 238.4 213.2 223.8 213.0 237.1 242.4 227.5 225.0 234.0 205.2 217.8 232.2 218.7 216.5 243.0 244.5 246.2 245.7 244.7 240.4 241.1 248.3 257.6 275.1 282.8 285.0 297.0 317.3 326.7 328.5 326.8 323.3 328.7 336.8 346.7 346.1 358.5 369.7 395.4 418.5 436.7 454.1 461.9 485.1 505.1 527.6 538.2 569.3
194.1 196.3 200.5 175.3 207.2 220.4 222.7 222.0 227.6 229.7 234.0 236.1 209.6 235.1 235.6 240.8 211.1 183.2 179.6 223.1 242.4 241.2 240.1 232.0 213.7 219.2 214.4 216.4 236.3 233.4 208.8 230.2 217.5 215.2 228.1 212.6 202.2 233.8 238.5 232.2 227.5 236.3 245.8 254.4 262.0 266.9 269.1 273.4 284.6 294.5 300.3 306.6 309.4 300.3 316.2 331.6 339.5 350.4 356.1 365.4 371.3 375.8 383.9 404.1 434.3 464.1 485.5 494.8 514.2 537.0 582.6 642.7
187.7 182.3 172.0 197.4 209.6 217.9 219.2 222.6 223.7 226.1 229.3 210.2 212.7 227.5 231.8 236.5 219.9 163.5 217.9 236.9 238.1 235.8 232.4 221.9 193.2 217.8 196.6 230.0 228.3 232.9 205.0 222.8 203.8 218.3 218.9 186.1 224.9 225.5 218.1 228.6 237.1 240.8 247.9 252.9 257.1 263.0 271.4 278.3 272.1 279.5 279.5 284.1 291.9 304.8 310.7 318.3 323.3 331.9 341.6 353.6 360.2 371.7 382.3 404.2 439.6 455.0 486.5 528.5 545.0 561.5 600.1 734.3
168.1 168.3 188.5 197.6 210.1 217.1 216.3 217.6 219.1 216.2 182.6 193.1 225.2 220.1 229.1 230.3 217.0 166.3 213.2 232.4 230.5 230.1 219.7 197.9 189.8 195.8 220.6 227.3 223.3 222.1 199.2 214.9 188.8 211.7 192.0 215.6 219.0 220.0 234.1 239.7 233.0 237.5 240.9 247.6 254.6 261.9 265.8 259.7 266.5 256.3 267.4 266.7 258.3 282.7 304.9 311.3 319.3 327.0 336.5 346.8 361.0 377.8 395.1 428.3 460.6 487.3 499.6 508.3 548.5 588.3 615.2 650.3
192.1 186.7 195.1 206.0 217.2 213.4 210.1 214.1 217.1 202.0 172.8 197.0 213.9 213.7 221.4 223.4 220.6 166.6 205.2 223.1 226.2 222.8 211.5 176.2 201.9 222.0 225.8 227.6 217.1 209.4 201.1 196.6 206.0 220.9 182.5 208.5 208.1 228.2 231.1 225.7 225.0 229.1 239.1 249.0 247.7 238.3 233.0 243.9 256.8 274.3 275.5 282.9 297.9 306.2 314.1 324.6 335.2 344.9 355.2 354.1 357.1 378.2 397.5 424.0 453.9 491.4 522.2 548.7 562.6 599.6 640.9 667.8
213.3 198.3 203.3 208.1 210.2 207.6 206.9 211.4 213.6 212.4 182.2 168.6 204.6 205.5 214.4 218.2 220.6 161.5 204.8 207.8 218.8 212.8 194.5 189.1 214.0 222.3 223.4 220.5 212.0 199.3 187.1 198.5 215.4 218.5 177.1 195.3 212.9 214.4 212.2 210.8 225.6 230.7 216.2 219.2 233.6 255.9 259.2 267.9 273.4 277.9 280.8 281.6 287.8 295.5 312.1 323.9 334.2 345.0 353.4 370.3 381.4 377.3 402.0 432.4 461.7 486.1 515.7 550.6 590.0 608.7 640.5 668.9
200.5 202.6 197.3 206.2 207.1 204.6 205.2 208.5 210.7 206.5 182.1 161.8 184.4 196.2 200.9 215.6 208.9 164.7 165.0 183.5 191.9 186.7 178.6 220.2 224.4 224.3 219.5 213.3 208.1 180.9 200.9 209.5 213.8 196.8 173.2 189.5 186.1 194.1 201.2 198.3 195.3 203.5 229.9 242.5 252.9 257.2 259.0 256.5 260.1 269.9 281.2 289.1 299.2 309.4 314.4 323.8 326.9 338.6 359.4 366.7 372.7 400.0 417.7 435.5 468.4 500.5 542.0 570.7 592.6 626.4 658.2 700.9
204.8 203.3 190.4 195.5 204.3 202.0 203.0 205.9 209.0 209.7 198.0 169.8 151.7 183.8 195.3 211.1 209.6 172.7 154.3 146.7 191.9 164.0 197.0 213.6 217.1 218.1 212.4 203.4 186.8 188.6 204.9 204.6 194.1 166.0 185.6 191.7 199.7 201.8 208.4 214.0 224.3 233.9 240.4 242.4 243.9 249.6 260.6 267.2 272.0 279.7 286.7 293.9 302.6 316.6 325.8 335.8 349.2 353.2 362.8 389.3 407.0 409.6 435.4 456.8 478.0 506.3 548.7 593.5 638.8 677.4 697.2 708.5
209.2 204.6 200.0 192.9 187.4 198.7 200.6 203.7 204.8 203.5 204.8 195.6 147.7 174.6 204.3 206.8 209.9 200.7 193.6 173.0 158.4 188.0 203.6 193.0 206.0 209.7 199.8 188.5 181.8 193.1 177.6 179.9 187.7 194.2 196.6 205.6 207.4 219.1 225.9 229.3 231.7 237.8 242.9 244.9 249.8 254.3 257.7 252.7 257.9 263.6 273.0 285.0 305.3 318.1 328.3 342.7 354.3 376.8 388.9 404.1 425.9 433.5 450.4 473.0 496.0 526.3 557.8 603.9 656.9 703.3 735.7 759.0
214.1 206.4 203.0 200.5 193.1 182.8 194.0 201.3 200.1 201.0 205.0 182.7 143.8 187.9 191.8 197.8 209.4 207.4 198.6 161.6 189.8 208.1 201.0 172.9 176.7 181.3 173.7 191.4 193.4 171.9 192.9 205.0 205.8 210.5 212.1 211.2 214.0 220.6 222.3 203.0 206.1 213.8 216.7 233.9 243.3 238.5 242.7 258.1 269.3 277.0 282.6 287.5 290.1 308.4 336.9 368.2 379.5 386.7 394.5 412.2 433.7 454.9 464.8 487.4 515.5 542.7 586.0 636.0 674.6 721.0 757.0 792.0
214.1 212.4 211.2 204.9 198.9 195.0 179.7 192.9 195.9 198.5 191.5 171.8 142.5 169.4 186.9 196.9 206.4 200.0 184.1 158.2 196.9 205.5 187.9 169.0 165.9 177.7 178.5 186.4 169.1 178.8 187.3 189.9 185.0 186.2 187.3 179.6 182.3 191.9 195.4 212.8 227.4 234.3 237.1 227.8 219.9 239.7 251.0 259.3 268.3 278.9 291.3 303.0 311.3 325.3 343.3 367.8 396.7 415.7 424.3 423.7 438.3 460.1 487.4 505.5 533.7 570.5 606.2 661.7 718.7 765.1 801.2 848.4
224.1 227.6 227.4 205.7 188.5 194.3 182.8 179.6 194.6 200.7 199.1 180.0 141.1 170.5 186.2 199.6 200.6 170.5 154.0 146.8 164.1 162.3 160.0 164.2 179.2 194.8 201.2 203.3 183.8 185.0 197.8 204.2 203.2 203.1 207.2 206.0 203.3 201.0 201.5 209.4 212.4 221.2 238.2 245.9 248.6 241.9 239.5 259.1 270.8 284.3 297.6 321.4 333.4 341.7 371.2 392.3 406.5 416.3 425.5 444.9 455.6 477.7 500.1 539.5 569.7 591.4 650.4 708.8 759.8 817.4 853.6 873.5
231.0 221.7 214.7 207.2 200.6 194.3 190.6 175.2 195.7 209.4 227.5 196.7 146.2 144.2 177.5 188.7 171.8 153.2 201.7 210.2 217.3 214.0 205.3 220.1 229.7 219.2 214.7 209.8 207.1 175.6 205.9 207.9 209.3 212.5 211.9 214.4 220.6 224.2 223.9 218.5 224.1 227.0 219.0 238.7 249.9 257.0 255.5 251.1 282.9 301.3 315.3 333.8 356.0 368.2 381.0 397.9 414.5 434.1 445.1 451.7 462.3 496.8 524.7 560.6 599.7 641.2 682.7 750.3 790.8 745.6 693.0 667.0
229.2 231.6 231.7 218.7 205.6 198.0 185.8 175.8 196.8 210.3 221.8 189.4 162.9 135.6 160.4 181.1 136.7 165.4 207.4 230.9 251.4 262.1 270.7 271.2 251.5 243.8 222.8 214.5 216.4 194.4 190.2 215.0 215.5 217.4 221.1 219.6 225.0 229.6 234.1 229.4 232.0 237.5 244.4 235.1 234.4 255.9 265.7 264.3 261.5 281.8 298.7 324.3 343.9 360.1 373.2 395.1 415.7 433.5 447.6 465.2 488.1 507.2 532.4 581.9 629.9 674.6 719.2 778.3 697.2 617.3 597.8 586.0
243.0 240.6 255.5 246.1 227.2 208.7 185.2 172.2 191.4 200.5 194.7 182.4 179.5 137.4 173.2 170.5 121.6 152.0 184.3 229.2 242.6 277.7 292.2 281.7 275.3 250.7 221.4 215.8 217.4 214.8 182.1 198.1 203.9 210.0 211.5 212.7 224.2 229.7 236.7 238.8 237.1 240.5 244.3 254.4 253.5 253.2 278.3 287.3 285.8 288.9 305.6 324.1 345.7 360.3 374.9 384.0 400.4 422.1 441.7 460.1 476.9 507.7 558.7 607.8 658.5 711.4 762.5 803.6 664.5 589.5 576.1 571.3
224.7 250.9 254.2 267.7 241.3 220.9 184.6 167.4 195.1 213.7 199.8 181.3 180.6 129.4 156.5 157.5 114.0 170.3 193.8 228.5 259.9 274.7 288.5 271.9 268.5 253.5 231.4 222.0 219.8 217.9 179.8 196.6 207.8 206.6 211.2 212.9 203.8 227.8 237.3 241.4 248.5 253.3 257.2 255.4 263.2 267.2 266.6 287.6 302.7 307.3 315.7 326.8 340.9 351.6 370.2 390.5 412.6 425.0 443.5 462.1 491.7 530.9 575.3 625.7 672.4 705.5 758.7 827.0 677.7 590.6 573.6 563.3
235.1 257.5 269.3 251.3 228.5 198.7 183.3 170.3 175.8 196.2 178.9 168.6 153.6 104.0 104.8 104.1 106.0 149.8 186.5 213.0 239.2 265.0 280.1 269.9 257.7 249.0 242.5 227.9 220.2 222.2 197.2 193.4 219.6 224.5 228.6 230.4 220.2 218.3 227.9 243.7 253.1 257.9 264.1 267.2 261.6 269.9 280.3 280.3 288.8 303.0 322.9 337.0 346.1 356.1 373.3 390.3 406.6 423.1 444.1 460.5 491.0 535.9 580.5 617.4 655.8 696.9 765.5 842.8 781.2 645.3 594.2 562.4
219.5 239.1 259.7 250.5 219.7 213.0 196.1 176.7 163.9 186.1 157.9 136.4 110.6 98.2 113.7 117.2 125.5 147.2 177.4 201.6 216.3 243.3 276.0 271.9 267.5 253.6 237.6 228.6 225.6 224.0 206.7 199.1 211.3 223.4 224.7 229.9 234.7 235.6 232.3 222.9 227.2 232.4 241.7 244.0 251.0 268.4 283.9 298.3 305.1 302.7 313.9 336.9 350.5 361.0 374.1 393.3 409.9 426.4 442.0 461.8 490.8 528.1 574.2 612.1 657.1 691.6 742.7 819.3 897.7 859.0 749.4 632.8
198.2 231.1 235.5 256.3 242.6 224.0 217.6 188.8 159.7 179.9 181.3 142.7 100.1 102.8 155.4 157.2 154.4 170.9 184.1 210.1 230.3 245.7 264.8 264.9 271.6 251.2 246.7 249.7 235.2 225.2 196.6 201.7 205.5 213.5 220.7 228.5 233.7 240.5 246.0 243.1 229.5 238.7 251.7 259.9 270.7 278.2 286.6 285.1 291.2 302.8 315.8 330.9 338.4 349.5 364.9 379.2 394.6 410.8 428.3 456.6 495.8 529.8 562.5 596.2 632.8 675.2 733.4 806.1 888.6 983.1 955.7 754.1
197.8 211.6 232.1 248.3 256.2 233.7 233.8 208.5 162.4 149.5 172.3 142.7 104.5 95.2 123.0 164.3 178.0 188.4 189.7 198.6 205.7 210.3 227.0 236.6 238.7 231.8 258.9 265.4 249.6 220.5 204.3 196.9 215.1 217.2 221.0 225.4 226.2 223.7 233.4 240.2 245.2 242.3 252.3 250.5 260.4 275.8 286.8 302.0 317.3 328.2 331.4 329.9 353.4 370.5 380.3 401.9 421.2 433.1 445.2 462.9 494.3 520.7 550.7 582.4 622.3 673.5 732.6 786.7 848.8 921.2 832.7 663.3
189.7 201.6 214.4 240.1 234.9 206.5 211.2 190.1 137.4 123.3 118.7 116.8 125.4 117.7 123.2 131.8 147.1 153.8 151.9 162.1 185.8 209.1 205.8 214.9 237.9 245.4 260.3 277.3 255.8 215.6 219.5 204.0 221.1 222.4 230.3 235.3 239.1 239.5 235.0 252.7 258.2 248.4 263.7 272.8 273.4 277.9 284.6 291.6 305.6 314.2 330.7 342.0 362.2 373.2 393.5 415.6 437.6 449.5 451.1 455.8 481.2 506.9 534.5 567.6 606.9 647.3 698.5 754.8 806.3 850.3 741.1 582.9
134.3 159.0 189.9 158.2 159.5 145.2 139.3 124.9 92.9 95.0 106.1 150.3 167.1 163.8 146.0 140.5 142.6 151.3 184.2 197.4 193.0 201.2 215.7 222.2 255.1 271.0 295.5 280.9 238.6 228.8 234.9 204.6 198.9 227.2 232.9 237.6 242.7 248.3 250.0 255.3 264.5 270.0 258.3 261.8 272.8 288.5 293.7 304.1 325.2 348.3 346.7 365.6 365.2 389.7 414.6 430.5 444.8 452.1 452.6 456.2 475.0 507.1 529.6 557.5 583.8 617.1 668.5 718.8 758.7 789.8 693.0 555.8
134.9 127.3 145.8 135.4 107.9 101.9 110.0 130.6 114.3 90.8 127.1 167.4 176.1 174.6 175.8 181.4 192.7 188.4 202.9 220.3 238.5 222.2 210.4 227.6 260.1 296.5 317.8 287.9 239.7 259.9 256.3 220.6 197.8 228.8 235.4 236.4 240.4 244.9 254.2 260.9 266.0 271.4 276.6 281.8 281.7 276.0 287.7 301.8 329.8 376.0 382.3 377.7 389.3 395.7 417.2 437.0 445.1 451.9 455.7 461.9 475.8 496.0 521.7 541.2 554.5 588.5 632.0 669.3 701.4 742.9 689.3 564.7
107.9 100.5 87.7 95.1 81.4 87.0 96.3 99.7 117.4 108.7 89.4 113.9 134.5 146.9 172.9 184.9 212.1 215.8 229.7 258.4 272.2 274.5 236.1 258.4 296.2 322.2 305.3 266.4 259.2 271.2 252.2 214.3 217.4 213.6 211.8 220.1 236.3 242.0 250.3 256.5 263.8 271.4 276.9 282.9 287.3 291.2 291.8 307.8 330.4 382.5 398.0 400.8 412.0 420.9 422.5 430.7 444.9 446.3 457.6 464.8 476.0 491.1 515.6 539.2 556.8 562.5 585.3 618.6 653.9 694.3 701.7 642.8
77.5 77.9 82.9 90.6 98.0 110.5 149.4 156.0 191.5 182.4 129.5 143.2 136.3 171.1 201.6 214.8 215.0 251.6 237.4 272.4 314.1 305.0 283.3 269.5 302.7 319.9 306.6 293.1 270.0 231.5 238.4 224.1 239.6 240.5 224.9 208.4 231.4 238.1 243.9 249.7 259.0 257.5 254.4 258.6 264.8 284.6 297.3 289.8 292.9 315.9 332.2 362.1 384.6 391.8 408.3 437.4 446.6 460.1 468.1 484.5 499.4 502.6 516.7 532.0 543.4 550.4 560.5 581.6 612.9 635.2 652.8 667.3
79.0 76.8 93.6 114.4 156.7 198.3 213.3 199.1 229.6 216.2 167.4 185.6 166.3 179.1 217.3 249.6 247.0 234.8 249.7 280.4 328.5 343.9 320.1 310.9 292.7 279.4 261.0 258.4 249.5 253.5 269.3 238.8 274.5 266.8 257.8 212.3 233.7 239.3 244.4 249.7 247.8 245.5 264.8 274.4 292.7 313.6 341.1 357.8 331.8 337.8 330.9 341.2 389.2 419.8 439.5 455.4 476.6 482.8 485.3 502.8 515.3 523.8 529.6 525.6 531.0 541.9 535.3 543.5 580.5 601.7 620.1 639.8
82.0 85.5 101.9 141.4 171.0 203.7 229.3 217.0 245.6 252.9 216.7 207.5 224.3 191.1 233.1 279.5 295.6 264.5 264.2 293.3 331.9 375.1 339.9 307.1 278.2 253.1 258.1 254.7 270.1 306.2 291.5 275.5 298.6 272.3 245.3 209.6 222.5 236.9 239.2 235.9 222.4 239.4 246.5 258.1 274.1 302.9 337.5 381.7 378.9 382.2 404.8 384.5 359.2 372.8 394.1 440.0 449.9 466.3 474.1 486.5 498.3 517.5 526.7 516.6 525.0 532.9 534.4 536.2 556.0 568.8 593.1 593.3
103.3 130.3 102.9 121.3 154.6 191.8 227.7 227.1 264.7 283.6 245.9 223.9 247.1 222.2 235.2 262.4 298.6 306.3 287.8 329.6 360.1 358.7 308.6 283.5 256.8 268.1 276.9 277.3 294.9 334.4 305.9 303.7 280.9 251.7 239.9 218.7 224.8 213.7 225.8 230.1 245.9 251.2 268.4 284.4 299.0 271.9 294.8 335.4 388.3 401.1 409.0 400.8 411.1 428.7 441.3 449.6 460.8 469.7 484.2 489.1 495.9 492.5 498.0 502.8 511.5 520.6 530.5 539.8 542.1 538.2 553.7 571.6
139.8 149.4 141.1 112.2 145.3 150.9 194.0 239.2 264.3 276.0 263.5 235.5 256.4 249.2 266.9 279.9 302.5 337.9 319.6 343.5 362.4 345.1 295.9 277.3 257.0 287.1 323.4 344.7 326.7 339.3 322.0 282.7 269.0 274.4 238.6 221.1 229.1 226.6 221.8 229.5 241.7 252.6 264.5 290.4 331.2 321.8 286.7 317.4 337.5 348.7 364.3 375.5 398.1 398.3 401.6 444.0 461.3 470.2 465.2 485.6 488.2 494.6 501.4 505.9 505.0 516.5 514.0 522.6 530.9 527.9 531.4 554.3
