data/case_study_destine/merger_hmc_by_domain/geo/LiguriaDomain.dem.txt
ncols   559
nrows   167
xllcorner    7.4952
yllcorner    43.7565
cellsize    0.005007
NODATA_value -9999
[rows 62 to 92 of 167, columns 426 to 496 of 559]
487.8 475.2 414.1 299.2 244.5 239.7 230.3 257.9 269.8 302.8 365.2 454.8 509.3 516.4 492.8 367.5 282.9 356.3 433.6 508.9 559.2 578.0 613.8 657.0 591.1 587.5 591.3 599.6 631.8 671.7 784.3 874.7 902.9 906.8 982.4 1031.5 995.1 906.4 856.7 876.1 894.5 793.9 682.6 648.3 720.8 693.3 697.2 787.4 843.8 881.3 875.0 791.9 732.9 594.8 453.6 401.8 382.8 353.1 374.0 387.6 383.1 310.7 183.9 116.9 201.7 256.6 286.5 255.8 251.1 253.4 215.1
397.8 453.2 408.3 348.5 238.4 227.2 292.0 311.1 320.7 339.4 376.1 432.9 417.9 476.2 414.8 264.3 330.4 440.4 512.2 592.2 664.3 686.8 628.2 587.5 507.3 452.8 525.1 582.3 607.2 662.6 745.1 828.5 834.6 871.0 948.0 995.8 1039.4 999.2 1049.6 1083.8 938.6 811.1 786.9 783.3 739.5 643.8 552.7 614.9 714.4 766.0 830.0 852.4 750.8 573.7 446.6 385.1 351.3 268.0 265.3 274.3 306.4 329.4 269.5 145.7 170.1 280.0 287.4 245.9 232.0 264.3 205.4
315.1 278.4 259.2 241.8 210.7 233.7 269.5 309.9 344.3 345.6 365.9 411.2 388.8 418.5 317.7 268.5 391.3 489.6 499.3 556.3 655.3 648.9 547.5 502.9 449.4 418.4 509.6 555.5 613.9 706.9 777.3 760.1 715.9 838.2 933.4 974.0 958.8 874.6 914.5 1003.4 1036.0 1024.1 1017.1 996.4 810.9 656.2 564.2 461.1 538.6 684.7 663.2 724.1 686.6 601.5 507.9 452.7 404.3 347.0 302.9 239.2 203.8 197.8 222.5 138.1 177.3 272.1 253.4 243.6 198.7 209.9 163.8
290.6 342.5 401.5 414.1 370.5 291.5 200.1 270.7 366.1 347.6 372.1 404.6 349.1 372.6 259.3 262.9 399.8 448.1 515.5 555.6 591.8 596.5 514.0 425.8 367.4 352.1 425.9 515.1 617.0 638.9 588.3 568.8 575.9 662.9 780.5 929.1 903.7 786.1 706.8 785.3 879.3 964.4 1024.9 1022.2 874.7 798.4 684.0 508.5 431.1 507.9 492.0 592.1 640.0 534.5 412.5 338.3 350.5 361.7 379.9 302.3 221.2 172.0 153.2 111.3 165.1 278.3 228.8 213.7 174.6 170.4 135.4
397.9 344.4 371.7 391.6 417.5 329.4 217.2 247.5 290.3 328.5 400.6 357.3 342.3 312.7 210.6 259.4 339.8 346.2 429.8 483.5 570.6 549.6 444.6 358.5 304.0 332.0 429.3 529.4 565.9 473.9 435.8 509.4 601.9 688.3 779.3 867.9 781.5 742.2 610.7 627.6 696.6 779.1 836.1 941.7 860.5 808.8 697.3 554.0 466.9 370.6 376.8 439.2 510.0 526.6 419.3 276.8 262.0 271.1 320.8 299.0 237.4 178.8 127.1 106.2 163.7 246.7 217.3 154.8 169.7 151.3 121.0
408.6 353.2 354.6 311.0 300.2 276.2 253.8 217.5 182.8 285.3 306.5 287.2 334.1 245.7 218.0 251.1 289.7 262.0 345.5 464.4 526.5 457.0 392.3 340.3 255.8 343.3 389.4 437.7 437.0 386.5 417.1 494.2 591.7 653.0 729.3 795.1 664.3 587.0 509.4 534.0 538.1 572.4 655.6 783.5 869.5 797.3 650.0 516.6 411.7 339.2 298.5 334.4 350.6 334.3 295.6 242.1 187.2 177.4 204.4 223.9 210.6 168.0 113.1 104.9 131.4 179.2 183.5 151.0 175.6 128.9 105.5
433.4 401.4 411.4 420.6 387.0 339.0 235.7 155.8 190.8 168.3 174.4 267.1 238.7 206.8 295.1 308.2 313.7 264.5 246.9 320.1 385.6 300.5 254.7 284.4 252.6 265.1 287.1 319.6 369.0 423.7 467.4 485.2 556.8 617.7 690.0 696.9 653.4 577.8 465.5 427.0 420.3 484.3 571.6 649.5 759.9 813.1 725.2 568.0 452.5 410.4 344.5 293.8 254.6 253.5 291.0 323.4 275.0 207.3 167.4 143.1 139.1 123.1 91.6 78.7 105.3 133.7 154.5 129.7 104.4 108.9 131.0
400.0 357.1 323.0 292.7 304.0 306.3 263.6 206.0 198.8 188.2 168.7 198.6 163.8 156.0 183.4 234.6 252.6 251.6 196.6 251.3 285.0 206.9 231.1 271.9 285.9 373.1 463.9 475.9 509.5 579.2 634.8 603.5 624.1 642.5 672.7 558.1 585.3 588.9 503.8 378.5 353.6 435.8 504.4 596.4 722.1 732.5 654.8 641.8 558.4 540.0 521.3 440.0 372.8 340.3 409.4 415.1 357.1 285.9 205.5 148.0 126.8 123.8 119.3 104.5 80.8 111.3 150.9 122.2 108.1 140.1 143.6
283.4 244.9 235.7 221.2 195.5 184.9 187.6 249.5 259.5 261.5 278.4 297.1 194.4 176.6 214.0 160.9 191.2 152.6 150.6 181.4 172.6 205.0 309.1 385.9 415.1 495.1 579.8 634.2 616.6 662.0 707.8 684.6 689.6 705.1 639.9 486.4 445.9 626.0 597.4 381.0 329.6 438.9 512.8 622.0 714.0 687.5 606.9 535.7 494.2 480.3 509.5 517.2 502.0 449.7 437.8 393.8 313.8 248.1 205.0 165.9 140.0 110.0 104.8 109.6 81.1 105.1 131.6 105.9 135.2 153.0 166.0
222.9 201.2 290.7 312.1 289.0 284.7 274.1 316.7 312.0 295.6 316.5 360.5 336.5 326.0 272.3 158.7 127.5 118.4 128.4 112.9 129.2 201.4 275.3 317.9 328.4 424.5 492.5 435.1 474.8 600.7 668.2 594.2 629.8 677.5 599.9 473.0 320.3 445.8 484.8 327.0 293.8 452.5 597.5 720.0 783.5 757.5 658.2 555.6 443.4 353.8 350.7 376.6 371.3 319.6 281.4 274.0 297.6 332.8 311.4 282.4 226.5 161.5 111.5 77.9 70.4 104.8 120.5 113.8 150.3 158.6 116.6
257.8 260.5 335.0 438.6 419.6 357.5 274.0 251.2 272.0 269.6 211.2 244.0 304.6 358.1 313.1 244.4 168.9 120.9 100.3 107.7 153.5 189.6 202.5 187.2 259.6 360.7 388.0 329.7 389.8 494.7 475.2 483.7 546.7 577.1 510.7 488.8 399.5 288.5 252.1 252.2 422.4 580.4 661.2 676.1 607.4 669.4 696.1 636.7 537.0 433.2 353.6 294.1 284.0 291.1 320.8 414.8 498.7 519.4 448.0 385.7 278.0 191.0 104.7 85.9 74.8 80.3 89.0 105.9 112.3 105.5 120.6
338.5 370.9 468.9 467.0 357.8 338.1 320.2 310.4 267.9 240.2 237.9 226.3 185.9 209.0 242.1 237.7 199.3 123.9 108.8 103.8 109.0 114.5 110.4 122.7 135.9 260.8 270.9 288.7 399.0 421.3 341.4 484.9 519.1 528.8 431.7 378.7 365.4 394.8 233.0 264.9 449.1 619.1 724.7 616.8 454.3 519.7 580.9 578.7 598.4 569.4 524.6 427.1 392.4 392.4 438.3 499.4 538.8 553.8 470.2 324.5 218.1 182.6 191.8 154.8 106.2 70.5 63.4 77.1 102.5 125.3 144.4
391.9 477.9 525.1 465.3 437.5 328.7 356.1 383.8 315.0 312.7 331.6 256.3 284.5 236.1 177.1 171.6 147.0 156.7 178.7 152.3 165.5 189.8 209.2 181.7 104.7 152.9 232.6 338.6 386.2 261.1 293.3 330.0 313.3 426.0 492.0 395.8 258.9 214.4 178.9 316.1 408.3 497.0 630.1 613.4 433.2 404.1 453.5 394.2 488.9 556.8 602.2 513.9 410.1 383.2 401.8 436.4 388.1 369.7 276.8 245.7 295.4 323.8 302.5 246.7 173.1 94.5 67.8 97.8 114.5 125.2 134.0
447.4 509.4 590.9 578.3 468.0 406.1 486.9 477.2 419.3 417.9 335.1 250.3 259.6 281.0 254.8 210.1 160.5 163.8 264.9 287.3 303.8 307.5 310.4 221.1 121.1 143.9 139.7 280.7 382.5 275.7 164.1 167.0 173.3 264.4 340.9 340.7 251.2 151.1 131.4 231.8 307.0 430.1 503.6 491.2 420.0 288.1 277.3 275.2 373.9 469.6 584.5 546.0 425.7 372.9 334.6 298.2 287.2 292.8 342.0 396.7 467.4 493.3 373.8 278.4 224.2 140.9 75.6 112.3 129.3 127.2 128.9
435.0 540.0 635.4 666.5 584.2 579.0 489.5 431.5 438.5 363.2 270.2 288.1 262.4 209.0 202.6 206.3 189.7 179.5 263.7 320.4 305.8 191.0 217.8 194.3 212.1 205.9 97.1 212.6 360.9 238.1 119.2 90.9 87.8 129.8 169.3 204.7 194.4 140.7 100.9 191.6 337.7 378.4 329.5 345.4 368.9 281.1 171.4 231.7 340.3 397.6 496.9 564.8 512.5 411.0 350.0 308.6 330.7 366.4 387.0 436.5 484.1 439.0 385.5 338.4 262.7 170.4 71.2 88.6 112.2 108.7 105.6
484.7 495.0 610.4 679.7 618.5 527.2 415.3 357.2 319.5 331.8 392.2 421.0 353.7 286.8 255.7 243.5 196.1 243.7 228.6 251.9 205.5 166.2 205.4 176.4 247.5 200.6 87.0 155.8 230.5 148.4 88.0 76.5 69.5 58.4 85.3 123.3 131.4 150.1 84.8 177.9 265.7 192.8 167.5 196.9 247.6 228.2 145.1 258.0 258.4 324.9 440.6 517.6 540.2 497.4 434.2 365.8 326.0 279.4 262.6 311.2 311.5 280.4 246.7 232.7 191.7 114.4 82.6 100.6 119.6 108.8 133.4
509.5 575.0 654.1 646.7 540.4 462.2 440.4 482.2 383.2 459.6 503.8 449.1 431.8 338.0 255.3 234.0 283.7 279.4 243.0 226.3 245.5 191.8 238.3 281.4 320.2 215.8 102.5 96.0 101.2 165.2 155.8 146.2 78.7 62.8 61.4 58.1 72.3 107.7 72.8 93.9 97.9 82.6 81.2 78.5 104.3 135.1 156.6 202.9 198.7 303.4 336.3 398.9 492.2 528.5 453.1 360.4 278.0 244.9 223.6 217.4 232.4 167.4 133.2 118.8 105.6 131.9 174.5 192.5 225.6 150.7 120.1
314.2 442.8 523.2 587.1 557.0 536.9 626.1 607.0 510.1 560.2 526.5 478.2 411.4 366.4 310.4 273.7 276.9 295.1 288.4 284.8 258.6 177.6 218.2 299.2 279.5 231.8 155.1 83.9 132.2 240.6 174.3 107.2 86.1 108.1 91.7 75.5 126.1 166.1 158.0 230.1 215.9 178.6 140.3 97.8 66.6 75.2 120.2 126.4 156.3 185.0 259.2 382.2 453.2 465.9 471.2 428.1 368.7 298.0 244.3 173.6 134.8 96.9 132.1 163.2 154.9 224.3 289.2 294.1 304.0 265.1 218.6
155.9 246.3 379.1 540.7 623.9 605.5 567.9 601.9 529.2 472.6 453.2 423.1 397.4 348.8 274.4 252.0 219.2 203.2 198.1 184.7 170.0 235.8 255.3 255.8 230.5 177.3 117.2 107.5 220.0 195.0 110.2 71.3 75.6 113.9 170.5 214.1 301.1 300.2 311.3 323.0 233.5 187.7 175.1 143.7 74.0 63.5 67.9 103.1 113.0 148.7 212.8 287.0 340.9 343.2 383.1 432.5 360.0 171.7 79.9 81.4 85.7 109.8 246.9 378.8 312.1 322.2 405.8 480.8 409.5 307.4 235.7
110.0 214.6 380.5 540.7 563.5 494.2 473.2 434.1 419.0 375.2 365.3 339.9 339.2 406.8 433.2 375.7 297.5 256.8 235.9 214.6 175.0 217.3 202.4 179.7 162.1 161.4 106.7 167.4 248.3 160.9 101.2 114.8 129.7 119.9 198.0 309.7 436.1 428.6 378.5 271.6 244.3 269.8 287.5 184.5 74.2 50.6 65.2 85.7 129.5 138.7 149.1 190.4 202.6 268.7 361.3 373.1 311.8 147.4 55.4 105.2 118.0 212.6 321.6 432.2 508.7 483.2 518.2 526.6 397.6 285.3 174.7
127.2 196.6 317.1 461.7 558.0 461.3 452.6 482.9 502.6 520.9 452.1 418.0 457.7 532.6 527.9 462.8 376.1 283.1 207.7 195.3 209.7 236.0 242.3 210.2 199.0 118.6 116.6 183.2 156.3 156.5 189.4 239.8 225.1 165.1 202.9 304.2 417.8 470.3 392.0 344.9 333.1 261.0 175.9 129.8 74.1 52.5 51.4 75.7 90.2 101.3 128.4 115.8 142.9 197.0 217.1 213.4 169.9 118.0 54.2 113.5 175.7 207.5 272.6 384.5 515.6 617.6 579.9 428.6 324.4 260.1 222.2
68.2 133.7 228.1 382.1 521.2 530.2 542.8 578.6 631.9 612.4 601.3 585.4 538.6 481.6 409.4 390.6 292.6 255.0 279.2 262.3 272.5 216.4 167.4 153.1 118.3 137.7 226.4 261.9 154.3 204.3 319.0 401.6 388.2 273.8 250.9 315.0 439.0 512.6 436.8 299.6 222.9 178.7 187.8 206.8 112.6 56.0 44.2 64.3 72.9 76.3 82.5 78.7 119.4 107.7 89.5 75.8 67.2 49.3 53.6 117.8 164.0 171.7 194.8 249.4 365.9 517.9 576.5 474.5 394.9 360.7 282.3
97.2 124.4 165.9 262.1 422.7 581.5 581.9 569.6 586.9 553.6 543.2 463.3 418.0 383.1 365.3 388.3 418.7 381.5 320.0 325.3 303.3 197.4 175.8 173.3 168.1 162.0 278.9 323.1 203.0 165.0 278.9 367.1 462.4 429.0 408.6 439.1 502.8 523.7 437.5 336.4 284.5 281.2 319.2 249.0 132.2 64.6 31.0 33.3 44.7 56.1 57.1 53.1 70.5 66.0 50.6 37.0 39.9 57.2 86.0 155.8 225.1 285.7 332.7 348.4 416.1 501.8 558.9 557.7 541.5 498.6 392.0
222.3 241.8 301.2 325.0 366.0 506.2 566.2 496.5 445.0 431.0 421.0 460.2 529.1 561.1 521.2 536.8 499.1 450.1 392.3 327.8 272.9 244.4 240.9 238.8 224.7 161.4 269.8 340.0 252.9 159.2 230.0 309.6 411.3 471.8 446.5 502.9 505.1 494.9 409.3 325.8 255.3 208.9 251.9 232.3 154.4 83.6 42.5 26.2 23.4 28.3 51.3 46.2 26.7 30.5 31.8 34.4 62.4 88.3 126.9 142.4 185.8 243.0 323.9 426.8 466.2 442.7 423.9 498.7 561.9 529.4 538.2
405.8 342.1 299.3 263.5 242.6 322.6 502.8 576.6 479.4 437.1 479.1 516.4 576.6 687.6 697.2 648.6 583.1 494.6 401.1 358.7 347.6 342.1 280.6 275.3 226.0 153.1 215.6 278.7 232.4 166.9 192.8 258.9 321.7 310.5 326.8 418.8 381.0 337.7 392.2 327.8 283.3 247.3 180.0 156.0 135.2 90.6 46.5 55.0 46.1 25.1 26.3 24.9 41.8 52.1 52.3 32.0 52.1 72.6 114.6 148.5 160.8 215.9 300.0 347.3 313.2 284.5 353.6 435.7 526.0 550.2 523.3
280.8 234.2 180.0 205.5 130.8 262.1 424.5 542.8 564.5 499.6 470.5 532.1 610.2 661.8 724.6 709.3 663.9 622.2 523.4 459.4 464.6 401.5 343.5 310.1 233.9 179.9 180.4 215.9 251.8 189.0 157.7 213.8 237.0 253.5 342.2 368.0 319.2 241.2 276.0 249.3 188.1 206.3 160.4 100.1 90.8 110.3 126.7 131.3 99.9 65.5 35.7 33.6 46.8 48.9 49.1 30.0 43.4 53.8 66.4 88.9 140.4 206.9 227.4 240.9 209.1 233.7 287.1 343.1 463.5 437.8 399.6
200.5 -9999.0 -9999.0 -9999.0 -9999.0 -9999.0 -9999.0 -9999.0 515.7 582.0 531.4 485.6 501.4 507.3 511.3 551.3 691.8 725.6 664.7 655.8 536.9 467.3 415.3 280.9 201.1 201.3 213.3 242.0 273.3 230.6 189.0 211.9 280.5 255.9 268.8 246.4 210.4 178.4 165.3 156.6 144.4 147.8 169.4 175.2 214.3 193.8 136.8 101.4 130.3 152.0 106.4 52.5 29.8 40.2 49.3 32.2 28.0 45.5 65.8 90.7 137.7 176.8 141.7 204.9 157.8 195.7 281.2 354.8 418.4 368.1 314.1
-9999.0 -9999.0 -9999.0 -9999.0 -9999.0 -9999.0 -9999.0 -9999.0 -9999.0 -9999.0 442.8 314.5 311.2 282.7 347.3 452.3 618.4 748.5 661.9 576.5 447.6 340.3 284.5 319.9 350.7 263.7 231.1 227.4 265.8 245.4 193.4 202.6 225.3 253.8 246.1 172.0 158.8 213.6 253.0 272.1 279.6 294.8 314.0 283.4 172.8 132.3 158.1 182.1 191.9 241.7 198.7 146.5 64.8 29.8 41.7 43.3 26.7 47.5 59.4 73.4 99.5 125.9 110.4 158.8 130.8 204.3 239.7 283.8 365.5 273.7 218.6
-9999.0 -9999.0 -9999.0 -9999.0 -9999.0 -9999.0 -9999.0 -9999.0 -9999.0 -9999.0 -9999.0 -9999.0 175.0 202.0 369.7 539.8 697.9 686.7 587.2 522.8 511.0 447.2 354.8 475.1 511.5 386.4 289.6 226.7 224.4 205.7 203.4 244.5 260.0 284.4 219.7 150.2 182.8 255.6 267.2 266.4 298.1 262.4 218.6 180.1 148.1 188.7 230.3 271.0 201.3 228.0 199.0 187.9 122.2 54.2 30.8 40.0 26.0 19.7 31.3 49.7 60.2 52.8 96.7 104.6 148.4 144.1 139.0 251.2 300.8 200.5 134.3
-9999.0 -9999.0 -9999.0 -9999.0 -9999.0 -9999.0 -9999.0 -9999.0 -9999.0 -9999.0 -9999.0 -9999.0 -9999.0 -9999.0 -9999.0 510.8 617.7 613.9 632.0 653.4 647.2 543.9 491.1 526.9 548.8 479.1 350.4 290.2 248.1 227.1 241.7 320.1 296.1 212.9 190.2 201.3 200.5 249.9 194.1 155.7 151.9 146.1 105.9 106.0 163.8 217.6 247.3 189.8 136.8 133.6 138.4 104.3 86.7 73.8 67.6 28.3 26.4 19.2 24.2 18.8 43.5 52.2 47.4 66.9 113.2 92.0 124.8 173.7 150.2 117.2 150.8
-9999.0 -9999.0 -9999.0 -9999.0 -9999.0 -9999.0 -9999.0 -9999.0 -9999.0 -9999.0 -9999.0 -9999.0 -9999.0 -9999.0 -9999.0 -9999.0 400.1 510.9 621.4 684.3 722.1 674.4 672.3 577.5 482.8 430.9 500.9 414.0 296.4 252.7 233.5 291.9 253.9 216.2 230.0 266.9 265.1 205.4 164.4 162.9 114.8 97.1 66.4 75.4 105.7 126.5 164.8 190.3 173.3 132.0 97.1 74.9 65.1 100.1 111.2 54.1 46.9 32.2 18.9 23.8 40.7 51.2 40.9 52.1 67.5 102.0 117.2 77.4 107.3 185.8 224.4
