data/case_study_destine/merger_hmc_by_domain/geo/LiguriaDomain.dem.txt
ncols   559
nrows   167
xllcorner    7.4952
yllcorner    43.7565
cellsize    0.005007
NODATA_value -9999
[rows 0 to 30 of 167, columns 71 to 141 of 559]
-9999.0 -9999.0 -9999.0 -9999.0 -9999.0 -9999.0 -9999.0 -9999.0 -9999.0 -9999.0 -9999.0 -9999.0 -9999.0 -9999.0 -9999.0 -9999.0 -9999.0 -9999.0 -9999.0 -9999.0 -9999.0 -9999.0 -9999.0 -9999.0 -9999.0 -9999.0 -9999.0 -9999.0 -9999.0 -9999.0 -9999.0 -9999.0 -9999.0 -9999.0 -9999.0 -9999.0 -9999.0 -9999.0 -9999.0 -9999.0 -9999.0 -9999.0 -9999.0 -9999.0 -9999.0 -9999.0 -9999.0 -9999.0 -9999.0 -9999.0 -9999.0 -9999.0 -9999.0 -9999.0 -9999.0 -9999.0 -9999.0 -9999.0 -9999.0 -9999.0 -9999.0 -9999.0 -9999.0 -9999.0 -9999.0 -9999.0 -9999.0 -9999.0 -9999.0 -9999.0 -9999.0
-9999.0 -9999.0 -9999.0 -9999.0 -9999.0 -9999.0 -9999.0 -9999.0 -9999.0 -9999.0 -9999.0 -9999.0 -9999.0 -9999.0 -9999.0 -9999.0 -9999.0 -9999.0 -9999.0 -9999.0 -9999.0 -9999.0 -9999.0 -9999.0 -9999.0 -9999.0 -9999.0 -9999.0 -9999.0 -9999.0 -9999.0 -9999.0 -9999.0 -9999.0 -9999.0 -9999.0 -9999.0 -9999.0 -9999.0 -9999.0 -9999.0 -9999.0 -9999.0 -9999.0 -9999.0 -9999.0 -9999.0 -9999.0 -9999.0 -9999.0 -9999.0 -9999.0 -9999.0 -9999.0 -9999.0 -9999.0 -9999.0 -9999.0 -9999.0 -9999.0 -9999.0 -9999.0 -9999.0 -9999.0 -9999.0 -9999.0 -9999.0 -9999.0 -9999.0 -9999.0 -9999.0
345.3 360.3 349.6 360.2 365.8 265.4 279.7 289.1 242.8 241.3 235.4 251.5 341.0 407.0 344.8 335.9 319.5 363.2 352.0 330.3 395.7 388.5 449.7 518.3 479.6 475.6 449.7 398.9 390.6 418.4 466.6 490.5 536.5 454.1 484.4 513.4 519.6 542.1 597.1 660.7 650.3 633.2 614.0 651.6 721.5 696.1 596.0 583.2 562.4 541.0 538.5 582.1 470.7 431.6 492.0 539.5 580.1 606.9 639.2 586.5 532.1 464.8 357.3 295.2 288.6 273.4 290.6 291.8 258.1 312.4 406.0
357.9 354.8 356.8 373.0 367.9 269.4 283.6 310.5 296.2 271.0 252.3 241.6 240.4 291.9 291.7 317.1 325.3 329.6 292.6 324.5 337.0 362.4 439.9 473.7 444.5 481.5 457.1 457.0 468.3 497.3 513.0 566.5 580.4 560.2 562.6 546.8 544.8 575.3 608.6 646.3 650.0 671.1 703.2 722.5 738.4 711.0 665.2 683.3 671.6 609.9 533.4 445.9 437.0 516.4 568.0 584.6 574.1 562.2 595.1 574.8 570.2 477.2 335.4 307.1 388.5 366.9 293.6 291.3 300.7 300.1 400.8
361.9 361.0 364.6 372.7 355.6 270.3 303.2 330.4 283.7 258.5 245.1 229.9 224.7 263.7 290.0 284.0 289.2 296.4 318.2 337.7 348.0 361.5 389.9 436.2 438.6 436.9 480.7 499.3 507.1 538.2 511.3 578.8 564.6 572.0 515.9 535.8 601.8 628.1 620.1 622.6 620.1 680.3 739.6 680.9 652.0 700.9 726.5 718.8 666.7 591.7 473.5 485.3 516.3 561.8 596.8 593.7 592.5 562.2 506.5 454.7 453.5 473.8 414.8 298.8 375.2 472.6 430.6 419.3 413.6 312.7 329.1
368.8 368.7 361.2 336.4 296.0 289.7 325.5 319.5 260.0 249.6 231.2 248.7 248.4 245.0 279.0 307.7 320.9 332.2 325.7 327.6 366.5 407.6 407.6 445.4 412.8 461.4 508.9 490.6 491.8 556.2 503.4 536.2 520.1 487.8 539.2 580.0 603.5 640.7 671.9 696.2 689.5 706.6 717.5 678.3 616.9 610.3 633.9 669.2 607.5 500.0 467.4 540.4 571.6 614.8 649.2 625.2 609.1 572.4 496.1 405.6 378.4 374.9 373.3 309.1 305.8 441.9 532.0 565.2 548.0 424.7 297.0
366.1 327.3 308.0 299.7 316.3 344.8 342.2 311.7 277.1 250.5 230.3 244.8 265.3 264.3 254.2 279.8 296.1 312.3 335.1 375.8 398.4 418.8 448.8 438.2 410.5 459.6 503.1 488.6 481.5 509.1 468.0 467.8 482.7 503.6 547.3 590.2 627.7 637.2 655.0 684.6 734.1 743.6 686.4 642.3 612.5 618.5 572.7 525.0 479.8 499.1 557.4 579.6 619.6 668.0 643.6 567.4 464.0 398.0 353.0 343.4 369.2 368.2 332.7 299.4 300.8 404.3 533.4 636.3 546.4 406.1 306.1
320.8 304.9 342.5 340.9 351.5 356.0 334.4 303.2 277.9 267.2 243.5 238.9 304.8 310.3 265.0 319.2 345.4 344.0 384.0 421.4 463.3 455.1 445.8 390.8 431.0 485.5 516.4 461.6 424.2 453.5 492.3 527.5 553.5 586.4 603.2 578.1 562.6 581.2 613.8 656.5 677.6 738.5 698.5 679.8 694.5 701.7 646.9 526.2 486.4 565.3 600.3 633.9 673.1 694.0 625.0 509.1 374.2 304.6 315.1 309.9 303.2 325.6 345.7 369.9 393.6 457.7 542.4 612.6 529.0 393.5 321.0
325.2 321.8 351.9 363.1 366.3 361.2 340.7 283.4 256.4 248.6 239.8 263.2 329.4 306.7 259.4 341.3 399.8 387.2 420.2 414.8 446.6 433.1 402.4 393.3 456.4 496.3 496.1 425.6 474.9 527.4 561.2 573.2 569.1 576.7 595.9 572.6 597.9 623.2 630.9 672.9 679.1 727.8 744.5 739.3 751.9 676.2 554.3 509.1 566.4 591.1 635.7 688.9 726.5 689.0 624.6 518.3 376.0 319.5 339.6 429.6 426.8 442.1 474.0 476.2 506.7 548.9 601.2 597.1 450.3 344.5 374.2
344.0 352.7 362.3 381.2 375.1 320.6 310.1 305.4 271.9 246.4 241.6 292.7 343.4 310.4 267.6 358.3 406.3 411.0 399.5 452.4 465.3 431.1 378.7 430.3 476.6 499.5 408.2 446.6 516.0 524.4 514.9 527.7 554.6 600.2 632.9 617.2 607.8 662.3 677.3 674.4 715.2 742.3 687.4 659.2 661.4 601.5 501.5 561.7 597.7 636.7 694.2 752.4 747.7 680.9 582.0 533.0 424.8 328.1 320.1 472.5 560.0 547.0 587.3 594.4 596.2 624.8 607.1 563.0 388.4 356.5 483.1
369.4 378.7 376.9 386.7 358.2 302.3 351.1 310.2 262.5 266.7 243.7 275.4 348.5 344.1 284.2 278.2 322.3 361.3 406.7 436.1 449.3 439.2 376.4 448.5 481.1 420.1 416.8 500.1 486.3 486.4 541.5 585.7 605.6 627.5 670.3 705.1 692.8 643.3 701.4 733.3 739.5 759.8 761.7 717.7 646.1 541.7 517.0 586.3 637.6 680.0 740.0 759.8 737.0 684.6 644.7 546.3 443.9 322.1 344.6 446.4 569.2 655.1 705.5 725.7 617.4 554.6 519.0 439.3 335.9 387.0 480.7
396.6 386.0 382.1 377.4 343.9 327.1 316.0 304.3 295.4 279.9 261.3 247.3 343.3 350.2 294.6 290.0 285.2 325.3 361.0 376.2 366.5 332.4 381.5 396.8 379.3 407.4 473.6 506.8 458.0 515.2 540.4 553.8 557.5 604.8 635.5 668.2 708.1 725.7 730.3 744.7 754.1 688.8 751.1 733.1 626.6 515.3 558.8 619.7 692.3 744.1 807.0 780.3 702.9 645.2 575.1 499.7 449.9 325.6 325.1 419.8 537.8 637.4 741.8 745.5 600.4 526.4 465.3 376.9 357.2 411.1 387.1
389.5 369.1 358.3 355.3 343.9 317.9 339.3 357.2 314.4 278.4 261.7 252.0 348.9 336.9 336.8 334.7 320.2 305.4 311.9 312.7 318.6 332.6 332.8 339.7 389.1 455.8 495.6 443.5 472.4 491.3 519.4 563.0 599.7 635.3 649.4 655.7 674.9 698.4 732.2 717.8 682.9 648.1 690.5 647.2 544.1 560.3 629.8 621.5 669.7 712.9 783.7 777.1 711.4 655.7 602.2 488.3 413.1 339.7 337.9 439.6 533.7 624.6 724.2 729.5 603.3 547.2 491.0 355.3 418.1 502.2 490.3
372.9 378.5 380.3 378.5 345.1 350.6 376.2 369.6 300.8 261.0 262.1 248.0 331.5 330.6 377.6 377.2 358.9 356.5 364.9 367.2 381.3 412.6 436.3 410.5 360.3 380.4 419.7 442.7 478.6 523.4 563.8 632.8 655.2 600.4 587.1 615.3 645.8 674.2 717.2 772.9 738.0 701.0 613.3 580.3 562.9 635.5 696.5 680.8 688.1 775.9 810.2 722.8 657.9 566.0 519.2 486.6 442.4 353.3 355.5 479.8 580.2 668.6 740.2 723.3 661.7 607.2 457.9 349.5 465.7 537.7 574.8
409.9 412.6 394.0 382.5 346.2 349.8 375.7 361.5 286.3 284.7 266.7 256.3 316.5 335.4 381.2 420.4 420.9 401.0 415.5 436.5 444.7 474.9 503.6 450.9 451.2 383.7 432.1 515.4 556.3 536.1 576.0 593.2 558.7 563.7 605.8 628.8 657.1 724.2 783.4 797.2 733.9 677.2 595.7 569.7 628.2 695.4 754.9 772.5 770.2 818.0 849.6 803.7 729.0 581.6 465.5 405.9 355.7 331.0 421.2 507.7 602.8 688.7 761.1 654.4 549.0 499.3 390.7 354.9 487.2 574.7 615.2
422.3 414.8 393.2 385.4 367.3 352.2 370.8 357.4 319.2 256.3 260.3 267.7 297.8 348.6 353.1 371.6 404.9 410.1 413.4 447.6 475.5 519.5 509.3 464.4 507.4 438.9 421.0 438.0 512.0 493.8 506.3 519.4 535.8 556.3 600.0 620.3 647.5 721.4 801.3 772.2 703.4 644.9 558.2 635.2 712.6 753.4 803.8 814.8 812.2 833.7 805.7 704.8 645.3 577.1 532.0 423.5 360.2 331.3 433.5 526.6 604.6 697.2 759.0 679.8 619.1 533.7 394.8 391.0 476.0 507.2 561.5
428.6 421.3 396.0 383.2 377.6 366.8 375.6 365.9 310.4 260.0 260.3 260.4 264.0 312.4 361.3 381.4 374.4 409.7 444.1 454.0 476.8 544.3 504.1 508.1 501.2 493.1 532.4 453.6 428.5 478.1 474.2 487.3 545.1 585.5 610.2 655.5 709.5 750.2 763.5 715.7 627.9 565.6 612.0 678.3 754.5 815.3 825.7 748.2 675.8 661.1 704.0 708.3 649.2 545.6 428.0 358.2 343.4 327.7 407.8 551.9 646.8 727.4 790.2 748.0 647.1 504.5 372.5 422.0 463.3 491.1 550.1
432.6 430.1 410.4 388.2 379.5 378.7 374.5 346.9 325.6 297.9 275.7 268.4 255.1 281.9 353.0 422.0 422.4 459.8 469.6 513.4 519.7 546.0 526.5 543.6 490.3 523.0 569.6 565.1 480.2 562.7 620.5 538.6 520.2 619.8 677.5 681.4 740.4 786.8 703.5 634.6 575.4 645.4 688.1 718.3 768.1 825.9 856.4 799.4 702.1 609.9 549.4 553.1 553.2 499.6 371.9 392.3 455.1 433.4 504.1 616.3 690.9 717.8 688.4 622.8 582.1 521.0 392.0 442.5 538.5 531.5 489.1
431.3 429.1 415.3 388.3 378.8 382.8 386.5 352.1 331.4 282.0 270.7 269.4 254.1 261.1 360.3 441.8 479.7 484.3 479.2 466.4 506.2 558.4 585.7 578.4 541.9 596.9 601.0 594.8 497.1 548.0 610.5 631.2 538.0 526.4 598.5 657.6 698.4 768.6 718.5 604.6 581.7 660.0 719.1 761.2 811.5 831.8 780.5 737.4 668.3 578.8 499.8 439.7 421.5 371.4 356.4 410.6 540.2 602.0 650.3 692.0 661.5 601.6 537.3 479.5 464.4 458.7 409.9 398.8 547.6 637.8 587.1
429.2 427.7 406.9 380.0 381.7 385.7 383.1 354.0 364.9 319.1 295.5 290.4 267.4 303.4 379.8 391.6 400.1 406.1 410.4 451.6 500.1 529.8 555.4 610.9 616.6 596.2 547.4 554.2 530.4 553.2 645.8 690.9 634.4 533.3 634.2 670.9 652.1 713.0 713.3 585.4 614.0 679.5 735.0 774.5 815.2 839.0 764.4 684.9 595.9 528.2 427.2 389.8 372.4 350.6 404.6 465.4 569.4 664.3 711.0 634.9 567.5 592.7 597.7 566.4 580.2 540.3 426.9 391.9 521.5 597.0 643.4
428.8 428.3 418.2 382.2 392.8 386.0 378.1 357.1 363.4 344.2 307.2 285.6 261.3 326.2 374.1 395.2 428.8 485.3 467.8 476.4 504.8 502.9 545.7 589.5 640.8 641.9 585.0 632.1 630.9 550.3 573.0 668.2 682.2 562.4 607.0 693.7 716.3 708.0 727.8 621.1 592.4 653.7 689.8 718.8 765.3 829.1 820.6 722.8 601.4 464.1 360.8 357.0 365.9 441.7 534.7 580.1 605.9 672.2 712.2 605.4 661.0 711.1 735.2 670.1 617.5 517.4 456.6 394.7 485.2 545.0 612.5
426.9 421.8 396.9 384.2 395.8 384.4 377.9 360.5 341.3 315.4 297.0 274.4 267.4 362.0 424.6 443.3 476.4 524.4 524.2 522.6 538.6 559.4 587.3 629.7 653.8 653.2 642.9 661.3 647.9 635.6 602.0 587.9 672.6 643.6 564.1 648.5 713.6 756.8 772.2 674.7 600.1 629.2 696.3 746.6 771.7 785.9 809.7 734.5 648.2 523.4 433.3 400.6 361.4 493.7 607.2 650.4 654.6 691.4 724.2 662.4 725.5 799.5 724.1 585.2 569.3 556.0 516.6 423.9 457.6 531.6 558.1
400.0 395.0 396.3 396.3 387.6 374.9 347.5 316.4 303.1 274.5 272.0 282.8 381.7 448.6 466.5 488.6 482.7 492.1 523.4 574.8 566.8 601.3 625.8 620.0 655.4 598.9 650.3 652.0 666.2 679.6 634.9 616.8 639.8 693.8 598.5 616.3 656.5 695.7 763.4 745.7 649.8 619.4 673.3 747.8 808.5 823.3 822.8 707.8 585.2 504.8 452.2 384.7 359.4 429.6 508.8 556.9 621.2 727.9 804.7 749.2 763.2 837.2 772.4 720.5 659.8 571.3 540.1 494.0 413.2 461.1 488.2
391.3 389.7 371.6 360.7 368.2 361.7 347.2 322.8 298.8 277.6 300.9 338.2 383.4 436.6 493.7 462.0 503.2 522.2 548.9 598.1 619.8 602.3 597.2 577.5 630.1 555.3 568.7 597.1 653.5 708.2 706.3 696.2 675.0 715.8 663.7 650.8 678.8 729.0 769.0 719.2 615.3 657.3 716.0 714.0 737.0 791.4 820.1 689.2 587.0 579.2 529.0 401.3 374.2 453.1 524.2 584.7 642.5 726.5 799.9 806.2 817.6 825.8 784.8 705.3 662.0 616.8 607.3 573.2 444.9 501.2 563.1
386.0 378.6 375.8 383.9 386.4 367.3 338.6 303.0 279.1 297.6 329.5 366.5 377.4 393.7 422.9 435.8 465.1 503.3 554.9 605.2 605.7 612.5 558.3 574.0 600.3 519.4 542.0 595.7 642.4 670.4 643.2 634.3 678.1 699.5 709.6 734.6 751.5 766.8 737.0 655.5 620.5 696.7 754.3 798.6 784.5 813.9 847.6 748.1 720.5 686.0 593.0 462.1 362.5 446.2 551.6 583.3 612.9 664.8 736.3 658.0 736.2 731.7 668.7 599.7 584.7 590.6 589.5 575.4 490.0 488.2 591.1
386.5 381.7 359.4 323.1 306.5 297.5 286.8 279.4 298.4 342.9 337.8 393.8 457.3 468.0 486.1 486.1 488.3 505.1 527.5 595.8 574.5 555.7 558.4 526.7 548.6 487.6 552.2 612.9 618.3 584.5 575.2 610.1 635.8 643.9 677.0 736.2 770.1 756.5 736.7 697.6 615.4 684.0 743.8 817.0 844.6 811.1 842.4 845.1 793.1 666.2 559.6 441.1 364.4 400.6 450.8 518.6 586.0 655.4 645.3 568.0 641.4 720.3 744.3 684.6 656.5 622.4 560.0 524.8 490.1 513.9 530.6
317.2 314.8 313.9 328.9 323.0 313.5 295.9 282.7 290.7 374.6 376.5 402.5 437.8 462.8 477.8 501.6 545.7 553.2 581.3 589.7 570.5 528.1 523.3 476.3 468.4 500.1 512.3 532.6 550.2 576.1 622.7 673.7 713.8 726.9 715.0 721.6 764.2 804.7 748.4 685.2 622.0 677.3 769.7 795.6 750.4 722.5 731.1 740.7 764.8 719.5 650.4 527.5 435.5 385.5 381.1 496.7 617.0 598.9 508.5 517.9 599.7 680.7 697.1 714.3 679.2 639.7 607.0 555.5 497.0 632.6 647.0
371.9 369.8 375.8 379.4 364.0 320.8 294.1 292.9 301.8 369.8 394.6 419.3 479.7 477.0 489.0 528.8 547.2 527.5 559.1 582.3 545.1 552.3 483.7 449.5 514.4 591.0 591.1 612.9 619.1 619.7 655.8 691.5 634.4 667.7 684.1 710.6 757.8 748.7 741.7 737.1 680.7 626.9 641.9 643.4 629.6 628.2 626.8 634.2 653.3 710.0 680.5 574.8 499.7 419.6 365.3 424.8 514.9 472.6 511.0 563.1 608.7 580.8 619.7 716.2 706.2 648.1 556.4 534.5 517.2 583.6 663.0
410.5 407.2 403.6 395.9 331.7 354.4 305.8 296.4 313.2 332.9 401.2 464.3 507.4 534.3 534.6 536.3 535.4 492.3 542.6 589.1 523.2 514.7 454.1 504.2 576.1 593.8 582.4 577.9 585.2 637.8 661.3 619.5 584.7 644.7 674.5 670.6 652.1 641.4 699.1 737.3 766.3 734.0 705.3 697.7 694.1 700.5 695.2 692.4 655.7 634.7 685.6 617.8 523.6 454.4 399.4 378.2 408.5 437.1 481.3 497.3 480.2 535.1 637.1 707.6 652.8 612.1 558.8 619.8 603.4 557.6 560.6
406.3 406.3 405.1 367.3 340.3 341.2 297.9 283.6 288.1 324.6 439.3 500.0 536.4 517.7 488.9 543.2 520.9 475.2 502.3 581.0 553.6 515.5 455.7 556.4 566.8 499.7 484.5 498.1 518.0 553.3 580.5 544.4 564.1 583.6 588.0 597.5 643.4 702.4 709.4 735.4 783.1 793.2 760.8 756.4 746.9 778.2 796.8 731.5 684.1 657.7 650.0 680.9 601.4 539.7 485.5 428.8 390.4 378.2 389.6 406.5 481.6 560.3 598.4 631.2 685.6 691.1 597.0 649.2 705.9 670.1 629.3
414.4 400.6 363.3 370.3 363.5 302.3 313.9 318.3 315.1 319.1 406.9 503.5 519.4 460.4 495.6 537.2 548.7 468.8 455.4 556.2 564.0 518.3 445.9 521.9 475.1 466.5 543.2 574.2 563.2 575.7 569.8 583.3 617.2 649.0 676.1 690.0 691.4 705.3 775.3 774.5 758.0 709.5 622.4 603.2 615.3 659.5 731.7 748.9 739.1 701.8 646.6 654.4 711.0 642.6 572.6 537.7 483.9 436.4 397.9 393.4 475.4 505.4 518.4 599.1 646.6 716.8 659.4 671.0 773.3 752.8 658.0
