data/case_study_destine/merger_hmc_by_domain/geo/LiguriaDomain.dem.txt
ncols   559
nrows   167
xllcorner    7.4952
yllcorner    43.7565
cellsize    0.005007
NODATA_value -9999
[rows 62 to 92 of 167, columns 71 to 141 of 559]
1197.5 1068.9 1065.8 1045.4 1157.7 1219.6 1128.5 1036.5 930.7 955.7 954.0 863.5 798.1 868.4 944.8 1054.0 1073.4 989.8 917.3 976.5 1015.2 984.2 893.0 841.7 818.6 732.3 835.7 933.3 994.4 1045.0 1038.4 972.7 935.6 851.3 732.1 662.3 536.1 650.8 755.0 742.2 648.1 657.4 664.0 710.2 793.3 859.9 901.2 982.3 956.0 982.9 969.3 951.5 972.9 892.2 697.5 716.0 793.8 815.0 826.5 925.2 1033.8 1105.0 1150.2 1192.0 1070.3 948.2 884.6 835.9 731.5 686.9 690.6
1230.3 1187.8 1225.3 1151.0 1179.3 1266.5 1197.2 1098.9 985.6 1022.2 903.3 801.2 833.0 893.8 1037.8 1187.7 1199.4 1073.1 1044.2 1112.3 1089.3 1061.3 975.9 941.3 831.6 803.3 913.3 1032.8 1067.1 1024.2 922.8 807.4 782.2 807.1 729.3 638.5 525.6 636.7 841.5 881.9 762.9 744.1 745.9 694.7 816.3 917.3 1003.3 993.2 872.3 909.2 902.6 808.3 840.9 803.0 672.4 716.9 710.4 711.3 798.3 873.9 956.6 1023.3 1072.1 1122.9 1067.7 960.5 866.8 784.9 716.9 757.0 746.8
1183.3 1318.9 1401.3 1369.7 1352.1 1338.5 1228.1 1126.2 1095.9 1063.0 869.9 906.9 996.0 937.1 1136.8 1286.5 1352.2 1277.8 1196.2 1275.0 1282.4 1199.0 1088.6 999.9 904.0 968.1 1034.6 1099.8 1020.7 913.8 819.6 783.5 695.6 656.3 626.8 546.4 541.3 729.1 834.4 896.0 890.1 856.8 837.6 774.7 891.8 1019.8 1060.3 972.5 821.8 762.8 778.9 749.2 683.4 659.5 716.4 838.3 811.6 728.9 749.6 851.8 910.2 906.2 989.1 1110.3 1085.4 941.1 817.4 780.0 776.2 800.1 865.3
1074.4 1226.8 1378.9 1477.7 1541.9 1508.4 1365.6 1220.2 1175.3 1030.9 892.5 1028.5 1077.3 972.4 1048.9 1163.1 1282.7 1391.3 1429.9 1452.7 1488.6 1311.4 1155.6 1054.6 1020.6 1172.2 1269.6 1197.1 1055.2 913.0 765.5 690.7 693.6 615.5 552.4 522.4 570.0 695.3 853.1 923.1 941.9 1033.7 1028.6 920.7 870.7 999.8 1080.3 909.4 798.8 752.6 709.8 724.0 694.8 649.6 725.6 799.9 857.5 810.7 732.6 760.1 865.1 938.5 968.3 1074.1 1050.0 898.8 815.8 896.2 848.9 815.1 922.1
998.2 1120.0 1228.7 1360.1 1528.7 1573.6 1415.7 1232.1 1072.3 932.0 1008.7 1127.5 1121.1 1065.9 1121.3 1142.2 1162.5 1310.7 1528.8 1667.9 1634.4 1459.3 1319.2 1143.6 1197.5 1336.7 1365.2 1214.3 1054.1 909.5 789.2 697.2 653.4 574.3 533.5 552.1 644.5 766.8 914.4 1011.5 1009.6 1101.5 1127.5 1047.9 1020.4 993.6 952.9 872.6 778.9 730.7 724.8 823.0 713.1 650.1 688.5 773.1 846.2 831.7 800.2 844.7 829.4 845.6 970.0 1118.0 1137.1 974.9 885.4 1000.2 942.4 900.8 980.3
892.1 990.9 1130.0 1258.7 1420.4 1492.5 1347.4 1189.4 1053.5 942.0 1134.2 1271.1 1273.9 1260.4 1232.5 1298.0 1297.1 1283.6 1448.2 1672.6 1690.9 1548.3 1370.0 1328.0 1347.4 1454.1 1392.1 1240.4 1104.2 992.8 911.0 816.0 712.7 579.5 536.9 660.0 705.8 753.1 877.3 964.0 1014.6 1130.3 1165.7 1035.2 872.5 819.6 803.5 777.4 757.0 733.7 772.2 806.7 699.3 690.9 751.3 827.0 926.0 845.2 848.0 942.2 932.7 896.1 948.6 1065.0 1157.6 1076.0 977.2 1098.2 1160.8 1102.4 1056.3
976.5 1024.7 1071.0 1184.7 1332.2 1440.9 1273.0 1161.4 1039.3 959.6 1148.6 1339.5 1389.2 1386.4 1374.2 1323.2 1431.4 1466.8 1542.9 1703.2 1681.2 1584.2 1461.7 1512.2 1552.1 1490.5 1322.1 1170.5 1040.6 916.0 865.2 818.6 722.8 596.5 555.0 647.4 716.3 773.1 798.4 819.6 889.7 1047.4 1034.5 891.9 843.8 881.0 859.4 850.7 808.3 790.6 812.4 756.4 691.6 701.5 798.4 871.6 966.7 897.1 944.4 959.7 969.6 1031.8 1055.8 1095.3 1165.1 1184.9 1137.2 1158.3 1307.7 1266.2 1075.9
1127.1 1199.2 1127.0 1245.3 1386.7 1458.0 1325.9 1238.1 1130.7 980.2 1073.3 1232.3 1348.5 1445.6 1491.4 1465.2 1482.6 1612.2 1721.9 1724.3 1632.7 1566.4 1523.9 1505.9 1534.9 1407.1 1257.3 1096.1 952.1 836.5 754.7 724.9 671.6 590.7 539.8 606.0 648.6 656.3 726.9 821.9 917.5 1053.4 1008.5 872.3 966.8 1073.9 1067.3 979.1 866.1 794.2 763.2 705.1 646.6 669.6 751.4 843.1 960.6 1014.4 1044.1 1063.4 1050.4 1032.4 1020.4 1029.1 1050.5 1122.4 1208.9 1267.9 1335.0 1338.4 1210.2
1199.4 1341.9 1299.7 1270.8 1414.4 1453.2 1303.3 1187.7 1093.3 986.6 1000.0 1122.7 1231.9 1310.4 1364.2 1420.6 1425.6 1528.5 1675.5 1769.3 1756.7 1678.8 1573.3 1451.6 1366.3 1306.8 1257.3 1145.0 1035.8 940.1 833.5 713.5 595.9 548.3 580.6 698.3 778.3 693.3 755.5 875.4 948.6 1042.2 951.5 956.2 1054.4 1141.2 1028.1 910.4 835.0 734.5 718.4 681.6 648.0 672.4 728.1 809.5 883.4 911.6 943.8 929.9 921.3 909.5 880.4 841.1 923.9 982.8 1067.9 1202.3 1226.8 1269.7 1238.4
1097.2 1231.7 1375.7 1423.6 1513.1 1523.6 1367.7 1231.7 1111.3 1107.8 1004.8 1030.7 1090.3 1149.5 1211.6 1254.9 1358.9 1477.9 1585.2 1741.2 1832.1 1707.0 1521.5 1351.5 1201.4 1083.9 1065.8 1010.6 922.5 902.7 841.4 688.2 576.9 601.1 698.4 798.1 884.1 799.8 777.0 803.4 905.7 1001.3 1039.4 1131.0 1218.1 1184.6 1075.4 960.8 838.5 745.4 792.9 749.6 674.7 674.6 699.3 714.0 732.0 741.6 763.0 770.5 768.4 799.7 831.2 905.7 871.5 950.9 956.2 1019.6 1063.5 1134.0 1097.2
1221.0 1217.0 1272.4 1377.2 1559.3 1508.5 1372.4 1197.5 1202.5 1114.0 1049.3 1148.8 1123.2 1097.3 1110.0 1209.4 1293.8 1393.6 1541.1 1720.3 1759.6 1659.2 1528.9 1348.2 1166.8 1052.5 978.8 909.0 873.8 809.3 767.5 699.5 574.1 602.3 764.6 888.1 996.4 964.3 919.9 864.0 984.2 1065.0 1194.9 1279.8 1254.2 1129.2 974.2 899.9 818.0 757.5 787.8 736.5 696.0 666.1 720.3 764.3 802.0 845.4 819.3 863.2 809.0 891.2 947.7 947.9 904.0 1044.6 1057.9 1067.4 1082.9 975.8 864.1
1442.8 1445.1 1468.8 1493.1 1584.8 1487.8 1344.9 1325.4 1277.2 1126.1 1180.0 1255.1 1325.3 1280.5 1166.3 1287.6 1411.6 1508.5 1613.7 1674.7 1628.3 1517.6 1406.6 1294.2 1267.9 1227.7 1152.7 1059.0 956.7 864.7 790.6 696.2 591.0 603.8 778.4 932.6 1017.0 967.6 973.0 972.4 1058.2 1185.1 1275.5 1271.0 1107.5 982.1 934.6 846.4 784.5 826.3 740.5 784.2 713.1 678.3 751.9 848.1 924.5 971.5 960.4 995.5 914.2 959.9 1068.4 1127.8 1009.7 1150.3 1219.5 1140.8 1058.8 915.6 708.3
1503.0 1603.5 1672.3 1711.7 1693.3 1580.0 1519.2 1445.0 1258.7 1247.3 1322.9 1373.0 1424.9 1398.7 1276.4 1231.2 1334.7 1407.9 1464.7 1498.3 1467.2 1421.3 1284.7 1126.4 1097.4 1101.1 1060.8 1006.7 953.4 857.2 764.7 652.1 584.5 617.6 796.5 868.7 869.1 844.6 861.3 941.7 1085.7 1259.9 1220.5 1230.6 1138.9 1000.1 867.5 857.4 931.5 887.5 767.9 792.8 678.6 698.7 744.8 831.3 946.4 1036.3 1107.3 1085.5 1038.0 1082.6 1149.0 1226.5 1133.9 1173.9 1159.2 1006.7 847.2 738.9 627.8
1335.8 1466.3 1600.9 1740.2 1799.6 1754.4 1635.8 1463.7 1291.0 1395.5 1427.3 1488.0 1616.2 1542.7 1396.5 1308.9 1352.5 1367.2 1415.0 1352.9 1291.8 1269.0 1190.4 1082.1 963.5 964.9 918.1 872.1 843.5 834.3 718.4 641.4 594.0 611.7 700.4 709.0 717.9 742.7 810.8 939.8 1100.4 1243.2 1109.4 1046.2 991.7 932.1 889.3 1000.2 1016.5 887.9 776.6 776.8 711.3 746.6 774.7 837.1 877.7 919.2 1031.5 1184.2 1205.7 1194.5 1176.4 1237.8 1199.9 1077.2 961.6 966.9 902.0 826.5 673.1
1361.7 1364.0 1477.4 1652.0 1839.7 1822.2 1662.6 1523.4 1393.9 1462.5 1579.8 1628.1 1743.4 1691.4 1530.0 1512.0 1555.8 1525.8 1458.1 1319.2 1172.1 1096.8 1009.9 969.1 874.7 816.0 765.9 746.4 717.7 734.3 680.8 630.9 598.7 589.2 635.6 713.4 755.5 764.5 831.9 902.7 1024.6 1175.7 1172.9 1051.0 951.9 1024.2 1051.9 1013.9 939.2 866.4 776.2 746.9 728.6 809.3 834.3 914.3 1021.0 1051.6 1095.8 1201.8 1101.5 1069.1 1143.7 1238.8 1177.5 1022.4 831.1 776.4 764.3 742.9 695.2
1630.6 1509.9 1434.3 1605.4 1850.6 1886.0 1699.5 1618.1 1557.0 1471.1 1555.6 1745.4 1897.1 1839.4 1767.1 1746.3 1745.6 1634.2 1467.5 1302.2 1188.9 1136.0 1024.8 912.4 862.1 818.8 777.1 746.6 721.7 691.7 662.4 617.5 582.9 582.4 614.5 677.3 685.8 729.9 819.9 928.6 1048.4 1108.5 1169.2 1113.5 1009.2 1112.4 1058.7 986.4 924.1 838.3 814.4 762.2 714.4 758.8 816.2 932.7 981.5 1075.2 1113.3 1134.1 1031.7 1024.3 1121.8 1168.2 1206.8 1165.1 965.0 745.7 581.4 544.1 537.5
1751.9 1666.9 1594.8 1658.8 1796.6 1887.1 1791.3 1773.5 1698.2 1621.3 1572.0 1696.0 1881.6 1903.0 1832.6 1723.2 1630.9 1609.7 1557.5 1466.6 1378.4 1277.4 1164.1 1073.6 1048.2 991.9 943.5 924.2 908.3 865.7 806.5 682.2 588.2 635.8 627.1 637.6 675.3 734.6 827.5 872.2 935.7 936.1 1012.3 1118.0 1097.0 1051.7 968.5 902.2 844.7 847.3 865.0 790.6 741.2 712.8 723.2 816.9 866.1 937.8 997.5 957.0 906.2 982.7 1103.5 1201.2 1291.7 1218.3 992.3 799.9 593.9 476.2 458.7
1887.6 1753.7 1794.0 1904.2 1967.9 1996.5 1952.8 1916.3 1819.8 1726.7 1700.4 1738.0 1905.6 1886.1 1714.1 1582.5 1459.0 1411.8 1389.0 1332.2 1280.8 1208.7 1149.8 1032.1 929.9 900.9 908.4 956.4 942.2 904.8 842.0 668.2 682.7 871.1 810.0 671.8 712.4 688.7 706.9 763.2 838.8 878.1 933.7 1101.7 1107.5 1002.8 959.1 900.7 861.2 970.8 900.6 808.4 773.8 743.8 702.7 721.6 748.7 793.2 848.2 853.7 972.1 1054.0 1090.7 1186.1 1239.8 1072.8 911.6 807.0 792.6 785.3 648.1
1921.7 1972.3 1923.1 1899.3 1984.3 2078.7 2102.8 2053.4 1971.5 1947.6 1911.9 1961.7 1998.3 1864.0 1749.9 1632.2 1493.1 1327.7 1226.8 1163.6 1078.1 1002.8 945.5 881.1 825.2 790.2 720.9 737.3 735.1 684.8 653.2 630.0 767.8 969.6 933.3 765.4 746.8 759.3 728.7 828.0 943.8 1031.7 1040.1 1158.2 1176.8 1080.6 985.6 888.0 938.3 992.5 881.6 861.9 874.2 804.8 714.5 716.7 743.5 762.4 797.8 865.7 918.6 978.0 1041.6 1082.6 1176.2 1115.0 1007.1 1005.7 1045.3 1068.4 927.9
2074.6 2098.4 2050.6 2013.2 2036.0 1990.9 1889.9 1815.1 1794.3 1850.3 1968.4 2028.2 1919.3 1879.1 1853.5 1834.8 1683.4 1545.9 1389.8 1266.7 1199.4 1167.0 1128.4 1052.9 966.7 867.0 739.1 638.5 642.3 677.0 737.0 730.7 748.0 921.8 992.2 842.5 769.9 771.3 827.0 900.9 1013.0 1103.0 1115.6 1145.1 1156.0 1094.9 991.1 945.9 1023.6 1007.0 981.2 938.7 852.6 762.4 776.1 746.8 766.1 756.8 763.5 781.3 808.2 849.4 875.4 949.3 996.8 1049.4 1117.7 1152.7 1094.1 1031.6 958.7
2018.4 1915.4 1896.5 1910.9 1824.0 1817.8 1754.4 1615.8 1536.3 1591.7 1743.3 1796.1 1648.2 1596.6 1605.2 1731.1 1751.4 1713.2 1643.8 1541.9 1476.8 1402.1 1337.6 1235.3 1007.2 792.3 659.7 768.2 846.2 925.2 959.7 925.2 824.0 976.0 967.6 925.8 872.5 864.1 885.9 960.3 974.6 951.5 914.4 936.9 983.5 1070.0 1068.9 1005.9 1125.8 1131.8 1051.8 909.1 799.1 803.8 849.1 773.5 778.9 795.0 788.4 785.8 795.3 830.5 906.9 998.4 1030.2 1136.1 1285.9 1253.2 1083.2 961.0 851.0
1807.5 1666.3 1578.4 1579.7 1497.4 1508.6 1560.6 1519.3 1358.5 1370.5 1513.6 1589.3 1525.5 1432.5 1404.0 1498.3 1533.5 1513.0 1448.3 1377.3 1316.9 1214.3 1128.0 1071.0 863.0 672.5 719.2 865.4 1009.5 1183.6 1232.0 1103.1 893.2 1008.1 1076.7 1053.4 1032.5 992.9 979.9 905.8 873.0 836.0 760.9 802.1 953.3 940.6 932.2 1001.3 1111.8 1047.1 973.5 926.2 843.1 857.1 896.1 827.5 779.7 794.2 851.2 867.6 805.2 846.2 919.8 1078.3 1131.7 1189.7 1280.1 1270.2 1170.2 1066.9 939.1
1621.8 1520.3 1388.3 1305.3 1235.0 1250.6 1298.1 1356.4 1205.2 1227.2 1393.8 1444.2 1379.3 1301.1 1207.8 1220.0 1251.6 1276.0 1225.7 1152.6 1109.7 1037.4 966.3 859.1 715.6 684.9 818.0 970.7 1115.3 1274.6 1255.8 1068.8 973.4 1079.9 1202.8 1147.0 1061.6 959.0 859.5 791.1 705.6 676.1 705.6 803.1 915.8 809.9 793.9 944.0 1031.1 1031.4 1011.6 1012.5 980.2 890.4 839.0 803.4 831.5 859.0 830.2 940.0 884.5 841.6 958.7 1022.6 986.9 1061.7 1157.7 1039.4 966.7 835.4 790.9
1775.4 1691.0 1564.1 1412.4 1224.3 1096.0 1069.2 1039.5 999.5 1063.6 1153.5 1232.1 1194.8 1078.4 1005.6 948.9 981.0 1022.0 981.9 992.9 965.1 880.1 808.1 736.2 671.5 808.2 840.5 904.1 1046.1 1155.3 1299.7 1225.9 1197.7 1198.4 1172.5 1088.9 955.0 838.7 792.6 796.6 774.2 672.2 681.7 804.2 837.6 656.6 766.5 859.5 822.8 836.4 871.0 953.9 985.6 888.8 829.6 811.6 829.4 883.7 851.0 948.8 848.0 733.3 803.0 845.7 830.9 959.8 1060.3 983.6 850.0 702.5 575.9
1626.1 1574.8 1537.5 1492.4 1404.2 1263.6 1151.4 1105.5 988.0 918.3 925.0 993.2 970.4 894.5 812.5 763.9 764.3 760.0 746.5 766.8 744.0 721.5 751.6 791.0 863.4 955.3 1112.9 1105.5 1109.2 1193.8 1393.2 1493.8 1521.2 1476.2 1345.3 1264.8 1105.7 917.6 915.3 879.1 809.1 710.9 603.1 735.1 769.1 586.4 637.6 713.5 643.0 703.0 675.3 762.4 833.0 813.1 878.8 955.1 974.9 1000.1 925.5 952.7 804.2 682.9 619.5 690.0 618.5 767.3 870.1 907.0 972.3 885.3 746.1
1607.6 1454.1 1312.1 1223.4 1173.3 1131.4 1123.9 1144.0 1147.3 1026.4 876.7 792.0 742.6 740.1 748.1 766.1 782.8 789.0 813.0 809.9 839.9 807.4 798.7 956.1 1115.2 1206.7 1307.2 1319.5 1329.1 1421.9 1477.9 1500.6 1576.5 1544.4 1506.9 1472.7 1317.4 1039.3 870.1 777.6 715.3 651.7 550.4 643.6 711.0 544.3 536.8 560.0 630.3 704.5 597.3 554.4 626.5 676.0 764.3 902.1 967.1 971.6 925.2 817.2 730.7 719.9 728.8 545.0 422.2 559.1 598.4 747.0 913.8 965.2 892.1
1631.2 1492.0 1338.4 1255.1 1160.3 1053.0 996.4 980.6 1040.4 987.3 892.0 740.1 749.2 879.0 868.9 941.3 989.6 1021.3 1000.8 1012.2 1068.3 997.2 919.4 920.5 1054.7 1148.1 1190.5 1285.7 1406.1 1445.8 1320.1 1211.8 1171.3 1232.7 1198.7 1273.1 1361.9 1202.9 996.9 833.0 710.5 651.4 570.0 515.3 551.2 482.3 523.4 590.2 556.0 615.5 649.8 490.8 496.1 605.5 683.9 759.0 774.7 688.9 702.0 702.6 599.3 620.5 650.7 637.8 476.9 343.2 509.2 712.1 823.6 693.4 784.9
1656.7 1509.5 1384.3 1255.9 1174.6 1122.0 1042.9 930.6 881.6 825.1 777.2 835.3 907.1 1020.7 1046.6 1142.5 1298.9 1329.1 1228.4 1199.9 1252.0 1227.3 1092.6 1059.5 1169.3 1184.6 1283.2 1289.6 1270.7 1254.8 1167.6 994.8 855.5 921.3 921.8 1059.0 1146.5 1288.6 1241.1 1070.2 859.8 729.5 628.4 550.0 507.6 424.6 438.6 502.5 456.8 488.7 572.9 471.7 425.9 552.4 609.4 671.6 707.4 623.2 547.1 500.2 485.3 475.1 430.8 431.4 425.6 274.3 378.9 527.6 549.0 510.4 567.2
1635.2 1582.6 1482.1 1392.9 1372.6 1245.5 1140.6 1030.9 915.5 800.1 813.4 888.1 955.7 1063.3 1199.6 1312.6 1499.8 1625.8 1560.5 1484.5 1454.5 1353.7 1286.1 1271.1 1298.0 1365.9 1296.4 1189.8 1105.5 1059.0 989.8 858.9 722.2 691.4 746.4 854.5 912.4 1076.8 1174.8 1126.6 919.5 764.5 661.4 595.0 552.1 528.1 441.6 363.1 334.4 339.6 385.9 332.6 408.0 542.4 620.6 658.2 714.4 669.8 572.2 464.3 415.8 378.7 347.7 362.6 375.2 276.4 230.3 220.4 236.5 293.6 439.4
1526.6 1537.6 1519.7 1522.8 1505.4 1406.5 1242.5 1045.7 894.5 805.5 878.9 952.5 1023.2 1165.8 1296.5 1485.8 1667.4 1672.1 1633.6 1593.5 1538.5 1512.3 1467.2 1466.9 1468.3 1479.1 1381.8 1286.7 1179.4 1032.6 946.6 871.8 730.0 565.0 601.8 667.3 821.7 828.1 944.4 1034.2 1012.1 995.4 917.6 844.8 837.2 774.2 623.4 543.8 502.8 398.0 288.9 259.6 420.7 516.9 558.6 671.2 738.7 700.9 629.5 619.9 554.9 503.9 493.7 513.4 471.7 429.8 401.3 393.6 235.8 146.6 249.8
1339.7 1380.8 1372.3 1317.4 1315.0 1284.3 1211.1 1053.0 862.8 914.8 1089.2 1027.0 997.8 1070.8 1180.4 1428.2 1598.9 1527.1 1463.4 1433.4 1391.9 1453.5 1461.6 1404.0 1426.4 1461.5 1282.7 1083.0 1020.1 942.6 818.6 762.2 829.5 626.0 497.7 552.5 616.2 660.6 834.8 819.7 708.5 806.4 755.9 836.0 923.2 934.4 893.9 798.9 667.9 504.7 355.3 238.5 340.0 470.3 587.1 584.5 694.6 787.5 758.2 719.8 596.3 522.2 528.6 540.6 506.9 501.7 466.2 396.1 234.4 131.0 84.0
