data/case_study_destine/merger_hmc_by_domain/geo/LiguriaDomain.dem.txt
ncols   559
nrows   167
xllcorner    7.4952
yllcorner    43.7565
cellsize    0.005007
NODATA_value -9999
[rows 0 to 30 of 167, columns 0 to 70 of 559]
-9999.0 -9999.0 -9999.0 -9999.0 -9999.0 -9999.0 -9999.0 -9999.0 -9999.0 -9999.0 -9999.0 -9999.0 -9999.0 -9999.0 -9999.0 -9999.0 -9999.0 -9999.0 -9999.0 -9999.0 -9999.0 -9999.0 -9999.0 -9999.0 -9999.0 -9999.0 -9999.0 -9999.0 -9999.0 -9999.0 -9999.0 -9999.0 -9999.0 -9999.0 -9999.0 -9999.0 -9999.0 -9999.0 -9999.0 -9999.0 -9999.0 -9999.0 -9999.0 -9999.0 -9999.0 -9999.0 -9999.0 -9999.0 -9999.0 -9999.0 -9999.0 -9999.0 -9999.0 -9999.0 -9999.0 -9999.0 -9999.0 -9999.0 -9999.0 -9999.0 -9999.0 -9999.0 -9999.0 -9999.0 -9999.0 -9999.0 -9999.0 -9999.0 -9999.0 -9999.0 -9999.0
-9999.0 -9999.0 -9999.0 -9999.0 -9999.0 -9999.0 -9999.0 -9999.0 -9999.0 -9999.0 -9999.0 -9999.0 -9999.0 -9999.0 -9999.0 -9999.0 -9999.0 -9999.0 -9999.0 -9999.0 -9999.0 -9999.0 -9999.0 -9999.0 -9999.0 -9999.0 -9999.0 -9999.0 -9999.0 -9999.0 -9999.0 -9999.0 -9999.0 -9999.0 -9999.0 -9999.0 -9999.0 -9999.0 -9999.0 -9999.0 -9999.0 -9999.0 -9999.0 -9999.0 -9999.0 -9999.0 -9999.0 -9999.0 -9999.0 -9999.0 -9999.0 -9999.0 -9999.0 -9999.0 -9999.0 -9999.0 -9999.0 -9999.0 -9999.0 -9999.0 -9999.0 -9999.0 -9999.0 -9999.0 -9999.0 -9999.0 -9999.0 -9999.0 -9999.0 -9999.0 -9999.0
-9999.0 -9999.0 432.4 439.8 440.1 435.3 424.3 406.0 410.7 420.8 419.8 417.7 415.0 412.6 409.5 401.2 387.1 385.5 376.8 376.2 370.2 379.9 391.7 385.1 380.6 361.3 362.6 365.2 351.4 352.7 354.8 365.5 368.6 354.1 356.0 347.3 351.9 371.3 362.7 350.5 359.9 371.9 370.4 367.3 368.8 374.2 362.8 367.9 383.7 379.7 378.5 373.3 350.1 308.1 288.1 263.4 254.6 320.7 390.4 412.8 410.2 405.0 396.5 360.7 385.8 384.3 355.1 348.4 356.7 362.7 347.9
-9999.0 -9999.0 451.3 448.0 443.5 433.4 412.7 418.8 426.9 426.3 424.7 422.2 419.7 415.4 393.5 387.4 396.3 399.3 389.7 380.5 392.3 401.9 399.9 390.7 383.4 362.9 371.9 355.3 360.0 363.9 366.3 381.2 380.4 378.1 371.7 369.1 351.2 366.9 375.2 372.6 355.8 371.3 374.7 373.3 373.8 376.1 360.9 382.7 385.8 369.3 364.0 353.9 334.8 318.6 300.8 269.4 299.8 372.5 397.0 409.6 407.4 403.9 396.9 368.4 403.5 404.3 366.3 354.1 363.7 357.7 346.3
-9999.0 -9999.0 455.4 450.5 440.9 418.8 422.1 431.2 432.2 430.6 428.8 426.2 420.6 401.6 398.2 405.5 396.0 385.8 391.8 407.1 410.1 407.0 402.6 394.9 384.8 360.4 363.2 376.6 381.7 366.7 374.1 383.7 382.9 381.5 380.1 374.8 360.6 374.0 372.6 376.3 363.2 373.3 377.1 376.4 376.5 375.1 360.7 388.7 381.1 356.6 363.1 351.5 346.0 326.1 283.2 305.4 357.7 397.7 416.5 416.4 405.4 398.1 384.4 384.0 406.5 415.7 397.9 371.9 366.6 346.3 361.3
-9999.0 -9999.0 457.6 435.8 429.1 433.2 442.3 439.0 435.6 433.0 430.4 427.1 411.2 397.6 398.5 393.3 395.9 393.9 412.5 412.4 401.6 406.8 403.8 398.8 379.7 373.4 387.3 386.1 382.5 362.8 384.1 386.6 386.1 384.9 384.0 380.2 364.2 364.0 364.2 366.4 358.1 377.7 379.4 378.5 378.9 369.6 371.4 392.5 380.6 369.3 374.7 357.0 330.1 308.3 285.2 329.7 389.5 414.2 422.6 402.8 385.8 384.4 376.9 393.6 405.9 413.9 400.1 364.4 350.7 355.7 368.0
-9999.0 -9999.0 447.3 435.2 452.5 451.3 447.5 443.7 440.0 436.7 431.8 416.8 398.9 401.5 411.2 417.6 415.5 393.8 413.4 414.3 391.6 408.5 407.3 399.5 371.4 387.9 391.9 390.7 379.5 373.3 388.8 388.6 389.3 387.9 382.7 384.8 379.7 375.7 381.5 368.1 361.6 382.6 382.5 381.9 382.3 367.8 385.4 397.3 397.9 379.7 332.4 318.9 312.1 312.7 324.0 337.6 398.3 415.2 420.8 397.2 406.8 394.1 379.6 397.1 402.5 396.2 376.9 363.5 355.8 369.9 372.0
-9999.0 -9999.0 450.8 457.3 458.0 455.6 452.1 448.5 445.0 436.9 417.2 412.1 420.7 429.9 428.0 424.6 421.1 403.2 409.8 417.6 395.9 410.5 408.4 384.0 386.4 398.1 397.3 396.0 373.7 387.1 392.0 392.4 385.4 374.6 368.7 369.5 374.0 367.9 377.7 377.1 368.0 386.7 386.0 385.7 387.3 390.5 397.2 399.9 373.7 316.9 313.0 328.6 340.6 353.5 324.4 358.9 405.1 409.9 404.3 416.0 421.4 399.7 387.4 397.1 383.9 375.5 352.9 359.5 367.7 363.0 342.3
-9999.0 -9999.0 467.1 464.7 462.1 458.8 455.3 446.8 430.4 425.3 434.0 441.5 437.3 424.5 424.9 418.0 407.3 405.4 418.2 420.4 398.5 411.9 406.0 382.6 403.2 404.3 403.2 392.9 377.6 396.9 396.3 395.3 376.4 381.7 392.7 392.6 391.9 376.2 371.4 380.7 385.6 389.9 389.3 388.6 391.9 399.1 390.3 355.7 314.7 318.2 354.3 365.2 384.6 362.6 349.6 396.6 416.9 398.9 419.5 428.5 423.8 390.4 390.0 379.1 372.6 348.3 350.0 334.9 334.5 317.8 333.7
-9999.0 -9999.0 471.9 469.0 465.7 460.8 449.6 430.8 445.3 452.0 449.3 446.7 438.5 421.5 426.6 426.3 427.2 429.7 427.2 422.4 396.9 412.9 398.4 390.2 408.5 409.1 407.4 382.2 396.1 401.5 400.1 398.4 383.0 373.7 396.6 396.2 390.3 376.9 388.6 392.7 392.6 392.4 391.6 386.6 387.2 386.3 370.7 333.6 336.4 376.2 384.7 375.9 352.6 347.4 397.7 429.0 422.5 420.1 428.8 424.5 401.5 382.6 375.0 361.5 357.2 352.3 343.8 347.1 323.6 336.2 362.0
-9999.0 -9999.0 476.5 472.6 462.7 441.9 445.0 455.8 459.1 455.9 453.1 451.0 445.9 423.5 441.1 438.5 435.5 432.8 430.0 426.9 404.1 395.4 387.1 407.3 413.3 412.6 409.6 387.6 402.5 405.2 404.2 403.1 387.3 396.9 400.9 398.3 393.3 389.5 383.2 382.4 388.1 393.5 386.8 368.7 380.8 376.5 360.6 328.3 372.2 386.5 380.3 353.9 362.7 394.1 423.9 430.8 428.8 427.7 418.8 405.4 407.5 378.3 376.2 377.6 380.3 380.8 373.0 338.2 336.7 382.7 385.1
-9999.0 -9999.0 475.2 455.4 454.3 460.6 466.7 466.1 463.6 460.2 457.2 454.9 451.4 427.5 439.2 431.8 432.7 435.1 432.0 429.8 423.4 403.2 398.1 415.7 415.9 414.4 411.7 390.6 407.6 408.8 408.6 408.6 408.3 406.3 401.6 382.7 380.6 386.3 388.5 382.4 376.9 374.8 366.9 381.1 377.3 366.7 348.7 339.8 389.1 394.9 368.6 364.8 385.7 420.7 428.8 429.1 431.6 431.9 417.3 423.9 391.3 377.7 393.5 389.1 384.2 378.8 352.7 347.7 381.5 407.1 408.2
-9999.0 -9999.0 456.2 469.2 477.7 476.7 473.6 470.5 467.1 463.7 450.1 437.9 435.5 422.9 421.3 425.2 435.5 436.1 432.3 421.7 402.6 392.5 404.6 412.3 415.4 414.5 413.6 392.2 406.6 405.4 404.0 401.6 395.7 393.8 382.7 390.5 401.3 400.0 388.6 376.9 374.9 370.9 377.4 377.6 375.0 360.7 334.2 379.6 401.3 389.3 363.2 379.8 407.3 426.3 428.9 429.4 432.8 428.6 413.4 388.9 377.5 391.2 393.4 389.0 376.5 357.5 365.5 403.3 415.4 419.1 414.8
-9999.0 -9999.0 479.8 482.9 482.2 481.2 478.5 475.0 470.4 465.6 444.0 451.7 452.2 436.1 436.6 443.0 440.7 437.6 430.2 404.4 399.7 406.2 411.8 406.5 402.9 398.4 398.8 396.1 398.3 398.5 401.8 399.7 401.8 402.6 402.2 404.4 395.9 389.2 379.3 388.2 373.6 387.5 379.9 372.0 363.9 336.8 352.6 403.5 413.7 393.6 360.3 389.7 422.4 428.1 428.2 425.8 403.2 378.9 360.6 375.2 390.5 394.1 394.5 384.7 363.0 379.4 414.9 415.5 405.9 401.5 389.4
-9999.0 -9999.0 496.1 493.8 490.6 487.1 482.4 478.4 474.4 469.4 451.9 454.3 456.0 435.1 442.8 447.4 443.4 439.5 427.4 414.1 427.5 419.7 412.2 406.8 404.0 407.0 408.7 412.9 417.7 417.4 415.8 414.5 413.0 411.2 408.0 394.0 385.9 379.9 380.2 379.5 393.6 387.0 378.5 366.3 340.3 356.9 400.3 407.0 411.6 399.9 378.8 395.3 427.3 428.1 421.5 398.8 375.4 384.9 370.5 392.2 393.4 392.7 389.2 376.5 401.4 412.1 405.6 401.9 420.1 414.1 392.9
-9999.0 -9999.0 502.8 499.8 496.0 492.0 487.1 482.3 478.1 474.2 462.6 454.4 464.4 459.7 455.7 452.0 447.6 442.5 421.2 426.2 435.8 435.0 432.7 429.1 423.5 419.4 414.1 406.7 401.7 404.8 409.7 405.6 400.1 398.4 392.6 395.7 410.9 394.0 390.3 384.4 391.2 378.8 375.5 356.4 353.2 401.2 407.8 403.4 397.2 388.6 368.2 392.5 425.1 416.1 402.0 377.7 379.4 391.9 381.2 398.7 395.3 379.5 373.2 397.4 395.2 403.0 424.2 428.1 428.5 424.9 401.5
-9999.0 -9999.0 504.3 492.3 481.4 493.3 491.0 485.7 480.9 477.3 468.0 456.8 466.6 463.7 458.6 453.8 450.5 433.5 420.2 438.8 439.8 438.9 435.5 431.2 428.3 427.5 427.9 427.3 418.5 399.6 405.5 414.8 416.7 416.7 417.8 419.9 419.4 404.8 387.4 392.2 380.4 373.4 361.8 358.1 398.0 404.6 404.7 403.9 383.8 388.0 390.6 393.4 407.6 403.7 389.3 375.8 376.2 373.1 379.6 393.0 380.6 371.9 401.9 410.9 409.0 406.8 428.0 430.0 425.8 405.3 417.4
-9999.0 -9999.0 487.3 492.5 498.3 497.6 493.0 487.2 481.9 478.5 470.7 452.8 467.1 463.8 459.8 455.4 444.5 425.4 444.2 446.2 443.8 440.4 437.7 434.3 430.5 426.0 424.8 416.6 404.9 403.4 417.5 427.6 425.8 425.5 425.9 426.4 405.4 384.3 394.5 383.8 374.4 355.4 357.4 394.4 407.7 406.7 406.2 406.2 395.0 394.0 403.3 397.2 398.6 399.2 380.5 382.8 373.7 381.0 398.6 380.6 386.8 399.4 423.2 420.2 434.7 416.8 432.1 433.0 423.2 416.4 430.5
-9999.0 -9999.0 509.5 509.0 504.2 498.6 493.5 488.7 482.1 477.6 472.7 454.0 469.1 464.9 461.3 447.8 433.7 447.2 450.3 448.7 447.4 444.7 442.3 439.8 433.1 412.0 423.0 425.5 429.5 411.9 430.8 431.9 430.5 429.5 426.3 412.5 388.5 394.0 383.4 371.9 352.4 344.8 380.1 411.1 416.1 413.2 410.4 407.8 387.5 401.2 404.0 384.5 398.3 391.4 379.2 376.5 385.2 401.5 398.2 379.9 402.9 416.8 434.5 444.5 443.9 438.9 438.0 435.7 432.8 430.9 431.3
-9999.0 -9999.0 502.4 500.2 498.2 493.7 489.4 487.5 482.7 474.7 457.6 454.8 473.1 468.4 452.6 440.8 458.7 458.9 454.1 452.3 451.0 449.8 448.0 446.3 444.4 425.9 433.8 441.9 438.3 419.9 420.3 437.0 432.5 415.7 405.2 402.5 398.9 388.5 376.6 350.1 343.3 374.9 407.5 420.3 416.2 413.1 404.8 390.5 395.3 410.0 400.2 384.4 404.6 392.2 379.8 393.7 406.0 404.6 390.8 397.9 421.6 433.4 440.4 444.6 445.1 443.4 441.1 438.2 434.8 431.8 430.1
-9999.0 -9999.0 497.0 488.1 492.9 489.4 479.1 467.1 461.8 461.3 464.3 456.0 467.4 452.3 453.4 465.4 466.5 464.5 460.5 457.5 455.1 453.2 451.6 450.4 449.4 443.9 424.7 442.7 444.6 434.8 428.4 437.6 414.7 415.2 410.5 400.1 388.7 371.4 354.3 365.4 395.1 417.6 422.6 421.4 418.6 416.4 400.9 407.2 413.7 413.3 408.7 394.3 382.1 382.5 400.4 408.3 408.8 404.2 386.0 419.0 437.7 450.5 452.1 448.5 444.9 443.8 443.3 441.0 436.3 431.5 429.3
-9999.0 -9999.0 502.4 487.9 499.0 506.7 499.5 488.4 483.8 481.0 475.7 453.8 452.3 465.8 474.2 474.4 473.2 469.7 466.1 463.0 460.0 457.1 452.1 446.6 452.8 451.8 439.6 429.0 447.2 445.8 423.7 416.1 413.9 414.9 403.4 393.5 373.3 354.1 379.4 416.6 423.4 425.8 426.0 424.4 421.6 418.9 401.0 412.3 416.7 416.7 413.9 404.3 381.5 400.9 409.1 409.4 409.2 389.3 404.0 429.3 446.5 453.4 452.3 447.9 442.5 440.5 440.8 439.5 436.3 431.2 428.3
-9999.0 -9999.0 517.3 500.3 485.9 502.6 501.5 498.5 491.3 468.6 457.6 462.2 475.5 479.3 478.3 477.0 476.1 474.2 471.1 466.6 463.2 460.0 452.9 431.8 453.2 454.1 451.4 431.4 438.4 442.9 414.8 410.1 415.0 403.8 392.5 380.8 363.4 397.0 433.9 444.6 434.8 429.3 427.7 425.9 421.8 405.2 399.6 417.7 419.0 418.4 417.2 396.0 395.5 412.9 412.6 413.1 407.7 401.1 430.9 446.5 452.8 447.8 434.6 429.2 423.4 420.9 416.5 412.5 412.5 415.8 408.0
-9999.0 -9999.0 512.3 515.1 509.0 508.2 502.3 495.4 489.5 481.1 462.1 475.0 480.8 479.4 478.7 478.1 478.2 477.8 473.8 470.0 466.2 462.8 442.4 436.7 456.0 456.6 454.4 440.0 438.4 424.7 407.0 416.6 406.8 395.8 371.5 354.0 384.3 437.2 440.3 441.5 437.4 432.5 429.7 422.2 404.0 407.6 420.7 421.6 420.2 413.5 401.8 394.2 413.9 417.1 416.7 416.9 400.7 428.2 447.1 444.7 435.9 428.9 441.1 446.6 442.8 437.6 430.7 426.9 409.3 384.7 382.7
-9999.0 -9999.0 510.6 514.5 511.7 508.9 501.5 492.4 483.4 466.6 461.9 482.8 482.5 480.1 478.8 479.0 479.4 479.0 475.9 473.0 471.6 467.2 450.2 440.5 456.9 460.3 450.5 434.4 443.3 411.0 415.2 409.7 400.9 385.7 359.3 391.8 441.1 444.9 440.1 438.9 438.1 435.3 427.5 406.6 416.9 421.0 420.9 417.4 398.8 395.7 394.6 414.4 419.4 418.9 418.6 413.2 408.2 449.4 447.5 436.4 442.9 449.2 451.6 449.5 444.6 437.9 420.0 404.4 402.4 401.7 396.8
-9999.0 -9999.0 517.5 514.0 511.8 509.6 503.0 478.5 477.5 479.7 471.0 488.6 486.8 484.2 482.4 482.6 482.7 479.8 475.9 474.7 475.3 473.6 471.2 451.1 451.9 460.6 440.0 441.3 426.4 411.4 418.9 406.5 392.4 379.4 399.4 435.3 441.9 440.4 441.7 437.4 425.4 416.0 414.7 412.7 409.8 406.2 401.6 398.8 401.9 407.4 408.9 424.1 420.0 413.1 420.1 403.4 425.7 449.2 454.4 452.6 448.9 446.0 444.6 436.2 417.3 408.5 410.0 415.2 411.4 407.1 398.4
-9999.0 -9999.0 517.4 514.5 511.4 502.4 484.7 483.0 499.8 485.3 491.3 494.4 491.3 487.6 485.5 485.3 485.2 474.2 461.8 462.0 466.3 476.2 475.9 462.3 450.8 444.4 436.1 427.4 419.0 420.9 414.0 393.3 392.5 420.8 426.5 426.9 424.9 424.0 422.6 421.4 428.9 438.3 440.8 439.4 437.4 435.1 419.4 411.8 419.8 405.5 425.9 421.9 404.3 415.2 411.2 413.6 443.8 452.1 450.4 446.4 434.4 415.5 408.5 409.0 412.2 412.6 408.5 398.4 383.7 354.7 322.8
-9999.0 -9999.0 519.0 516.3 500.9 490.5 501.0 506.2 505.3 491.6 491.0 496.6 492.7 489.6 487.8 490.0 488.4 487.1 470.1 468.4 459.5 469.5 477.4 470.6 448.4 436.8 430.4 416.6 419.6 403.3 390.1 404.7 432.4 451.1 445.2 439.8 439.6 439.4 443.3 446.6 448.9 447.8 444.8 443.1 442.7 435.0 415.6 428.8 409.7 424.3 424.3 405.2 421.1 427.3 411.7 428.9 433.0 425.9 415.9 409.8 410.5 414.9 412.3 407.3 400.7 375.8 346.3 336.3 337.7 337.7 355.0
-9999.0 -9999.0 524.8 519.0 494.0 507.4 510.9 509.5 507.7 498.4 482.3 481.5 478.6 478.8 485.5 493.7 490.6 479.2 463.2 469.3 480.5 462.2 462.6 459.2 438.7 433.2 412.6 404.4 399.7 401.1 429.9 446.4 462.2 462.6 459.0 453.9 451.8 437.5 428.5 429.4 434.8 438.7 437.0 440.7 440.3 421.2 429.0 420.0 419.8 427.8 412.2 425.3 430.0 425.6 419.1 408.1 409.4 419.0 422.0 420.9 414.5 405.2 391.7 365.0 356.2 341.1 362.9 389.0 396.9 406.2 411.5
-9999.0 -9999.0 520.3 500.7 500.2 515.8 514.9 512.9 511.0 511.2 508.1 506.3 503.2 500.6 499.2 499.1 491.8 479.0 471.7 487.2 488.1 480.0 457.8 439.2 422.6 420.5 424.1 418.7 424.8 452.7 472.4 471.2 469.0 468.6 467.3 456.4 441.4 443.1 452.8 450.4 441.7 437.0 422.5 424.6 429.1 423.0 425.7 417.4 418.1 416.0 423.7 420.6 413.4 414.7 416.8 424.1 427.7 426.8 422.5 413.9 405.5 381.6 339.5 346.5 344.7 389.4 418.4 428.1 428.5 425.4 416.2
-9999.0 -9999.0 509.1 521.7 526.5 524.6 520.4 512.7 503.8 509.5 517.2 512.8 508.5 504.1 503.6 504.2 504.8 499.3 479.7 489.2 469.8 454.4 439.3 438.0 439.6 437.0 431.0 456.9 472.1 454.2 468.9 472.8 472.1 471.3 457.0 446.8 461.8 462.5 452.7 437.8 445.3 437.4 439.7 448.4 448.0 445.9 439.9 431.5 424.6 416.9 422.5 429.8 435.7 435.3 432.0 429.5 425.9 416.9 405.6 395.9 374.8 339.8 372.4 383.8 409.9 439.7 435.9 430.8 428.7 426.2 420.8
