data/case_study_destine/merger_hmc_by_domain/geo/LiriDomain.dem.txt
ncols   487
nrows   300
xllcorner    12.2408
yllcorner    41.1949
cellsize    0.005009
NODATA_value -9999
[rows 102 to 135 of 300, columns 75 to 149 of 487]
75.2 107.3 86.3 105.0 97.1 112.6 121.9 136.2 138.7 149.3 133.8 107.3 130.8 170.5 181.2 172.4 146.1 143.1 168.5 208.4 227.8 246.2 254.1 262.4 264.1 299.4 318.2 399.8 514.4 636.7 594.0 519.7 574.3 495.2 415.1 354.3 366.4 384.3 397.6 406.6 421.5 443.0 515.1 627.2 641.8 545.7 498.4 532.8 578.8 590.2 591.7 614.0 636.5 642.7 642.8 680.0 859.7 935.3 867.3 751.4 736.2 836.0 926.2 897.7 906.5 963.3 1055.4 1005.7 963.2 995.2 973.3 933.3 916.8 773.0 597.0
38.1 76.8 87.4 82.1 82.6 93.4 111.8 114.0 130.8 132.7 109.5 107.9 142.5 165.6 172.4 176.3 193.7 183.7 152.8 173.1 206.6 226.2 237.7 237.6 265.5 265.2 274.4 308.1 394.8 444.3 421.0 378.5 412.0 391.3 352.8 326.0 375.9 381.4 389.0 396.6 399.3 412.7 434.9 459.5 471.9 455.7 432.1 461.0 488.1 509.6 569.6 648.4 659.5 687.9 678.0 755.5 909.0 1003.1 974.8 866.2 743.7 802.7 865.6 953.5 993.5 1020.9 1094.2 1090.2 1077.7 1093.8 1097.4 1019.9 1006.8 893.9 695.6
60.1 36.6 55.9 66.7 75.3 80.6 92.2 104.9 117.2 108.5 93.7 113.8 145.1 141.6 139.3 171.0 178.4 191.4 193.1 163.4 187.5 203.5 211.0 230.1 242.5 226.3 231.1 263.6 289.4 281.2 283.8 292.7 300.7 316.5 316.4 344.5 377.6 361.0 356.9 366.1 384.3 398.5 382.4 378.3 386.8 393.7 403.9 422.8 442.2 476.5 499.6 529.3 560.6 599.5 691.8 844.5 1030.5 1078.1 1012.5 955.4 816.1 756.7 822.8 883.8 946.1 1003.1 1040.8 1108.0 1159.6 1218.7 1207.9 1102.0 1031.9 958.6 798.3
72.7 55.1 38.5 48.1 66.8 83.8 84.4 97.2 112.4 89.8 93.5 119.6 115.4 136.8 167.1 159.0 166.6 186.3 203.2 189.6 173.4 185.6 193.3 210.6 208.4 217.4 278.1 300.7 290.7 299.7 317.6 297.3 274.2 306.8 333.8 345.6 325.9 322.2 324.9 348.8 359.3 353.9 383.8 418.0 464.0 463.5 442.2 424.6 466.2 493.0 502.3 534.3 616.5 645.0 769.0 936.2 1110.8 1176.2 1122.7 1042.3 908.7 789.9 813.9 919.1 939.2 940.3 953.6 1023.7 1110.5 1165.3 1165.5 1121.0 1020.6 933.1 822.0
80.2 61.3 52.9 36.2 56.3 63.7 79.8 95.1 94.4 79.4 92.2 101.2 122.9 146.5 166.6 178.4 190.1 190.2 203.3 215.1 214.9 199.4 206.1 216.6 241.2 255.4 267.1 282.0 300.5 321.4 337.6 349.1 359.7 393.4 343.7 301.4 306.2 321.5 361.4 359.3 356.2 391.5 419.2 459.5 515.3 537.8 524.6 490.5 449.8 502.4 568.4 587.4 664.3 696.1 807.3 942.0 1058.3 1106.5 1099.5 1009.5 897.0 799.6 799.5 833.1 856.9 860.3 913.1 1014.7 1042.5 1014.6 1047.8 1107.6 1009.1 987.3 867.3
83.7 64.4 55.6 35.7 54.7 57.3 72.1 87.6 76.3 77.1 100.2 116.1 116.6 129.4 142.7 160.0 159.5 166.5 177.8 188.2 185.0 213.0 235.5 236.9 240.6 236.4 251.7 261.3 285.1 308.9 332.3 366.4 415.8 455.5 404.3 332.6 348.9 357.7 350.8 389.6 373.4 393.0 445.4 505.9 566.1 681.8 680.8 609.6 544.6 492.3 518.7 590.2 698.5 786.5 809.7 911.1 1022.2 1080.5 1096.1 1019.2 891.2 820.0 813.0 797.2 795.9 812.7 851.8 903.9 910.9 916.9 1001.9 1037.4 996.0 918.3 876.2
81.0 63.3 56.4 40.3 48.3 50.7 61.4 73.4 69.8 77.1 85.5 111.6 126.3 125.6 125.2 121.9 128.5 131.4 133.4 149.7 161.1 182.3 196.0 198.3 215.7 217.8 236.1 269.4 316.7 370.6 426.6 500.8 582.5 588.3 478.0 384.0 349.1 374.1 391.8 383.7 393.1 416.4 477.2 543.4 641.3 808.8 854.3 817.7 688.3 583.5 523.9 548.9 641.7 754.7 876.0 976.9 1056.2 1048.1 1111.2 1071.9 896.4 900.4 881.5 849.0 824.3 811.7 785.9 792.5 829.1 896.9 949.3 938.5 959.5 903.4 826.1
69.5 58.1 56.4 49.3 39.7 55.2 68.2 78.2 88.0 104.6 101.1 92.1 98.7 103.8 115.7 120.3 131.0 135.8 142.4 136.9 138.3 141.7 150.9 172.6 186.6 180.7 237.0 242.8 259.6 292.8 364.7 461.3 531.2 549.6 585.2 512.2 405.7 382.2 406.9 421.8 414.4 446.8 510.6 611.2 764.4 816.3 838.3 914.0 783.3 667.4 602.8 563.1 612.7 710.5 809.5 972.2 1071.0 1088.7 1082.3 1052.5 929.8 970.1 944.5 913.4 847.8 790.3 754.4 746.0 760.8 796.5 832.7 835.1 879.3 854.0 759.8
59.7 57.2 56.5 51.2 43.9 62.9 77.2 88.2 95.9 104.3 113.5 123.5 138.8 151.8 164.1 159.9 185.5 187.6 197.6 177.4 214.6 179.2 187.1 185.1 176.1 193.5 181.4 197.3 245.4 255.7 333.7 417.2 439.8 456.4 510.9 566.7 532.2 478.8 422.8 441.3 435.6 452.2 530.7 653.2 810.0 809.8 777.5 947.0 935.2 793.9 725.4 626.0 624.2 744.6 829.5 863.8 933.3 986.6 1041.1 1061.6 1004.9 958.7 949.0 884.6 811.5 752.3 729.0 726.5 724.6 720.9 731.0 753.1 806.6 785.9 673.5
58.1 56.3 56.5 47.5 45.8 62.5 72.7 84.5 95.8 97.7 112.5 114.7 139.6 133.9 149.1 162.5 161.1 169.2 195.7 187.6 203.4 198.6 202.6 243.1 235.7 253.4 236.8 189.3 209.0 237.5 292.6 328.6 361.4 398.6 449.7 496.1 578.7 593.6 539.1 529.2 545.9 497.9 489.3 629.8 725.5 638.9 677.5 843.9 1042.7 1012.4 852.9 725.9 713.2 741.6 860.7 920.7 909.8 954.0 952.7 950.7 903.4 842.5 814.2 784.6 767.2 745.7 731.4 719.4 718.4 714.3 706.5 720.3 708.1 692.3 725.7
57.6 56.3 56.1 37.9 51.5 63.1 69.2 80.3 80.5 82.3 90.1 94.2 100.6 99.4 117.7 122.0 130.1 130.6 148.3 170.1 198.7 211.9 219.1 239.3 253.7 247.0 213.9 197.3 210.2 231.6 264.8 293.6 323.9 345.8 397.7 479.8 557.7 639.6 728.5 699.5 701.7 654.0 617.1 567.8 564.1 688.4 768.2 803.8 1038.2 1153.6 997.8 817.4 852.0 858.1 881.9 954.9 1001.3 965.4 926.2 889.8 856.2 839.8 861.0 846.0 784.0 775.7 761.6 744.9 714.5 711.2 729.0 684.9 677.6 719.3 818.5
57.3 56.3 55.9 36.4 53.6 61.9 66.0 69.5 78.1 88.0 95.3 106.0 106.0 117.2 109.6 140.9 164.2 163.6 151.6 140.3 157.2 188.9 232.0 240.7 232.3 222.7 201.2 205.7 218.9 231.1 244.7 277.4 318.8 343.1 360.2 401.8 460.4 591.2 733.3 803.8 850.6 891.0 883.4 838.2 707.4 672.1 828.6 811.1 912.3 1021.6 1041.1 974.9 943.5 998.0 1023.3 1052.9 1058.8 962.8 898.1 882.3 859.9 845.5 863.7 848.5 784.5 756.8 783.5 773.6 770.7 731.5 700.6 684.1 759.8 832.0 914.5
57.5 54.1 52.4 41.2 51.6 61.9 69.0 72.5 77.0 91.4 101.4 120.1 132.4 145.1 128.3 117.9 134.3 142.4 138.1 133.2 144.8 169.5 202.5 210.3 239.3 217.8 204.2 214.7 225.4 241.4 254.6 278.1 312.6 352.9 433.4 503.5 555.2 594.2 713.3 796.0 855.0 930.3 935.7 937.5 909.1 761.0 780.2 958.9 962.1 919.8 934.4 1003.0 1054.5 1085.7 1130.8 1137.1 1073.3 963.6 897.3 863.6 858.0 868.3 856.7 818.0 790.2 753.7 739.3 757.9 767.3 740.9 690.5 748.8 858.8 952.5 1017.0
49.3 34.7 42.0 41.6 57.1 73.6 79.9 87.0 83.5 97.1 106.0 125.8 149.9 155.7 157.9 147.2 141.4 121.4 130.5 137.6 162.1 174.8 170.2 215.0 229.9 211.8 211.2 221.6 237.5 252.0 288.3 309.0 339.7 371.2 438.6 540.5 597.2 631.9 689.3 811.7 844.8 870.4 899.4 870.6 933.6 947.2 804.5 967.5 1140.6 1054.6 984.6 996.3 1127.0 1128.8 1100.9 1058.8 988.0 884.6 816.0 832.7 897.7 884.2 833.6 784.6 776.8 800.3 760.4 723.9 724.3 693.5 702.3 760.4 881.0 978.6 1079.6
49.9 35.2 52.8 54.5 60.5 73.6 78.1 85.0 94.5 92.3 103.0 120.2 133.6 154.9 171.1 166.8 169.6 147.0 133.7 136.2 153.7 173.0 183.0 227.9 209.4 203.1 217.3 225.6 226.7 240.3 283.4 340.4 419.8 379.6 411.6 491.4 561.2 634.0 686.4 750.3 786.8 798.9 830.1 868.8 945.3 996.1 873.7 987.6 1163.9 1259.6 1152.0 1035.3 1121.3 1147.8 953.4 878.7 851.2 800.5 785.7 863.1 937.9 937.4 868.4 829.4 858.8 811.6 764.4 716.9 706.7 691.3 723.6 765.7 814.2 936.9 1029.4
46.2 37.4 43.7 62.7 64.4 65.4 73.2 79.8 91.5 103.8 114.1 133.0 152.5 154.8 155.1 153.8 160.8 170.6 172.8 154.6 159.4 179.9 182.8 189.6 189.2 199.9 211.8 222.7 240.2 236.3 275.7 361.2 487.8 464.3 460.1 466.0 532.4 617.8 690.5 760.6 824.8 814.9 833.2 867.9 955.9 1029.1 952.4 1005.8 1166.8 1333.6 1258.3 1111.0 1118.0 1125.0 910.3 744.7 726.8 739.2 847.7 842.2 885.7 930.3 980.8 927.4 863.2 815.1 756.7 721.1 699.4 714.8 781.5 841.2 866.5 881.2 933.9
48.2 48.1 55.7 69.8 79.1 74.5 79.6 87.7 94.5 106.9 115.3 130.0 137.6 140.1 154.3 161.2 165.8 164.0 176.7 184.4 164.1 176.9 170.8 173.9 185.3 203.5 209.5 213.2 218.6 226.8 263.8 323.5 446.7 554.1 521.2 619.6 639.5 706.6 756.3 791.2 817.5 816.4 849.6 947.2 941.1 1024.9 1026.3 1012.0 1148.7 1340.4 1242.8 1050.3 1047.5 1121.1 921.8 774.5 684.4 701.7 736.7 740.7 797.7 839.3 930.5 963.9 843.2 776.7 735.7 720.1 713.7 716.6 747.9 829.7 871.9 893.2 1003.8
53.2 56.4 68.0 79.1 76.7 85.4 86.5 94.3 102.5 112.7 121.4 123.8 133.2 146.2 152.5 168.8 183.1 171.4 170.0 191.3 188.1 162.3 168.5 176.1 188.0 217.7 225.6 233.8 244.4 258.3 270.9 291.4 387.2 566.1 616.1 675.5 757.9 735.8 777.1 819.7 822.4 831.2 841.3 870.5 874.4 910.5 999.1 1029.1 1148.0 1333.7 1193.6 963.5 901.7 1061.4 1007.2 861.0 714.2 618.3 630.7 643.2 699.9 757.2 842.1 933.4 935.8 828.3 798.7 756.5 735.1 753.7 768.3 756.9 822.1 878.2 974.4
55.7 57.1 62.2 67.1 70.7 78.5 80.0 89.8 109.0 121.2 133.2 132.3 133.8 146.3 163.8 170.6 155.7 180.3 180.9 177.1 178.6 171.6 178.5 183.9 195.8 209.3 220.2 232.7 254.0 268.8 286.7 299.5 325.2 439.5 596.3 612.7 704.9 673.5 702.6 709.8 720.7 810.2 832.8 776.7 874.3 944.4 1012.6 1037.9 1127.1 1286.3 1260.2 1031.7 812.7 781.2 847.3 823.1 686.2 582.3 639.8 688.8 709.9 790.6 858.1 902.4 945.3 939.1 866.7 818.4 775.8 792.5 865.2 825.0 786.7 810.0 890.4
69.9 65.5 69.5 64.8 67.7 73.0 76.5 82.1 94.8 96.9 112.1 110.0 110.2 120.7 138.6 136.9 133.0 150.5 169.0 155.4 153.5 159.3 173.0 180.1 190.2 197.4 219.8 243.0 254.9 269.9 291.7 311.7 329.0 355.7 444.9 489.3 563.1 611.3 714.3 666.7 661.9 698.8 704.6 750.0 808.1 894.9 1018.4 1122.1 1147.6 1175.2 1204.4 1056.9 898.9 703.3 668.9 705.7 616.6 640.5 755.1 748.7 806.1 831.3 834.5 798.9 842.6 908.6 923.7 885.5 849.6 851.2 892.8 882.7 849.6 859.0 896.7
83.5 87.0 88.6 75.5 78.2 92.2 99.8 94.0 94.3 100.7 123.2 128.4 134.3 133.7 138.1 130.8 125.8 139.6 145.3 141.5 145.4 153.9 158.9 169.1 186.1 205.9 242.6 247.7 290.0 321.3 322.6 323.1 345.7 374.0 394.1 415.4 460.2 511.2 600.0 614.9 591.7 612.7 655.2 775.8 830.2 933.4 1041.1 1119.7 1136.4 1120.4 1008.2 933.1 843.7 694.9 608.5 678.3 564.1 625.9 724.9 737.8 756.0 784.3 704.1 705.1 745.9 824.6 902.4 959.3 961.1 941.6 937.0 922.9 917.7 945.0 933.0
77.3 93.5 90.1 87.7 93.2 110.6 121.7 113.7 129.1 95.7 105.7 137.5 155.9 171.1 189.1 175.8 139.8 131.1 130.7 133.3 140.4 146.2 158.0 179.4 202.6 209.6 214.3 227.3 271.1 335.4 413.1 470.2 524.1 507.9 484.1 502.8 524.2 535.2 551.2 571.1 638.6 743.2 763.0 745.8 839.9 981.1 1072.4 1097.5 1073.3 1023.1 972.7 1041.7 947.0 785.2 572.4 594.3 543.2 579.6 682.0 761.7 805.9 801.0 667.0 666.7 738.2 772.8 822.9 928.0 985.2 1031.9 1002.0 953.8 982.8 1022.5 967.5
98.2 94.2 110.8 97.4 116.2 125.5 137.2 136.2 138.3 128.3 123.6 103.9 127.9 156.4 183.2 186.1 173.3 171.8 136.7 129.9 136.0 142.6 148.3 158.3 175.2 180.8 184.0 224.4 279.5 323.6 375.2 456.7 603.6 696.3 702.4 715.8 693.4 708.7 698.4 733.9 861.8 994.6 998.5 909.5 939.7 1016.0 1110.1 1147.3 1118.9 1044.2 917.1 877.6 889.3 757.0 592.4 482.7 499.5 532.5 646.5 671.8 747.1 762.6 659.9 603.4 714.5 685.2 735.4 776.7 876.7 957.1 1008.6 1019.2 1023.0 1037.1 1018.1
113.0 105.7 125.0 127.5 139.2 151.1 153.7 152.9 148.5 149.7 129.2 110.2 110.4 122.7 154.0 170.7 181.9 191.6 175.1 139.2 147.7 161.8 158.5 153.0 174.9 205.1 221.5 232.1 285.6 351.0 338.5 381.6 471.6 617.2 820.4 972.0 926.7 985.5 906.3 954.3 1085.5 1111.3 1050.8 991.0 1024.4 1080.8 1162.3 1149.7 1097.5 1003.6 903.0 763.6 671.4 613.0 537.9 490.3 454.8 452.4 522.2 550.4 633.6 704.2 668.2 558.0 671.0 643.4 621.5 713.1 846.9 879.5 872.2 873.6 884.5 904.5 920.2
140.6 132.6 139.6 144.8 149.8 157.4 156.0 148.6 142.4 133.5 131.0 143.6 131.4 135.3 134.9 146.1 173.8 165.4 173.0 145.1 168.9 174.7 174.2 155.3 168.4 204.4 252.2 252.8 257.8 308.6 316.7 361.7 434.3 533.9 713.1 929.4 1108.0 1154.5 1138.7 1150.4 1164.5 1119.4 1075.7 1075.9 1107.4 1152.9 1168.4 1086.3 1029.8 980.2 932.0 845.1 840.3 807.2 724.5 593.4 479.1 433.7 455.6 502.2 592.9 592.7 602.0 527.7 570.7 550.9 651.7 738.6 832.4 787.8 754.2 770.6 773.1 797.2 790.1
160.2 150.4 154.2 146.4 147.3 165.6 169.9 167.8 157.6 145.5 155.9 180.2 148.7 158.6 145.4 170.1 183.9 166.1 177.1 151.8 165.2 179.1 186.1 179.5 187.3 193.7 242.6 265.8 286.3 284.6 300.0 347.3 407.3 488.4 651.2 885.2 1105.9 1200.6 1173.9 1139.4 1099.8 1071.7 1075.5 1110.7 1083.1 1073.8 1054.1 1000.9 1019.6 962.2 912.2 926.2 968.2 910.7 769.6 617.2 505.2 436.3 489.2 593.0 604.0 524.9 517.4 530.5 501.8 528.5 651.4 727.4 702.0 618.6 634.6 699.8 748.9 784.9 762.0
172.8 168.2 157.0 154.0 160.2 148.9 152.0 181.4 176.7 169.6 166.1 184.7 197.9 170.4 160.7 184.6 187.3 169.8 185.9 158.1 172.8 185.2 178.8 188.9 225.8 239.0 237.5 270.1 262.8 256.7 291.2 317.1 370.1 441.3 552.6 746.2 981.8 1049.8 1075.4 1088.6 1080.1 1101.8 1081.5 1076.2 1089.8 1069.2 947.5 914.8 941.6 873.4 912.1 891.1 872.0 817.7 706.7 620.5 535.8 440.8 498.5 657.6 644.3 554.3 514.5 494.6 501.9 445.4 555.0 595.8 593.5 518.9 561.1 679.0 779.4 801.7 762.2
180.9 172.7 169.1 172.8 165.7 165.4 161.4 170.9 197.5 204.4 210.7 216.0 233.9 205.7 198.8 192.9 184.9 211.0 192.6 182.4 178.1 199.9 224.4 202.5 226.3 253.6 256.4 252.3 229.4 279.2 283.9 303.9 341.3 395.4 472.0 617.4 813.2 818.3 992.6 1039.9 1032.2 1043.1 1030.0 987.6 973.7 929.6 790.9 806.0 830.1 887.3 930.8 901.4 908.3 840.7 740.5 628.8 552.0 429.5 495.0 617.5 670.6 629.6 620.9 549.1 461.7 415.0 427.7 491.2 505.4 474.3 584.1 685.5 793.5 811.1 802.1
154.1 174.8 182.4 180.9 184.6 179.3 173.1 165.9 178.9 201.7 196.1 189.8 223.3 232.0 214.3 213.4 202.3 240.8 255.1 235.5 198.1 217.0 266.1 236.7 216.7 243.9 251.6 227.9 235.6 281.4 276.8 293.6 311.1 334.9 390.4 477.1 581.6 731.4 922.2 935.3 872.5 967.5 936.0 841.6 810.7 735.9 662.0 697.5 823.6 975.1 945.5 985.9 968.2 893.5 755.6 618.6 492.0 416.0 539.8 611.5 627.0 610.6 596.9 596.3 553.4 504.7 402.5 417.1 430.5 485.3 585.0 665.2 729.5 710.7 845.9
174.6 177.3 197.5 193.0 189.6 197.0 198.5 192.9 183.8 185.0 173.3 155.0 176.5 184.6 177.7 207.1 213.8 247.1 318.8 329.1 226.3 263.2 334.5 298.9 243.6 228.6 225.1 202.2 254.1 252.9 247.2 252.3 261.7 304.1 358.9 410.7 453.2 589.2 709.2 688.1 744.3 833.5 872.8 926.8 875.6 751.6 603.0 624.0 757.4 912.3 884.8 932.0 895.3 810.5 711.4 601.4 467.9 398.5 497.8 538.7 544.3 518.9 470.7 475.5 458.3 447.7 391.2 370.7 400.1 462.6 521.9 550.5 554.6 636.4 730.3
132.1 177.0 187.8 154.0 179.2 205.4 201.7 188.4 166.9 170.5 184.5 148.7 145.5 147.6 167.6 202.0 204.1 231.8 299.5 343.9 253.1 265.5 362.5 371.9 283.1 220.5 184.8 202.0 235.3 235.9 227.7 210.8 239.8 269.5 301.4 325.6 356.7 416.2 488.9 547.7 642.5 807.8 925.6 926.3 886.5 762.1 674.8 599.0 605.2 693.5 781.7 815.8 770.7 698.9 586.0 516.6 443.6 380.9 392.2 426.7 468.6 456.3 406.6 373.7 378.8 358.6 354.2 372.8 374.7 369.4 377.5 424.2 506.3 627.0 710.3
110.8 126.1 122.0 140.6 162.6 205.5 202.8 158.7 144.9 176.5 181.8 156.8 129.9 144.6 158.4 171.3 186.2 201.8 242.3 235.7 229.3 237.9 307.3 318.5 294.7 264.2 192.7 205.0 219.0 227.4 200.0 213.5 230.3 240.4 264.1 287.9 326.1 363.1 404.2 487.5 643.9 855.5 931.7 888.0 872.3 876.2 829.6 696.9 571.0 488.6 565.4 639.9 613.0 574.6 517.6 462.1 412.7 374.7 376.4 406.1 453.7 442.8 393.8 346.5 342.6 379.3 481.7 524.0 556.8 522.0 459.2 371.5 386.7 456.9 527.7
156.9 138.9 123.8 150.3 189.1 207.9 217.6 173.4 135.8 162.7 158.3 153.4 127.2 156.5 155.4 160.7 169.9 193.3 203.5 204.8 213.7 216.1 240.1 260.9 314.2 338.6 239.8 171.3 178.5 183.0 220.7 240.4 213.9 222.7 244.5 271.9 299.9 319.6 361.9 482.4 619.6 686.6 730.1 715.7 742.5 797.7 805.8 817.6 735.8 549.8 417.3 483.0 520.9 477.5 444.8 406.6 391.3 374.4 378.1 389.3 399.7 377.6 341.3 340.3 380.4 473.0 605.8 712.5 728.1 659.8 584.5 469.3 375.0 359.7 388.0
176.9 182.7 172.6 173.6 200.6 203.0 190.3 177.0 137.1 124.9 152.6 127.7 134.1 159.3 153.4 140.9 158.3 173.7 174.3 181.0 191.5 205.6 234.9 263.5 307.9 301.4 232.8 180.6 162.1 201.2 217.6 197.9 202.3 224.0 240.0 262.7 276.1 279.3 320.2 392.6 485.5 604.7 674.4 679.6 698.4 732.7 791.0 755.5 694.6 589.4 480.5 383.3 454.9 420.1 370.9 366.8 343.4 349.0 362.2 365.4 349.9 342.3 373.9 423.5 443.2 525.2 688.1 790.7 746.5 706.2 668.7 577.3 447.0 383.6 360.7
