data/case_study_destine/merger_hmc_by_domain/geo/LiriDomain.dem.txt
ncols   487
nrows   300
xllcorner    12.2408
yllcorner    41.1949
cellsize    0.005009
NODATA_value -9999
[rows 204 to 237 of 300, columns 150 to 224 of 487]
991.6 975.1 943.1 849.4 790.4 700.3 641.4 533.2 363.0 323.7 302.5 263.9 315.8 272.6 303.4 337.5 326.9 313.4 321.4 342.8 353.5 495.3 605.1 506.8 431.7 409.0 408.8 398.8 388.0 389.9 397.7 337.9 294.1 284.4 265.2 236.5 212.9 195.8 211.2 284.1 301.4 278.7 265.7 262.0 254.2 257.4 266.2 239.1 226.1 237.8 239.0 251.1 256.2 254.4 256.2 257.4 256.8 257.0 258.3 261.3 266.0 269.5 273.2 280.6 288.1 297.0 298.6 295.4 279.0 266.7 266.2 265.5 266.7 268.2 265.3
1037.7 1015.0 973.2 916.7 811.7 655.5 529.6 418.5 335.3 293.7 275.5 292.3 315.4 290.6 336.5 414.0 412.0 451.3 481.4 495.1 471.2 492.2 673.3 756.4 763.1 720.7 708.2 736.3 679.3 602.0 544.0 435.6 393.7 345.3 316.1 280.4 244.6 215.1 192.2 193.0 198.2 211.0 262.7 321.6 260.7 251.3 243.6 230.6 212.7 218.6 237.9 249.5 248.3 249.1 249.9 251.6 253.3 254.5 256.4 258.5 258.7 260.7 262.5 263.9 267.3 283.8 281.8 279.4 265.5 257.6 258.2 258.9 258.8 254.3 242.2
1001.8 1085.0 985.9 885.7 873.6 681.8 506.4 413.7 345.3 290.3 366.0 395.7 427.1 443.6 476.5 517.8 508.2 599.1 684.0 670.0 695.1 616.3 582.6 691.9 782.8 822.7 875.9 919.7 950.8 930.6 875.8 725.1 593.4 473.5 399.3 344.8 299.2 255.9 214.8 198.2 190.2 187.6 201.5 220.8 222.7 236.8 234.7 208.0 201.3 201.4 215.4 228.4 237.0 241.9 242.7 244.0 244.9 246.1 246.8 247.5 248.0 248.6 244.7 237.2 248.2 257.7 254.4 267.5 262.7 250.7 252.1 252.5 253.5 239.7 245.9
902.8 967.4 1013.5 871.8 792.6 773.0 558.9 399.8 322.8 286.2 346.2 401.9 496.3 605.6 659.1 656.0 695.5 763.1 797.6 814.2 812.6 807.9 787.5 737.9 763.9 810.6 872.1 918.5 965.2 1018.0 1051.2 1014.9 846.0 717.0 577.2 463.1 371.0 311.2 261.3 223.9 219.5 192.2 185.7 192.0 191.8 195.5 207.6 201.9 194.2 193.0 200.1 213.4 218.3 224.3 230.8 234.5 234.9 234.0 235.3 235.5 236.3 236.2 232.2 228.6 228.7 230.8 230.9 250.7 245.4 243.9 245.3 244.9 236.6 243.1 270.6
916.1 820.9 858.1 866.4 715.0 713.1 558.9 394.8 334.5 307.4 371.3 505.3 521.6 648.0 709.1 735.3 790.3 831.8 888.9 886.9 837.1 799.4 801.2 822.6 842.4 909.6 915.7 906.7 985.2 1078.7 1176.1 1208.4 1037.9 885.7 786.0 674.1 567.0 420.9 317.4 290.3 266.3 229.2 200.8 186.0 186.8 183.6 185.8 192.8 189.5 190.7 190.1 194.0 200.3 206.4 215.2 221.8 225.9 225.8 225.6 228.2 229.3 232.4 223.9 220.0 214.5 217.0 229.5 240.2 237.4 239.3 238.9 239.7 231.4 254.4 244.8
998.8 836.6 695.2 673.7 671.6 573.1 511.8 408.7 381.8 321.2 407.7 615.5 646.5 715.6 784.6 800.6 745.4 705.4 791.7 841.3 779.3 731.2 757.6 789.1 842.3 872.8 914.5 960.5 982.6 1025.0 1119.5 1222.3 1237.9 1173.0 1005.3 915.3 806.2 652.9 492.7 389.6 321.1 264.3 232.1 211.0 201.5 193.5 182.8 181.8 180.2 179.3 180.2 182.9 193.0 197.4 205.1 215.3 216.7 220.0 222.8 223.8 223.3 226.4 218.5 209.7 207.0 217.5 234.3 233.5 230.2 233.0 229.9 228.8 234.1 237.4 268.3
1012.8 869.3 813.2 753.1 601.1 527.6 449.0 416.4 373.6 331.0 404.4 530.5 662.2 718.0 765.2 807.7 752.2 628.3 608.4 631.9 716.6 763.9 819.2 859.2 857.3 921.5 967.8 981.4 1047.5 1071.9 1126.8 1215.4 1275.2 1305.6 1262.3 1176.5 1005.1 803.0 652.9 547.8 380.8 307.2 252.5 233.7 217.6 199.6 192.0 189.0 188.2 185.7 179.9 175.6 180.5 187.8 195.2 203.2 206.8 210.0 216.1 218.0 218.9 217.3 211.6 205.1 205.4 225.4 231.3 225.2 224.3 223.9 233.5 290.2 273.9 254.3 267.3
966.2 867.7 818.5 830.5 773.0 628.2 497.1 453.5 471.4 382.1 353.5 432.9 518.9 661.8 732.4 679.2 573.3 551.0 584.9 721.0 821.4 906.6 908.1 902.6 967.0 938.9 959.3 1010.2 1105.4 1189.3 1191.5 1178.4 1185.4 1216.4 1272.8 1300.3 1142.1 928.7 795.0 628.7 480.9 327.3 283.5 264.3 236.4 218.5 202.9 195.2 189.7 187.1 186.4 184.5 179.2 177.1 188.7 196.5 202.2 204.7 207.0 211.4 211.2 209.5 205.2 200.9 207.3 221.3 221.6 218.0 214.9 210.6 237.7 283.8 286.2 275.2 245.2
944.9 866.9 824.0 825.5 808.4 665.1 539.3 587.8 613.5 503.3 404.1 366.6 411.8 507.5 603.0 504.9 552.8 704.7 687.9 692.2 804.6 899.1 910.3 947.4 1020.3 1045.8 1040.8 1064.3 1079.8 1193.6 1247.4 1263.5 1286.6 1272.6 1327.9 1352.9 1258.0 1047.0 888.3 765.9 563.6 395.0 339.8 300.9 262.9 229.9 221.8 213.9 204.0 195.1 192.8 195.1 186.3 176.2 177.2 185.0 191.7 194.1 198.3 208.0 211.9 205.7 200.2 196.0 202.8 209.6 210.2 207.0 206.1 234.9 244.8 262.4 235.4 227.9 216.5
845.5 892.0 832.8 805.3 786.8 747.1 690.9 677.4 702.3 671.9 520.7 408.0 382.9 413.8 445.4 455.8 618.1 713.1 706.5 771.5 750.1 777.8 858.0 925.1 999.0 1070.5 1088.7 1115.1 1168.6 1188.3 1226.5 1248.9 1294.2 1391.5 1389.1 1363.1 1237.0 997.3 775.0 658.3 534.0 535.1 465.6 344.2 278.6 252.3 254.4 242.5 223.4 211.0 208.7 200.3 199.7 183.2 175.2 175.0 179.6 184.4 187.9 199.4 208.0 206.0 194.9 194.5 198.6 201.6 203.4 197.0 216.8 214.6 227.7 232.3 235.0 210.8 224.3
715.4 810.9 836.0 790.1 817.9 860.7 836.5 827.2 806.6 772.2 601.7 481.0 425.5 391.9 405.3 413.5 470.8 531.3 661.2 774.9 701.1 706.3 832.1 953.8 1043.7 1064.6 1087.1 1112.3 1184.2 1253.8 1336.7 1378.7 1317.0 1363.3 1375.2 1362.8 1286.6 1161.5 1037.7 849.5 752.8 759.4 565.4 463.0 335.4 291.1 286.4 267.8 240.6 230.2 219.9 215.2 215.4 182.2 182.0 179.3 172.4 180.9 183.7 187.6 200.1 198.0 190.6 192.2 194.8 201.0 204.4 189.6 201.1 212.7 211.8 209.6 204.0 220.1 229.0
676.2 756.9 763.1 785.1 815.4 875.5 913.5 876.6 841.7 758.6 654.6 556.1 482.5 433.3 444.1 447.7 431.4 449.1 507.6 534.8 553.8 629.3 775.7 880.9 955.3 1058.4 1097.1 1095.3 1157.1 1242.7 1268.6 1326.9 1355.3 1373.2 1400.8 1377.7 1248.4 1065.5 920.5 775.7 692.5 733.8 731.7 677.8 466.4 343.0 308.0 281.9 262.5 244.9 228.5 235.7 217.2 182.0 181.0 181.0 176.0 172.3 174.8 182.0 189.6 185.5 187.8 193.9 201.5 209.2 202.3 191.0 188.1 203.7 196.6 203.4 216.2 219.2 233.1
621.4 795.6 762.5 757.4 772.0 787.8 832.4 901.0 844.5 769.6 728.4 665.2 554.7 485.0 484.4 489.8 488.9 494.6 486.9 492.0 551.3 643.5 677.5 736.8 824.4 906.7 1004.6 1080.4 1166.0 1240.3 1336.8 1390.4 1391.8 1393.1 1407.4 1348.0 1128.8 944.6 787.0 652.9 562.6 559.2 562.0 534.8 402.7 356.9 329.4 291.8 268.1 255.3 241.3 247.1 209.9 187.9 184.0 182.0 183.8 180.3 174.7 172.5 180.9 182.0 191.1 221.2 202.3 202.4 205.3 191.5 179.6 191.1 196.6 207.4 224.4 243.5 219.7
615.6 729.1 807.2 785.3 807.4 842.5 822.6 805.3 873.2 949.9 887.9 830.0 705.2 595.5 570.6 570.1 550.4 568.2 577.9 529.6 512.6 545.5 706.6 791.3 876.9 1035.5 1116.8 1132.2 1184.9 1261.0 1363.2 1451.5 1355.9 1274.9 1287.7 1276.8 1151.6 987.5 829.2 765.0 616.2 515.5 471.8 434.5 404.6 438.3 503.2 438.6 341.7 274.3 263.8 248.7 221.4 201.8 205.8 206.2 196.1 194.8 192.4 170.4 174.6 181.1 194.9 210.8 218.9 200.6 201.5 188.0 176.3 192.9 204.6 210.5 228.8 235.3 217.9
567.5 699.5 843.7 853.9 784.4 821.6 865.8 846.2 843.1 928.8 987.4 1002.1 924.9 770.6 701.3 689.0 650.3 626.7 633.9 661.8 661.5 561.4 612.2 818.1 874.3 922.5 977.1 1031.5 1104.0 1197.4 1308.6 1319.1 1175.7 1132.0 1135.2 1138.3 1133.9 1109.1 952.7 789.7 698.0 598.9 577.8 612.9 499.4 571.0 740.2 617.0 406.6 294.0 258.2 241.4 232.3 220.8 229.0 237.6 227.2 201.4 184.6 169.3 165.8 180.3 198.3 194.1 204.6 194.6 184.2 173.6 184.7 197.9 201.0 220.7 240.6 234.2 200.7
528.7 683.4 769.6 743.1 614.4 670.1 800.8 896.1 886.4 890.7 955.8 1071.1 1113.9 1027.2 918.1 871.4 811.4 757.3 728.3 716.3 764.8 695.7 606.1 686.0 815.1 815.9 893.2 996.3 1123.8 1205.3 1277.5 1196.7 1145.3 1233.7 1267.5 1277.3 1339.8 1325.1 1177.3 1030.3 844.7 705.3 756.4 811.4 643.4 662.9 765.3 544.0 390.9 373.1 340.1 270.8 251.0 229.5 205.7 213.4 209.5 194.2 182.2 175.9 166.6 182.4 194.4 182.3 181.7 182.1 170.5 179.0 204.6 217.1 216.7 217.8 208.4 240.3 203.3
474.4 624.3 690.4 636.6 537.9 635.0 709.8 795.8 832.8 805.3 886.6 1031.0 1203.2 1236.7 1197.2 1155.7 1061.4 966.8 890.0 826.5 816.7 793.0 701.9 668.5 706.9 816.7 901.5 950.0 1024.6 1122.7 1156.5 1113.5 1115.4 1180.4 1254.9 1286.3 1325.4 1377.9 1394.0 1244.9 1088.5 943.8 965.9 916.0 809.0 714.0 595.6 437.3 368.7 445.0 384.6 311.6 267.1 231.2 211.0 197.0 195.4 187.4 181.4 178.2 167.3 171.8 180.2 174.0 171.1 166.7 166.1 183.7 196.9 200.5 211.8 208.3 210.4 210.9 205.0
368.4 447.3 501.4 459.7 490.2 631.9 719.5 670.1 710.4 838.7 1008.1 1119.1 1129.5 1218.7 1300.2 1396.1 1340.0 1223.2 1113.7 989.7 889.2 811.6 796.9 874.4 766.7 751.4 824.1 886.6 956.6 1022.2 1027.2 1031.3 1031.0 1108.0 1123.3 1147.7 1175.7 1241.1 1150.5 1047.9 1027.8 929.1 831.4 802.6 817.6 619.9 511.0 528.4 531.8 610.4 452.8 318.0 270.5 237.3 224.9 215.3 201.0 185.0 187.6 180.0 167.8 163.2 166.4 162.8 161.2 160.3 170.6 177.0 187.0 204.0 207.0 193.3 204.3 197.8 198.2
274.9 320.7 356.3 379.3 433.6 477.7 524.6 613.0 760.5 870.9 1002.8 1117.3 1240.8 1355.7 1361.1 1350.5 1422.9 1421.4 1307.4 1154.7 1021.8 920.6 879.2 939.6 938.5 791.5 750.3 797.6 778.2 755.8 819.1 801.9 931.3 950.5 978.1 1061.3 1156.4 1153.5 955.7 816.4 799.1 760.9 694.9 666.1 776.8 796.4 753.1 833.7 806.9 685.1 489.7 406.9 368.7 275.0 216.8 202.0 190.2 214.2 247.8 231.9 204.8 175.9 169.8 184.4 188.1 166.3 160.9 171.0 192.6 189.6 185.1 207.3 223.9 214.4 192.5
262.0 379.6 453.2 478.9 551.2 581.6 586.7 612.8 747.8 847.6 864.0 970.6 1097.0 1184.0 1269.8 1397.6 1395.5 1360.9 1328.4 1269.0 1163.2 1021.9 940.7 907.3 957.2 933.1 781.1 697.1 689.7 589.7 603.7 682.6 688.9 692.4 790.2 905.2 1077.2 979.5 823.6 696.1 677.2 755.1 638.1 555.2 672.6 848.4 930.2 972.1 870.8 702.8 615.8 685.6 611.8 418.1 255.5 205.6 196.9 244.3 267.1 249.9 215.9 199.6 180.7 199.2 228.0 229.6 204.1 163.2 181.2 184.9 177.3 188.7 228.3 213.8 184.6
368.2 309.4 324.9 410.0 574.3 657.2 687.2 703.1 697.6 729.2 769.7 945.5 1062.1 1019.1 1106.6 1203.8 1249.9 1361.9 1466.9 1493.2 1344.3 1186.7 1078.3 986.8 944.6 1035.6 908.3 726.1 626.8 556.6 509.9 508.7 556.6 691.6 817.2 893.2 961.7 892.0 720.6 619.1 684.1 719.0 582.8 503.2 606.9 834.5 918.2 924.1 865.0 768.3 675.2 740.0 639.5 425.3 263.0 219.5 199.2 221.0 242.9 238.6 204.4 190.0 181.3 187.2 213.3 231.9 235.5 219.3 166.6 174.7 194.5 212.7 240.4 205.9 193.2
601.2 568.8 464.6 422.6 426.1 495.0 604.2 626.6 619.6 692.2 787.6 937.7 985.3 902.9 1005.8 1098.9 1188.3 1179.4 1233.6 1323.1 1395.8 1386.1 1259.0 1180.4 1075.9 1047.4 1042.7 889.9 746.2 623.2 510.4 457.0 518.8 660.1 619.7 699.3 695.8 742.9 619.7 557.3 679.0 793.8 604.3 471.6 539.0 736.2 813.6 805.3 778.3 693.9 580.9 630.5 563.8 411.4 263.4 217.5 202.0 209.0 222.6 223.9 199.9 227.0 207.0 200.8 200.7 232.5 243.8 221.3 172.4 159.4 178.1 193.0 211.8 209.2 178.4
589.5 623.0 653.4 657.9 545.2 479.3 496.6 539.6 579.9 628.0 755.7 775.5 796.6 894.4 951.7 934.1 1052.4 1069.5 963.7 1067.2 1254.9 1377.8 1388.7 1367.5 1270.1 1195.8 1131.6 989.6 891.8 728.5 552.6 456.6 423.8 416.2 431.7 481.7 586.7 609.8 497.1 533.1 735.3 831.3 625.0 492.1 433.5 551.8 682.4 655.1 655.3 578.6 483.0 560.7 499.2 378.1 260.2 225.5 251.2 280.8 253.3 229.4 216.3 239.2 230.9 240.4 224.8 240.9 243.0 229.4 194.8 160.4 160.5 174.1 200.1 202.8 187.5
400.9 485.4 645.0 749.7 683.7 643.8 553.7 524.2 535.8 585.1 674.8 717.0 814.5 857.2 773.2 896.3 897.3 953.6 867.7 959.3 1056.4 1173.3 1155.4 1275.9 1287.8 1223.7 1016.6 834.4 731.5 636.5 551.8 538.0 499.1 391.6 354.6 392.7 462.0 442.3 466.0 596.5 771.7 840.5 679.8 529.3 430.6 403.3 553.0 620.8 564.9 513.4 420.2 510.2 525.7 406.5 275.5 263.9 365.4 499.5 462.0 344.9 285.9 253.6 239.9 210.5 203.8 212.4 202.6 193.0 198.9 198.5 160.4 175.5 177.8 181.3 176.5
278.8 369.3 462.1 650.2 730.5 671.2 620.8 583.0 541.1 561.8 587.7 650.8 732.1 684.9 690.8 779.9 813.1 829.1 785.4 773.0 908.3 951.0 978.6 1077.8 1141.8 1148.6 1038.0 883.2 767.1 674.0 744.2 781.1 655.3 420.8 311.7 338.2 373.1 395.8 501.5 637.0 687.0 703.1 831.4 663.4 505.3 396.7 379.2 463.3 568.9 588.9 456.2 383.0 441.9 364.1 311.9 301.7 339.5 466.9 672.5 637.7 484.4 346.0 271.1 227.6 202.7 197.4 185.5 179.6 175.1 188.6 162.6 152.2 154.4 162.6 179.2
331.2 318.5 416.3 575.6 715.6 727.3 677.1 614.2 523.5 524.2 534.9 536.9 564.8 582.0 635.9 744.3 790.5 740.8 696.6 661.7 707.1 703.8 790.4 971.3 989.2 898.2 889.6 772.6 800.8 744.6 808.8 775.5 558.7 374.6 287.2 315.9 341.4 359.5 419.4 461.6 511.1 651.0 865.7 833.1 665.9 505.0 395.1 330.4 340.2 360.9 410.5 343.9 338.1 269.9 260.9 281.5 346.5 472.6 693.1 769.0 664.7 491.1 353.1 278.1 234.5 237.8 215.4 188.6 175.9 172.5 176.2 173.7 152.0 152.9 172.2
395.4 397.7 403.2 543.6 716.8 761.4 828.6 742.6 568.8 453.8 478.1 469.3 489.2 501.6 589.9 667.4 660.6 686.0 710.1 651.0 580.2 598.7 689.4 829.9 908.6 743.2 687.6 683.7 585.2 552.0 564.6 552.5 417.3 295.2 268.9 287.6 297.2 301.2 344.2 411.7 576.4 747.1 811.3 788.1 727.9 653.2 551.7 440.4 332.8 291.7 260.0 269.0 253.5 225.6 239.1 289.3 339.4 384.8 487.8 679.3 756.5 717.1 560.8 392.9 304.1 285.9 242.4 205.9 199.1 184.1 169.9 171.6 160.9 148.8 149.6
352.2 414.1 404.5 431.5 593.2 722.6 755.3 650.7 565.5 476.4 429.9 432.1 441.0 443.3 447.4 460.0 460.9 499.2 596.1 616.1 540.4 536.8 597.1 662.4 650.6 564.3 545.5 611.3 473.8 433.4 428.6 320.9 270.2 250.0 247.0 258.8 256.5 296.8 475.9 575.3 666.7 750.7 781.6 744.7 711.5 571.8 480.4 435.0 450.9 396.3 286.8 236.3 231.4 211.9 220.3 257.3 272.8 287.1 330.1 461.2 628.7 764.2 730.1 558.7 527.3 469.5 375.5 294.9 243.6 212.5 199.3 201.6 183.5 175.7 170.7
196.9 238.4 230.7 318.5 435.4 529.1 597.6 550.1 510.3 451.8 426.5 404.5 402.6 395.0 392.8 379.1 392.3 409.2 441.2 473.1 484.7 483.0 482.3 485.4 492.9 442.4 438.6 419.8 367.9 371.5 481.1 367.6 250.2 227.6 221.8 225.7 225.6 293.7 470.6 582.9 585.3 581.7 643.6 641.1 662.7 620.3 582.3 553.1 526.5 462.3 383.6 324.8 207.0 198.0 183.0 220.2 223.6 234.8 256.0 305.1 403.9 539.2 665.4 731.3 772.7 730.2 626.8 515.9 402.9 314.1 263.7 231.8 225.3 223.1 203.7
79.5 151.5 275.2 414.0 445.5 432.9 493.1 599.2 610.4 523.8 477.7 429.2 387.6 364.4 353.7 354.9 372.8 389.5 414.7 434.0 442.5 435.0 427.4 407.0 405.2 380.0 361.1 336.5 288.3 270.3 271.2 281.4 281.0 220.5 197.8 188.1 219.8 321.6 358.1 320.3 313.3 452.9 492.8 446.0 502.3 647.4 639.6 575.9 530.5 518.9 484.9 363.9 217.8 175.2 154.6 163.2 191.5 201.3 201.8 217.5 249.6 332.8 451.8 569.0 629.0 663.2 708.7 737.7 678.8 561.6 456.4 345.6 283.0 248.0 225.0
109.7 276.2 453.6 583.1 516.8 442.0 432.9 494.4 607.1 627.5 565.3 478.0 385.3 331.5 323.6 324.6 335.4 401.1 388.7 390.3 400.8 389.3 384.9 370.4 349.8 330.1 308.6 286.1 263.1 227.1 208.3 189.2 183.2 176.5 172.1 162.7 180.8 261.7 236.7 155.7 206.6 350.3 309.8 262.8 379.9 508.0 644.6 584.5 609.8 567.3 512.7 393.6 249.4 176.0 155.0 134.6 161.0 172.7 166.6 177.7 203.4 224.9 280.7 362.3 442.5 515.7 644.4 722.6 727.9 715.0 652.4 546.1 494.2 400.6 338.5
112.8 268.0 418.4 520.3 529.7 463.8 420.6 406.0 481.6 561.5 461.5 403.4 304.5 304.4 299.3 286.8 288.9 325.9 353.0 351.7 383.8 385.6 359.4 333.1 324.3 297.6 270.8 267.0 318.5 265.6 209.4 180.7 161.8 144.6 145.1 136.3 125.9 143.0 154.4 111.6 115.0 143.3 146.3 162.3 234.6 396.0 480.0 379.6 377.6 458.0 472.6 432.3 356.4 220.5 140.7 120.7 138.0 141.5 148.3 170.6 175.9 181.5 198.2 239.2 282.7 357.0 442.4 530.6 572.4 644.4 701.2 728.1 703.1 655.9 513.5
48.2 99.6 195.5 291.5 394.6 426.6 414.2 366.0 284.4 353.3 362.4 291.9 261.9 274.1 284.2 272.9 278.1 294.8 315.1 330.8 430.7 456.8 393.0 330.0 286.6 282.9 260.4 274.7 370.3 308.5 285.7 213.7 167.3 119.2 125.2 120.2 112.4 104.2 100.0 95.0 91.9 97.3 105.8 115.7 204.0 364.8 357.6 248.1 180.9 189.7 195.3 179.3 178.1 145.9 114.7 108.0 125.5 134.3 136.1 149.5 149.5 149.8 168.2 191.4 258.4 299.5 350.9 383.6 435.5 515.0 607.1 710.8 783.9 777.2 751.4
40.8 45.1 61.2 81.2 122.1 174.9 238.1 273.5 209.7 208.8 271.8 249.7 256.4 287.7 269.1 266.4 273.6 296.9 323.6 322.6 351.5 413.1 394.3 290.1 251.6 249.8 260.8 273.4 379.0 374.3 331.4 273.5 201.1 112.3 109.4 104.1 100.2 95.0 90.5 87.2 84.7 86.8 90.0 93.5 108.2 150.1 135.4 116.9 110.3 98.6 91.0 89.8 89.2 94.3 93.9 93.7 104.8 108.0 116.4 128.3 129.9 130.6 145.2 158.8 218.9 256.9 308.0 320.8 404.0 455.1 496.0 583.2 703.2 791.6 792.0
