data/case_study_destine/merger_hmc_by_domain/geo/LiriDomain.dem.txt
ncols   487
nrows   300
xllcorner    12.2408
yllcorner    41.1949
cellsize    0.005009
NODATA_value -9999
[rows 136 to 169 of 300, columns 75 to 149 of 487]
157.9 162.8 185.2 188.3 212.3 193.2 162.1 155.8 166.8 130.1 124.9 126.7 143.3 152.7 136.1 130.8 138.8 149.8 160.5 162.5 177.2 203.8 221.9 247.2 272.9 214.4 174.4 165.5 157.7 173.9 187.1 213.4 221.3 205.9 233.7 249.9 234.2 245.1 334.8 458.7 504.4 542.9 589.8 661.6 675.5 633.1 681.3 680.5 551.5 491.3 436.8 390.0 358.3 358.6 317.4 340.5 391.2 445.0 422.1 388.2 354.8 361.1 473.6 552.7 519.4 579.2 669.1 755.1 847.5 808.6 722.3 638.3 546.3 429.4 414.7
127.1 144.4 156.2 178.1 174.9 176.6 189.5 140.0 154.6 145.9 113.6 127.3 122.1 123.6 131.8 135.0 138.7 143.8 167.9 167.1 187.3 205.4 194.5 202.0 204.3 175.7 151.7 139.1 154.6 193.4 225.1 216.5 187.6 199.7 224.7 226.0 209.2 218.7 268.4 371.6 458.2 458.3 484.5 553.6 626.1 561.1 530.1 584.4 485.8 418.2 367.2 352.5 309.8 309.2 375.7 443.6 514.6 590.6 617.3 584.0 467.0 370.6 439.5 561.5 645.1 742.5 820.1 783.6 884.8 924.2 861.1 696.6 629.7 570.1 570.7
155.6 157.5 179.6 192.2 179.5 151.3 183.3 165.3 143.9 121.0 109.5 122.5 129.3 142.9 150.5 151.0 157.5 159.0 167.8 158.1 171.8 170.9 173.9 167.5 152.8 146.7 137.2 136.1 152.2 174.3 188.8 176.7 197.0 218.5 220.2 208.7 231.7 256.2 294.9 408.4 467.7 515.2 529.3 527.3 499.9 505.0 423.5 419.2 393.5 398.9 394.3 328.4 309.7 363.6 413.7 482.0 544.5 619.4 703.5 656.8 551.5 435.0 382.3 499.8 642.4 695.3 804.9 879.9 1003.9 1072.5 963.1 791.1 760.9 664.7 601.8
165.6 172.9 176.5 174.4 170.7 156.7 130.9 146.1 169.0 120.4 109.0 141.0 149.6 149.2 141.4 137.2 143.6 144.9 153.7 149.7 147.4 141.9 136.8 135.2 134.7 133.8 128.4 132.0 156.8 179.4 170.2 201.4 227.1 232.5 223.2 251.2 324.4 407.6 455.3 492.0 516.4 571.1 563.6 515.2 416.6 377.2 369.4 372.0 355.6 372.8 357.2 310.4 342.9 421.6 458.5 513.7 600.8 678.5 731.6 744.5 615.1 474.4 381.5 412.0 528.7 625.2 731.9 887.6 1005.6 1094.1 973.2 834.2 751.2 676.2 598.4
156.8 151.3 155.2 153.9 146.6 128.4 117.9 138.9 139.3 103.4 117.3 138.2 141.8 133.4 120.6 126.9 135.6 134.5 140.9 144.5 137.0 128.7 123.3 122.3 124.0 127.8 124.1 122.6 133.8 160.6 184.1 202.7 207.4 208.5 245.9 324.3 485.3 580.6 568.6 526.2 568.7 600.1 494.8 391.9 345.5 331.9 337.3 339.2 331.0 331.4 294.6 303.7 364.8 438.1 509.8 577.3 633.3 701.8 767.3 799.6 681.8 570.1 463.4 418.5 554.0 623.8 716.2 873.9 943.1 1018.5 991.9 875.2 836.0 750.5 646.8
143.6 127.4 141.1 123.4 151.6 151.9 154.3 108.7 100.4 111.9 118.6 119.7 120.2 117.5 138.7 138.9 138.3 140.6 140.5 137.0 129.6 124.0 120.2 118.9 119.0 118.6 118.1 117.1 117.7 124.8 140.0 176.4 179.6 223.7 316.9 447.6 588.2 619.2 602.7 550.1 580.6 604.7 443.4 341.7 331.3 300.8 304.6 312.4 312.5 295.1 293.9 328.4 378.4 456.6 503.0 572.4 653.8 700.6 747.1 764.3 733.3 668.3 548.4 448.4 514.9 619.8 758.6 895.8 997.7 970.6 1061.8 988.3 901.6 861.5 738.1
133.0 124.8 125.1 132.7 110.9 113.8 134.2 107.5 92.7 113.8 103.8 106.1 123.4 128.5 148.3 163.7 160.9 149.4 138.9 128.6 121.9 118.7 116.8 116.2 115.1 113.4 114.6 115.2 113.9 115.2 137.6 170.7 162.1 222.5 334.6 451.0 522.3 536.6 509.5 536.6 603.4 525.0 404.2 319.2 314.0 290.3 323.1 285.4 310.1 328.1 329.3 355.7 371.6 409.9 449.2 507.9 569.5 619.8 646.9 663.8 663.3 619.4 527.1 443.1 478.5 615.5 692.7 818.4 932.3 1006.7 1024.3 1108.9 964.5 876.5 823.6
117.5 103.7 123.0 133.9 119.1 96.5 102.8 89.9 110.7 121.0 125.5 129.8 133.1 150.1 148.4 156.6 152.1 138.7 132.1 120.6 113.8 113.6 113.6 113.7 113.1 113.3 113.7 113.9 113.3 113.4 122.0 129.7 129.8 149.4 189.7 302.2 409.3 433.1 472.6 557.2 564.7 415.1 327.6 286.5 286.8 347.0 371.1 322.1 330.6 392.3 427.4 371.2 384.2 428.1 438.7 499.4 598.5 598.7 539.9 554.1 541.1 536.8 527.9 503.2 429.3 476.3 590.0 711.3 810.3 935.8 994.6 1073.6 1156.5 1055.1 963.9
119.7 94.6 110.5 107.7 86.8 84.6 87.9 93.9 104.5 113.9 124.5 128.5 128.2 132.7 137.9 143.6 145.8 138.0 127.0 119.2 110.6 111.0 112.6 112.0 114.3 117.4 117.0 116.4 113.8 112.1 113.6 116.5 120.9 133.1 169.1 250.9 324.0 311.0 365.1 488.8 486.6 351.0 302.2 280.4 316.0 340.7 356.3 365.0 350.1 407.1 388.8 374.0 404.7 464.7 501.2 537.1 574.4 512.9 436.8 438.0 512.5 596.4 614.4 527.0 432.6 430.0 477.8 595.0 731.3 862.4 914.8 998.2 1163.7 1195.4 1090.0
105.7 96.0 80.4 79.7 86.3 96.2 106.9 125.6 132.7 136.4 148.0 149.4 141.4 137.0 142.4 149.2 134.5 126.7 115.0 112.4 109.5 110.3 110.7 111.8 107.8 106.8 112.7 114.4 115.2 109.5 112.2 114.8 116.6 130.2 147.1 149.5 196.5 239.8 340.2 473.6 393.5 305.1 285.8 282.9 305.3 325.2 348.9 369.8 371.4 360.7 336.9 346.1 352.5 377.6 417.2 426.8 423.5 397.0 375.8 385.7 428.2 473.1 528.3 495.9 442.3 437.1 436.4 517.2 707.8 864.6 935.9 931.3 1030.3 1170.1 1063.3
89.2 82.6 73.8 84.0 98.1 118.9 130.8 144.2 143.4 147.3 152.6 135.4 129.4 129.8 122.2 120.0 114.4 111.2 108.6 108.7 109.4 109.5 110.5 108.4 93.2 98.7 110.3 108.9 108.4 102.4 93.6 94.9 97.6 110.3 148.5 238.6 272.0 288.6 397.7 453.9 356.7 277.4 286.0 311.1 348.5 324.1 346.4 342.4 316.9 327.4 329.1 329.5 333.5 335.5 333.0 349.3 355.0 359.3 372.1 385.0 389.1 398.6 422.8 521.5 576.8 538.1 451.3 445.4 597.8 810.2 946.9 984.6 895.8 992.5 1028.5
76.9 72.8 76.2 86.9 104.3 117.9 136.8 151.9 139.7 140.4 131.0 119.8 122.1 110.0 110.2 102.1 106.3 108.5 108.4 110.2 110.9 111.3 111.2 110.7 92.1 84.3 87.2 93.5 93.7 93.9 105.4 114.3 121.7 147.5 209.1 299.9 300.8 265.7 304.6 341.0 303.4 272.8 317.4 334.3 318.2 303.4 312.8 298.5 294.4 299.7 300.4 306.8 310.9 330.4 366.7 418.1 448.5 459.5 483.0 531.7 577.6 549.7 503.6 514.7 560.8 546.3 503.0 443.2 464.9 648.9 832.0 913.4 816.6 754.9 849.3
70.4 71.8 81.6 97.3 104.1 119.7 127.0 135.0 126.0 122.1 126.1 110.3 108.7 102.7 95.1 94.6 100.8 103.8 105.2 108.1 109.2 110.5 109.7 104.2 89.7 84.6 81.4 79.4 79.9 93.8 102.4 113.9 127.7 152.4 211.4 311.4 361.7 303.1 273.0 268.0 270.3 275.7 285.3 282.5 283.7 283.9 287.0 298.1 318.6 316.3 330.0 327.8 365.4 433.0 546.2 662.2 652.0 706.3 723.9 758.3 768.6 685.3 581.9 506.6 487.8 514.1 522.5 490.5 435.9 467.8 597.7 745.8 769.9 599.3 625.6
76.2 81.8 84.4 95.5 98.8 117.4 127.0 121.2 110.9 113.4 107.6 103.1 97.3 91.3 85.4 87.1 90.2 93.5 96.1 94.8 96.6 100.8 101.7 97.1 85.3 83.1 79.7 76.7 85.0 96.2 101.0 113.6 128.4 148.7 181.1 264.9 411.8 415.9 374.0 333.6 357.9 284.5 275.1 281.7 299.5 306.5 311.1 335.5 336.1 359.9 383.2 436.4 534.6 598.1 727.2 823.0 865.8 801.1 889.4 941.6 875.7 767.0 612.4 501.1 466.1 456.2 491.9 523.0 457.1 436.0 460.3 574.6 641.7 535.7 521.1
80.1 86.3 91.1 96.1 102.5 114.8 116.8 106.0 105.7 107.5 90.8 91.8 87.4 82.6 78.3 80.1 81.8 85.6 86.2 87.2 88.2 91.7 88.3 78.2 75.9 81.2 82.2 81.0 91.2 100.4 115.8 131.5 129.5 143.9 177.7 256.3 366.1 485.6 481.8 399.4 455.0 350.8 295.4 286.2 298.3 316.7 354.3 422.2 389.4 442.5 527.3 647.6 749.7 764.3 851.7 942.2 995.7 993.0 1011.8 996.0 880.0 793.3 704.4 520.2 456.8 446.5 444.9 463.3 445.6 435.3 437.0 458.3 517.5 475.3 494.0
87.0 91.1 88.9 94.4 98.9 102.9 107.6 95.6 101.7 99.2 89.9 80.5 75.3 70.3 68.8 72.1 67.8 71.6 78.5 81.5 82.8 81.4 73.9 84.5 95.1 105.9 102.7 95.8 105.4 102.0 122.6 140.1 149.2 148.9 178.3 223.6 282.7 380.4 440.6 463.8 519.8 408.2 342.1 308.6 298.7 317.9 359.0 435.3 467.5 502.8 617.7 730.8 835.7 922.1 939.2 908.0 904.4 991.9 1008.7 1054.1 987.8 896.7 760.4 612.1 490.6 464.1 443.5 438.9 437.2 435.3 438.2 439.4 448.2 447.4 462.1
76.8 83.1 87.1 90.3 97.2 96.3 100.1 87.9 89.2 79.8 71.8 64.2 65.5 65.0 71.4 69.1 75.5 69.2 68.6 73.4 73.7 80.8 72.3 84.8 101.9 106.1 114.3 104.1 123.7 110.8 119.9 144.0 156.9 161.4 167.6 192.3 231.9 294.8 382.6 498.0 594.8 504.7 402.7 348.5 311.9 331.7 363.7 411.0 494.9 580.5 625.0 702.7 825.8 877.0 862.1 743.4 836.0 939.6 992.2 1077.7 1096.9 1027.5 913.4 760.0 581.8 496.8 483.4 463.8 446.3 439.4 456.6 441.0 460.0 457.1 461.1
75.8 82.0 84.1 88.0 88.7 84.2 87.4 82.2 79.8 63.4 65.4 73.9 81.9 78.8 83.7 82.2 88.0 89.9 78.7 73.9 74.9 73.0 73.8 85.0 88.7 92.6 100.9 112.6 111.2 130.4 125.0 132.1 166.8 179.5 192.5 189.9 209.2 254.1 327.9 409.9 448.8 428.0 405.7 402.9 338.6 350.6 407.9 478.5 504.0 559.4 534.6 607.3 703.3 762.0 731.0 669.4 810.4 867.7 905.7 1035.8 1113.9 1075.9 972.4 844.9 638.0 534.8 536.1 501.2 462.2 458.8 459.6 445.8 520.0 526.4 480.2
58.6 58.6 60.3 63.3 63.3 60.8 64.4 68.3 67.1 66.6 77.5 79.7 88.9 91.8 89.9 94.6 87.0 98.6 90.5 90.6 81.0 79.9 79.4 79.4 89.3 106.0 99.7 104.4 115.0 112.8 124.4 143.7 155.4 166.6 182.1 203.6 203.3 221.7 252.1 292.1 302.7 305.8 348.4 402.2 370.6 367.3 440.9 519.2 596.5 536.8 490.9 554.5 593.5 602.8 598.0 605.0 674.6 752.8 889.6 988.1 1033.6 1147.5 1101.5 970.8 779.7 587.8 516.1 468.0 451.8 449.3 446.2 445.8 476.0 556.1 543.2
68.9 70.8 65.1 70.8 73.0 75.4 76.5 70.0 76.7 78.5 83.2 83.7 82.5 102.6 95.3 99.8 94.4 98.1 100.5 96.4 88.7 83.5 84.0 83.2 97.7 115.6 122.3 106.2 101.0 115.8 125.5 134.2 148.2 171.4 190.4 208.0 209.9 216.4 223.1 228.8 249.6 267.3 310.8 397.4 450.1 387.8 398.1 473.9 576.8 516.6 463.4 480.8 514.6 556.3 589.5 653.6 643.0 710.4 787.9 876.2 957.0 1109.1 1170.1 1066.2 861.2 578.5 485.9 459.7 448.6 467.3 474.1 451.3 483.0 567.9 629.2
86.1 86.2 77.4 74.3 77.3 82.9 88.7 89.2 90.0 81.9 86.0 83.8 87.1 100.6 104.8 103.0 99.5 106.2 104.1 98.4 97.6 89.4 88.8 94.4 101.0 125.8 141.9 146.8 125.4 137.1 154.0 145.7 161.8 162.6 175.0 206.5 224.1 234.8 248.1 237.7 250.5 267.3 304.8 376.3 433.0 440.7 458.3 486.9 560.6 521.1 420.8 503.2 579.2 599.7 655.0 731.0 724.3 826.4 872.3 883.1 1025.0 1133.2 1176.6 1076.6 908.0 633.6 472.0 487.3 484.3 496.6 465.5 456.8 537.4 642.3 703.0
90.6 90.4 85.8 79.7 83.8 79.7 84.3 98.8 98.3 86.1 95.1 98.8 90.2 92.6 112.1 112.2 103.3 107.6 107.4 100.0 107.1 100.3 94.7 105.4 122.8 130.8 144.5 153.0 142.2 152.8 156.3 167.4 167.6 179.4 201.4 199.1 196.7 206.0 230.6 208.6 248.5 269.5 302.3 324.4 353.7 389.7 425.8 411.5 427.3 405.2 420.6 449.4 466.9 503.7 576.6 663.2 772.2 853.6 955.3 991.7 1039.3 1054.6 1070.8 1021.4 892.3 714.3 510.4 518.0 557.0 505.0 488.4 462.2 527.9 629.8 739.2
82.4 82.0 91.9 92.3 90.8 96.1 81.7 92.1 104.6 90.2 100.7 108.3 102.5 104.1 99.7 115.9 111.2 110.5 112.4 111.1 104.3 113.4 112.8 113.2 134.8 146.5 155.7 153.5 158.8 145.3 153.0 156.6 168.9 200.2 209.7 207.4 220.7 231.7 204.3 195.3 232.3 255.2 283.8 302.7 331.4 343.3 357.4 356.0 359.7 410.0 530.7 527.3 543.0 524.5 565.8 615.3 672.6 766.8 888.2 1003.1 1044.6 1065.2 1087.4 1077.1 950.0 772.2 552.6 523.9 535.0 475.9 468.6 526.7 591.3 661.8 759.7
88.9 91.6 86.4 93.3 99.0 99.3 97.6 92.3 99.0 101.9 107.8 111.3 112.6 106.0 109.0 99.2 113.2 104.8 99.9 100.8 116.0 113.3 125.8 118.1 127.5 142.4 158.3 163.0 161.8 166.3 151.2 174.7 182.3 198.1 220.4 228.8 236.7 234.3 218.9 222.4 222.5 248.2 294.9 327.2 345.9 338.3 334.3 373.3 385.7 420.4 479.6 520.3 494.7 541.5 605.0 672.2 744.1 797.4 926.2 979.7 984.9 1032.8 1093.0 1080.6 995.3 816.3 579.7 555.9 554.8 510.8 513.9 619.7 680.7 624.6 694.8
90.4 85.8 95.3 96.1 92.4 98.2 107.9 102.3 95.6 104.6 107.7 113.7 115.3 106.9 109.9 98.0 101.0 96.4 93.1 93.2 105.6 110.3 127.0 120.7 123.2 139.0 152.4 166.3 171.5 181.7 162.2 160.4 188.1 199.5 225.6 245.2 252.8 260.0 246.5 238.4 242.1 248.1 257.5 272.3 293.4 327.8 366.3 396.4 430.1 423.7 428.3 428.3 431.0 448.0 483.8 568.5 659.2 757.4 770.4 770.6 817.5 949.4 1100.5 1106.5 1045.8 927.3 692.3 651.2 637.5 648.2 626.8 688.5 654.1 552.3 566.3
94.0 95.0 91.4 94.1 98.8 100.7 98.4 108.2 105.8 104.0 110.0 112.2 116.5 110.5 104.8 97.0 92.9 94.6 93.9 96.9 101.7 102.3 119.1 115.6 123.3 137.3 152.2 160.1 172.5 181.5 188.6 170.4 176.9 193.3 207.3 222.6 249.0 266.5 268.5 275.7 275.9 270.4 297.0 308.6 316.0 324.1 344.8 369.0 388.1 394.2 389.6 427.0 432.6 425.6 449.5 488.2 571.1 617.3 638.2 730.8 818.9 970.9 1127.7 1103.3 1023.3 940.5 788.4 698.2 749.9 785.3 768.0 702.0 618.5 532.4 499.4
88.8 97.2 100.9 93.4 97.1 104.8 104.4 104.8 110.6 107.9 105.8 111.0 116.7 112.4 102.5 100.0 93.0 92.8 92.4 92.6 92.7 93.5 100.7 106.5 126.5 143.4 157.6 169.2 170.2 182.7 191.0 189.6 195.2 201.0 210.6 212.8 236.3 252.0 271.9 283.2 288.6 299.4 296.3 313.2 328.2 338.6 350.1 353.8 369.0 371.4 409.9 518.0 609.8 561.9 496.4 483.0 526.0 582.5 659.2 724.3 818.6 978.6 1095.9 1029.3 946.2 880.7 799.2 688.5 642.6 745.9 759.8 739.1 681.8 591.3 501.5
101.2 93.5 102.5 101.5 102.9 107.3 112.8 109.7 114.1 112.9 114.9 112.7 119.4 121.3 107.0 102.4 97.7 94.0 93.8 92.5 92.2 92.6 94.7 100.6 123.4 164.0 167.3 179.3 186.4 183.0 196.5 203.2 209.1 224.3 225.6 217.6 230.1 249.5 261.3 271.8 285.7 300.9 317.2 312.2 318.4 342.3 349.6 360.0 370.1 383.6 426.7 501.5 618.7 693.1 665.6 540.1 527.2 618.3 720.1 841.8 943.3 1008.4 1059.6 1038.9 964.4 886.2 822.6 726.5 630.3 580.1 659.0 719.8 686.2 590.4 535.0
100.7 104.0 102.5 107.5 107.1 109.2 114.2 117.9 114.8 120.6 123.0 121.6 124.0 130.3 118.3 111.4 100.9 96.4 96.7 96.4 93.3 93.1 96.2 101.5 117.8 160.7 187.0 183.5 202.5 199.0 204.2 208.3 205.8 202.8 211.9 229.6 227.6 241.4 259.2 261.0 274.3 296.4 309.8 327.0 333.3 338.3 350.1 362.0 380.8 392.3 386.6 425.1 483.4 613.8 723.5 648.5 560.0 655.0 758.4 889.8 969.3 1024.2 1054.0 1031.8 977.1 911.6 835.8 708.9 653.5 572.8 549.6 633.5 620.6 502.6 435.7
100.9 106.5 109.2 108.4 116.7 119.0 115.8 122.3 124.1 124.0 126.3 133.0 132.3 135.1 132.9 121.1 111.2 103.9 99.8 98.6 98.1 96.5 97.8 102.4 124.2 148.5 187.0 200.9 201.8 217.6 209.3 216.5 216.4 218.4 227.3 247.6 245.7 227.3 242.7 258.9 292.9 297.9 319.8 334.8 335.1 328.8 343.1 352.5 363.3 378.2 392.2 402.2 439.5 518.6 618.3 644.8 639.9 720.6 795.9 853.5 968.9 1011.3 971.9 911.9 926.9 948.7 890.6 774.7 638.1 527.9 497.1 610.0 550.7 447.1 369.0
105.1 106.9 106.9 116.5 115.9 118.3 124.9 122.7 127.2 131.5 137.5 135.1 141.0 143.4 145.6 139.4 126.6 113.1 114.2 107.5 107.4 112.2 114.0 120.6 137.4 164.7 190.8 206.1 210.4 217.9 233.9 227.7 235.4 247.8 258.8 263.5 272.7 253.3 267.7 269.5 287.4 314.7 303.4 327.1 350.9 350.0 344.4 364.1 384.3 384.3 386.0 389.2 409.0 479.6 537.2 583.8 716.3 712.0 691.9 735.6 809.1 887.8 913.3 891.6 867.8 901.0 909.4 809.6 658.2 507.4 485.9 587.6 556.0 479.7 411.7
108.7 111.4 110.7 115.4 123.1 120.5 126.3 133.0 128.9 136.2 144.7 147.3 144.8 149.3 155.2 157.0 146.1 129.8 131.8 128.7 117.0 127.7 144.1 164.7 202.8 187.5 203.9 208.2 222.4 223.5 247.5 249.2 240.5 257.2 265.9 282.4 292.4 300.4 314.8 292.6 287.5 293.9 315.5 328.4 333.4 362.2 380.3 377.5 394.9 404.3 413.3 424.6 433.0 513.5 617.7 672.1 737.0 675.2 625.7 747.2 817.0 864.8 855.0 831.8 824.1 871.5 853.5 759.4 608.2 516.1 460.1 566.2 521.7 435.9 379.2
110.7 116.3 118.5 119.2 120.4 125.9 130.2 136.4 134.1 136.9 147.7 155.3 156.4 156.9 161.4 169.9 170.2 159.8 154.0 151.8 145.2 141.5 163.2 180.2 203.7 203.0 219.0 220.5 226.2 236.5 248.2 260.8 251.4 258.1 275.2 283.3 302.3 309.5 316.9 324.3 272.0 294.5 324.8 332.8 345.5 352.8 364.3 380.1 397.8 408.3 422.9 435.8 444.8 505.6 626.0 713.5 766.1 717.1 609.6 603.9 666.7 782.9 777.3 810.9 825.3 789.9 758.8 735.6 643.7 534.3 457.7 528.6 461.3 385.0 334.8
116.2 116.1 121.2 126.4 125.0 127.5 130.5 141.6 145.8 146.5 154.7 162.0 169.7 174.0 189.5 191.0 191.0 183.5 183.3 180.6 176.9 174.8 185.9 202.9 207.2 218.1 233.9 240.1 244.6 250.7 252.1 255.7 262.3 266.5 275.1 287.6 302.8 321.4 316.7 323.0 281.0 273.1 311.1 343.6 353.5 366.3 380.3 385.2 394.1 400.4 405.4 420.9 460.0 530.4 643.7 736.9 738.3 734.4 708.2 612.4 529.1 607.1 679.7 807.2 869.1 903.5 851.2 824.6 739.1 543.8 415.8 488.7 508.1 411.8 351.6
