data/case_study_destine/merger_hmc_by_domain/geo/LiriDomain.dem.txt
ncols   487
nrows   300
xllcorner    12.2408
yllcorner    41.1949
cellsize    0.005009
NODATA_value -9999
[rows 68 to 101 of 300, columns 375 to 449 of 487]
61.3 70.3 86.5 94.0 107.4 128.0 170.9 229.0 315.6 314.0 280.3 244.8 270.4 261.0 230.4 209.9 162.7 131.2 108.1 162.4 232.5 254.7 246.4 259.8 242.7 209.0 172.9 149.2 133.5 111.8 93.0 89.3 124.2 144.2 97.3 83.5 79.8 123.8 188.0 188.5 176.5 150.4 117.7 129.6 148.9 126.2 106.2 139.6 110.4 121.7 132.0 121.5 101.5 90.6 86.6 103.2 69.2 -9999.0 -9999.0 -9999.0 -9999.0 -9999.0 -9999.0 -9999.0 -9999.0 -9999.0 -9999.0 -9999.0 -9999.0 -9999.0 -9999.0 -9999.0 -9999.0 -9999.0 -9999.0
63.8 64.7 86.5 95.5 125.7 165.4 218.7 287.3 345.2 330.8 298.0 290.8 258.6 203.9 169.5 151.3 121.9 110.8 147.3 233.9 268.7 259.5 234.1 215.8 231.4 220.3 196.7 153.3 126.3 106.1 92.0 124.4 152.4 104.1 92.1 130.9 93.3 115.2 196.9 191.1 177.2 155.1 111.6 161.6 154.1 146.8 122.4 142.2 121.3 131.4 136.8 126.0 121.2 115.0 91.5 111.4 94.5 -9999.0 -9999.0 -9999.0 -9999.0 -9999.0 -9999.0 -9999.0 -9999.0 -9999.0 -9999.0 -9999.0 -9999.0 -9999.0 -9999.0 -9999.0 -9999.0 -9999.0 -9999.0
68.7 75.6 90.0 104.4 150.0 196.2 242.3 310.1 364.4 318.5 265.2 227.2 206.2 220.1 199.0 148.4 115.7 159.7 222.7 285.5 239.0 173.6 174.8 148.5 145.6 152.4 159.8 130.3 106.0 97.2 117.6 163.9 116.6 98.5 154.7 170.3 111.3 99.8 153.1 194.6 177.7 146.1 124.5 170.4 164.1 149.3 144.1 136.9 138.4 125.2 144.0 137.9 131.6 118.8 101.8 111.1 82.4 -9999.0 -9999.0 -9999.0 -9999.0 -9999.0 -9999.0 -9999.0 -9999.0 -9999.0 -9999.0 -9999.0 -9999.0 -9999.0 -9999.0 -9999.0 -9999.0 -9999.0 -9999.0
78.0 88.9 99.0 120.5 135.8 165.5 214.7 285.4 281.9 278.6 249.2 232.8 193.2 169.6 149.4 123.9 153.0 199.3 250.0 229.2 177.7 142.5 144.7 162.3 157.0 138.7 122.6 108.2 121.1 152.1 162.7 117.1 104.2 164.9 210.5 175.2 109.9 109.5 172.3 197.3 172.3 131.7 149.9 182.7 176.0 160.3 162.1 143.3 147.8 130.7 140.9 141.3 132.5 126.6 112.8 99.4 107.7 82.4 -9999.0 -9999.0 -9999.0 -9999.0 -9999.0 -9999.0 -9999.0 -9999.0 -9999.0 -9999.0 -9999.0 -9999.0 -9999.0 -9999.0 -9999.0 -9999.0 -9999.0
84.3 93.9 111.3 131.0 164.8 221.4 254.5 244.0 214.2 196.6 202.0 183.4 154.7 129.7 145.3 192.9 230.6 213.1 175.8 157.7 155.7 191.0 231.5 238.1 198.8 187.3 126.9 115.5 184.0 175.8 118.1 118.1 178.5 225.6 195.4 145.8 101.4 156.6 200.8 171.3 161.4 135.5 157.6 190.2 179.3 173.2 156.8 159.6 163.1 144.8 145.0 153.6 146.0 134.7 133.2 118.1 108.9 108.9 109.3 -9999.0 -9999.0 -9999.0 -9999.0 -9999.0 -9999.0 -9999.0 -9999.0 -9999.0 -9999.0 -9999.0 -9999.0 -9999.0 -9999.0 -9999.0 -9999.0
113.2 118.1 132.7 165.0 232.0 297.7 286.6 252.5 234.0 201.7 166.4 140.0 125.6 166.9 243.7 263.3 191.6 170.5 189.7 201.6 193.3 232.4 291.3 262.1 224.6 163.4 119.4 132.1 178.5 136.0 115.7 192.7 232.3 189.2 153.0 109.8 151.1 191.0 191.6 202.6 166.8 176.7 138.6 191.8 185.9 175.3 161.3 167.1 169.3 151.3 166.1 161.5 150.8 142.8 131.2 131.6 117.5 120.9 112.7 73.9 -9999.0 -9999.0 -9999.0 -9999.0 -9999.0 -9999.0 -9999.0 -9999.0 -9999.0 -9999.0 -9999.0 -9999.0 -9999.0 -9999.0 -9999.0
135.1 157.6 182.5 202.3 262.7 305.3 278.8 257.4 246.0 230.7 182.5 139.3 144.1 236.0 293.9 216.3 183.0 243.4 280.0 238.2 252.2 305.8 285.0 237.1 181.8 135.1 127.2 169.6 164.3 124.8 166.1 229.4 230.0 224.2 156.0 116.2 199.0 221.1 212.8 208.4 180.6 191.2 148.1 192.0 197.1 188.4 174.4 182.0 178.6 160.5 177.2 168.4 150.9 154.3 151.2 141.7 121.3 121.9 89.7 52.2 -9999.0 -9999.0 -9999.0 -9999.0 -9999.0 -9999.0 -9999.0 -9999.0 -9999.0 -9999.0 -9999.0 -9999.0 -9999.0 -9999.0 -9999.0
212.0 236.0 259.3 243.7 255.4 232.4 242.1 238.8 212.9 178.2 175.5 134.7 160.2 224.4 246.5 185.3 218.5 318.6 314.2 310.4 305.3 287.7 236.7 201.6 165.7 131.7 146.5 197.4 149.5 135.2 188.7 251.0 252.6 206.7 139.7 129.1 206.7 234.5 214.9 191.8 209.4 206.1 170.9 187.3 205.3 197.9 192.2 193.8 176.8 179.6 184.9 167.3 162.1 160.9 149.8 136.2 135.5 118.0 75.3 67.0 103.9 -9999.0 -9999.0 -9999.0 -9999.0 -9999.0 -9999.0 -9999.0 -9999.0 -9999.0 -9999.0 -9999.0 -9999.0 -9999.0 -9999.0
185.7 210.9 234.1 199.6 196.4 195.9 172.8 178.3 218.3 174.3 137.8 158.8 198.7 250.9 228.3 185.1 240.3 318.4 313.2 266.1 232.2 213.3 187.9 164.9 142.2 143.8 172.9 186.7 134.1 142.1 199.7 268.1 221.3 151.8 144.3 181.7 232.4 243.9 219.8 216.3 225.8 220.5 200.5 167.9 211.7 206.6 204.1 187.8 189.3 196.1 187.4 178.1 175.9 159.1 150.7 147.1 141.8 106.2 65.5 108.6 140.6 122.9 -9999.0 -9999.0 -9999.0 -9999.0 -9999.0 -9999.0 -9999.0 -9999.0 -9999.0 -9999.0 -9999.0 -9999.0 -9999.0
207.8 227.3 227.8 263.3 269.1 261.0 227.2 180.9 152.0 143.5 186.5 258.8 303.3 287.1 236.3 195.7 252.8 295.6 241.2 208.1 174.6 160.9 153.4 152.0 181.4 214.9 195.6 143.9 169.5 200.9 246.4 250.3 185.9 155.4 151.9 241.0 247.4 249.1 223.1 236.1 236.0 214.5 181.1 190.8 220.6 215.5 199.6 201.7 208.7 200.5 195.1 182.9 168.2 159.0 151.2 139.6 117.2 90.3 69.5 131.1 149.8 140.6 105.1 -9999.0 -9999.0 -9999.0 -9999.0 -9999.0 -9999.0 -9999.0 -9999.0 -9999.0 -9999.0 -9999.0 -9999.0
258.2 243.8 270.2 311.5 322.5 297.5 262.5 204.8 150.7 190.1 257.9 353.3 342.6 288.7 233.2 219.1 272.2 248.2 206.8 171.8 166.6 188.9 206.4 240.4 247.3 186.8 150.4 155.1 178.9 263.6 284.9 255.7 234.4 185.4 147.0 211.0 267.1 244.3 237.8 251.3 228.2 194.9 191.6 227.6 230.5 215.5 218.1 218.7 215.4 207.7 193.7 177.4 164.4 161.0 158.6 137.0 92.8 78.5 111.8 163.6 162.5 146.1 102.5 59.3 -9999.0 -9999.0 -9999.0 -9999.0 -9999.0 -9999.0 -9999.0 -9999.0 -9999.0 -9999.0 -9999.0
273.9 302.0 345.5 340.6 275.1 264.1 207.1 163.3 157.3 227.7 276.1 290.5 266.0 242.7 246.5 278.4 255.5 212.7 179.9 172.1 202.5 249.0 273.8 236.6 178.7 181.8 182.7 203.9 193.8 238.9 296.6 272.3 266.1 189.8 154.2 225.4 275.8 263.3 255.6 255.2 207.7 227.5 228.9 226.6 239.7 225.6 233.5 229.2 219.4 204.2 187.7 159.8 138.8 142.5 123.6 90.5 103.5 147.3 177.4 170.3 155.5 132.6 91.9 69.4 127.3 137.3 -9999.0 -9999.0 -9999.0 -9999.0 -9999.0 -9999.0 -9999.0 -9999.0 -9999.0
271.2 284.8 333.7 309.8 238.6 204.2 187.1 154.7 204.1 279.3 294.7 268.9 293.2 316.7 313.9 279.4 244.3 195.2 180.0 211.4 261.7 273.2 227.3 189.2 176.6 249.7 229.4 266.5 242.6 259.1 308.2 285.1 213.9 178.3 169.5 239.4 284.2 273.6 271.6 231.4 231.6 247.9 241.0 244.2 248.5 242.8 238.5 225.9 208.5 185.8 153.8 135.6 156.1 130.3 93.6 124.3 179.7 195.0 182.7 161.7 144.5 112.1 79.8 107.7 157.6 139.7 161.6 -9999.0 -9999.0 -9999.0 -9999.0 -9999.0 -9999.0 -9999.0 -9999.0
228.7 292.0 334.7 294.7 248.4 207.4 165.2 173.4 252.4 313.4 302.4 319.5 383.7 346.0 289.3 238.6 215.2 190.8 213.0 278.7 296.9 244.1 188.7 173.3 214.9 281.3 308.7 310.5 268.4 310.0 269.7 212.7 218.6 230.7 185.3 266.4 291.8 283.8 260.4 232.5 246.5 268.9 248.9 250.9 261.3 254.9 244.4 223.3 205.6 174.0 159.6 182.3 176.1 124.0 107.4 169.6 202.8 191.2 186.9 168.5 133.2 106.7 91.5 167.5 174.4 157.7 166.1 158.5 142.2 -9999.0 -9999.0 -9999.0 -9999.0 -9999.0 -9999.0
282.8 317.8 281.7 233.5 216.1 186.8 168.8 222.4 264.5 315.2 352.1 376.2 333.7 279.5 269.2 245.1 200.5 210.1 271.0 332.9 306.5 217.6 178.8 210.0 257.1 299.5 338.0 297.9 304.1 262.1 225.8 254.8 283.0 256.5 204.0 242.9 299.5 283.6 246.6 271.4 269.0 268.3 257.4 261.4 269.8 254.7 234.2 212.3 193.3 188.7 194.6 173.1 124.3 109.8 149.0 199.5 189.8 166.2 146.7 107.9 100.8 92.6 143.8 184.0 179.5 170.4 162.1 149.8 141.0 137.1 126.8 -9999.0 -9999.0 -9999.0 -9999.0
331.3 294.4 241.3 195.7 180.9 189.9 177.5 196.2 241.4 295.1 380.4 385.7 326.4 272.8 236.7 210.5 207.5 273.1 338.3 296.9 211.9 188.3 236.1 288.5 310.3 329.0 322.1 318.1 250.4 265.0 305.2 319.5 310.8 266.8 231.9 264.7 302.1 262.4 277.3 285.3 280.7 286.3 275.6 280.8 271.9 255.4 231.4 212.8 185.1 158.0 140.7 125.1 131.2 158.8 208.4 204.1 150.1 114.6 119.1 134.4 129.5 108.3 159.6 191.1 182.7 172.8 167.9 160.8 155.2 152.6 142.5 124.8 -9999.0 -9999.0 -9999.0
322.7 288.3 223.3 185.0 225.3 277.4 232.5 182.5 208.1 264.9 326.5 333.6 280.2 251.4 219.0 217.3 246.0 308.4 290.7 207.7 184.7 248.2 337.6 354.7 328.8 355.8 330.8 289.0 265.7 332.5 351.0 335.3 311.3 311.2 254.7 309.7 291.4 290.2 296.7 307.3 301.2 303.1 294.6 288.5 265.1 226.5 169.6 140.9 142.2 162.9 168.8 172.5 191.3 226.2 216.6 169.2 122.2 165.3 202.4 158.2 158.1 167.1 174.5 194.5 186.4 178.3 163.5 140.7 110.5 100.7 90.3 91.6 66.6 -9999.0 -9999.0
231.6 210.5 194.6 204.1 257.0 309.9 296.9 219.7 204.6 234.3 288.9 338.7 299.0 240.5 221.7 252.3 293.4 305.7 246.9 207.7 196.3 274.4 382.4 360.8 347.5 362.8 347.1 303.0 266.8 348.4 353.8 328.1 333.4 276.4 292.8 322.1 285.3 319.6 308.7 318.3 315.1 303.3 287.5 259.6 189.6 160.7 143.8 171.7 206.0 226.3 232.0 230.5 244.8 227.7 188.3 132.5 145.9 225.2 218.4 150.3 203.0 189.4 202.9 181.6 149.3 135.5 125.2 136.6 151.9 156.5 137.3 98.8 77.2 126.0 136.7
221.0 238.7 239.7 244.1 252.9 309.7 327.0 231.0 244.9 296.8 353.9 319.4 280.8 237.8 240.6 281.2 324.8 309.4 251.1 217.6 206.5 263.8 346.9 362.0 383.5 380.6 370.9 307.2 291.1 359.2 350.5 354.2 317.9 297.1 340.4 313.5 305.0 329.7 325.8 328.0 325.5 307.9 256.2 193.9 163.6 149.7 167.2 216.7 266.5 276.3 266.0 243.1 189.2 150.0 136.5 156.0 221.0 247.6 189.5 182.7 219.2 207.9 183.1 186.1 187.5 181.2 177.0 167.6 143.2 120.1 106.4 104.1 139.4 138.9 119.0
274.8 284.9 309.8 329.8 352.2 352.9 296.1 224.8 329.8 399.8 361.1 300.0 267.6 241.4 263.8 321.1 372.3 322.0 286.1 217.4 209.6 255.7 322.1 377.0 393.2 396.5 351.1 296.3 330.7 369.8 370.3 325.0 301.3 345.5 332.2 311.3 318.2 340.9 338.9 338.8 324.1 284.2 228.0 182.8 161.9 147.7 171.4 217.4 273.7 256.2 210.1 177.4 148.9 142.9 168.9 218.5 260.6 220.5 214.4 231.6 222.5 217.5 192.1 211.0 202.8 197.6 174.1 155.7 153.2 135.8 125.4 158.5 155.8 145.8 123.4
344.7 339.7 333.7 336.1 300.4 270.4 247.4 265.2 326.4 334.2 318.1 294.1 251.9 262.3 295.6 368.1 408.4 343.7 279.4 218.0 213.2 276.4 335.0 376.7 404.3 370.1 351.3 323.9 358.5 383.4 346.6 322.7 361.7 357.6 351.7 333.1 342.9 351.1 350.5 336.8 302.6 270.5 226.6 187.6 159.8 156.7 184.2 228.0 283.9 288.9 238.3 182.3 148.5 174.0 218.8 262.8 233.5 236.4 250.9 249.1 233.6 199.9 225.9 218.9 215.6 195.6 180.3 188.7 164.9 140.0 168.0 168.5 141.5 140.8 136.5
436.1 417.6 383.9 327.9 319.9 296.8 303.9 336.2 331.9 317.1 302.1 270.2 259.6 292.4 381.3 445.8 393.0 312.7 265.0 234.4 216.8 264.4 373.1 397.6 391.0 389.8 382.6 336.8 390.8 382.1 357.5 361.9 381.4 365.2 373.4 352.6 349.8 362.6 351.4 315.6 269.7 260.9 215.3 182.7 160.0 174.7 212.8 264.7 307.9 288.0 248.3 176.4 161.7 201.8 259.8 280.7 233.2 264.1 265.6 258.0 241.4 207.8 239.6 232.1 214.6 192.7 206.5 191.0 177.3 188.6 181.0 162.3 169.3 153.6 121.1
524.3 485.7 438.8 405.4 410.3 393.4 384.8 367.2 355.9 348.1 307.9 282.0 276.2 303.6 377.9 459.6 418.0 340.1 286.0 257.1 227.3 246.9 307.1 378.7 398.4 413.2 397.9 353.8 402.3 404.0 365.9 383.3 386.0 385.4 372.8 374.4 365.2 369.3 335.6 294.4 242.8 220.8 225.3 214.9 174.1 211.6 262.6 304.4 294.6 245.0 182.9 173.8 200.4 236.3 295.2 291.0 256.2 273.0 274.8 261.1 220.0 237.5 246.7 233.7 200.8 222.4 211.5 199.4 199.3 196.7 183.7 190.2 180.2 133.5 98.3
614.2 574.0 507.4 420.0 368.4 351.9 334.2 318.3 306.5 311.6 313.8 302.9 296.3 301.9 375.0 425.4 397.2 377.8 348.5 318.1 258.4 238.9 316.4 365.4 408.6 424.0 406.4 380.1 412.1 380.8 373.8 405.1 407.3 393.3 392.9 395.9 386.0 360.9 318.2 283.0 261.0 264.7 226.4 178.6 202.5 269.7 300.7 260.5 221.3 190.4 188.9 195.2 227.7 265.0 305.4 290.0 264.7 283.5 268.5 237.7 244.2 258.3 252.8 229.0 222.6 229.8 212.7 205.8 215.1 210.1 192.3 163.7 138.0 109.4 92.6
664.9 641.4 555.4 455.9 382.9 351.6 385.0 359.0 359.7 351.6 327.9 326.2 346.7 326.3 312.6 325.6 354.1 410.0 413.9 361.0 288.7 251.1 334.3 404.2 437.2 436.5 390.8 400.0 419.3 388.8 412.8 421.1 415.0 415.6 410.6 391.7 369.9 325.6 293.0 283.2 237.5 205.4 194.4 185.2 239.6 290.7 290.7 281.6 226.2 204.3 237.5 230.8 261.7 284.9 299.1 295.5 285.1 290.4 272.3 245.4 266.5 263.5 249.8 230.0 244.7 223.8 226.2 228.4 215.2 179.5 152.5 132.6 113.3 101.0 89.7
657.6 659.9 565.5 453.4 402.2 431.7 418.5 388.7 371.1 358.7 349.8 339.8 354.5 368.6 327.4 331.0 341.6 405.7 440.1 382.3 313.6 261.6 309.2 399.6 447.5 409.1 406.4 427.4 412.5 404.5 438.9 435.5 434.1 422.9 371.3 318.3 293.8 303.8 261.6 214.4 226.2 252.8 205.2 201.2 262.7 312.6 337.0 280.8 222.1 241.2 276.6 268.9 311.7 318.6 319.2 299.2 300.9 288.5 270.3 261.9 278.6 272.5 257.8 250.9 241.0 245.1 239.0 221.3 195.2 165.1 141.0 118.2 104.5 95.6 77.5
634.0 640.5 544.0 464.2 482.7 461.5 423.4 407.3 388.0 387.0 388.9 374.3 367.7 373.5 347.5 382.2 356.8 364.4 432.9 389.7 339.1 288.0 307.1 366.6 410.9 430.9 461.8 433.8 430.2 449.6 454.8 447.6 412.5 383.8 359.0 310.9 268.4 253.7 235.5 273.3 287.0 266.9 204.3 213.7 285.7 335.8 342.5 269.4 231.2 282.7 306.5 311.3 342.5 334.2 327.4 305.4 309.9 298.8 278.8 282.4 282.8 267.9 255.5 256.2 259.3 256.0 245.9 221.4 176.3 147.8 122.8 109.4 101.5 86.4 68.6
715.8 733.2 662.0 569.1 518.9 473.8 445.6 419.4 416.6 420.6 420.3 407.7 414.8 387.6 367.5 404.2 402.8 371.9 382.1 411.9 372.3 306.3 314.7 380.4 422.8 470.5 461.0 456.2 467.1 466.3 460.3 449.1 432.5 377.3 368.6 349.5 339.8 331.6 305.3 328.3 309.6 248.0 197.9 235.0 286.5 355.7 342.9 283.7 247.8 308.4 330.7 341.3 359.3 347.8 333.4 320.3 320.2 307.2 290.7 299.5 288.0 287.7 278.0 267.4 263.2 246.9 203.4 173.7 146.7 124.2 116.0 105.7 86.9 73.6 54.2
776.6 811.6 753.0 642.7 583.9 560.7 461.9 437.8 451.1 456.9 453.0 462.6 431.5 400.6 396.9 431.4 416.9 394.4 388.0 422.0 391.3 315.5 325.4 371.5 437.9 464.9 478.5 477.4 429.7 373.7 338.6 321.1 312.1 271.0 255.6 258.0 261.7 270.3 277.4 287.4 264.8 219.5 217.2 277.8 319.3 321.5 271.2 257.7 265.8 329.9 347.5 365.7 377.2 360.5 340.5 342.4 334.3 308.9 311.2 304.2 301.0 289.8 283.1 273.0 240.0 200.2 180.1 151.1 128.7 118.3 103.1 87.3 76.3 63.4 54.1
794.4 818.3 737.9 630.7 741.7 708.1 586.5 497.6 492.2 497.5 497.2 477.0 454.8 440.8 405.9 448.4 433.3 413.0 424.7 439.9 416.2 340.5 359.8 409.6 458.4 475.0 496.2 451.9 355.1 328.5 321.0 304.8 263.7 307.2 324.3 289.7 244.6 243.8 225.6 218.2 209.7 221.8 269.2 335.7 353.6 305.5 314.0 296.0 263.7 310.3 358.2 386.6 391.1 371.4 361.0 357.5 330.9 331.4 326.5 315.4 272.6 216.3 205.3 202.1 191.5 174.0 151.1 134.9 123.4 109.1 91.4 81.2 70.5 55.7 51.7
883.2 828.4 689.8 767.2 873.7 858.0 752.4 644.2 561.7 542.5 530.8 498.4 509.1 476.4 433.7 468.5 447.0 437.8 491.3 491.1 455.7 395.2 366.8 446.9 498.5 500.0 491.0 418.4 369.4 379.8 351.3 290.6 314.8 351.3 386.7 357.2 336.8 326.0 296.5 258.7 218.1 277.0 331.4 375.5 358.9 340.2 371.1 311.7 289.7 344.1 383.8 406.8 404.3 379.0 383.6 358.6 354.0 345.8 319.0 271.8 225.5 211.9 208.6 193.7 180.3 156.2 133.2 120.3 102.9 97.1 75.5 61.6 58.3 54.8 52.5
909.9 799.9 829.1 883.5 933.3 917.5 884.6 807.4 645.9 583.8 554.4 548.1 543.2 477.5 507.1 496.0 471.4 459.0 509.5 533.1 490.7 427.6 395.5 469.7 524.1 503.0 437.9 403.2 422.0 380.2 322.9 357.4 362.5 312.0 300.3 293.3 317.5 303.9 273.5 237.1 246.3 293.9 293.9 331.1 361.2 369.8 402.6 342.5 314.2 367.1 415.5 423.2 418.8 395.2 367.4 310.4 311.3 283.1 263.7 250.8 250.6 250.7 228.4 195.8 174.5 153.9 130.5 110.9 95.5 84.6 63.0 61.1 58.4 55.1 52.6
891.8 983.9 1011.4 977.6 995.3 975.4 915.8 819.5 676.6 668.4 593.8 594.2 580.9 555.7 553.7 514.5 504.6 522.1 516.9 568.2 525.5 437.3 430.6 496.7 529.1 482.8 453.1 448.4 397.4 374.8 387.2 358.2 338.7 354.1 331.4 278.5 274.9 276.6 278.1 252.9 312.8 292.2 243.8 260.0 286.1 305.0 371.2 398.9 364.7 381.2 430.6 438.6 412.1 376.7 330.1 267.2 243.5 238.4 204.2 204.6 221.8 231.1 209.3 185.3 163.3 138.9 112.9 100.2 93.1 73.0 63.3 61.6 57.9 55.7 52.6
1002.5 1149.6 1153.7 1060.4 1032.5 1005.8 969.9 861.2 751.5 748.3 662.6 643.1 630.1 605.9 571.0 544.5 564.2 585.9 569.4 599.6 526.0 450.6 437.1 439.0 428.2 446.4 491.5 488.2 445.7 427.3 387.4 390.5 422.8 432.0 377.4 358.0 370.3 353.5 308.3 300.9 322.9 289.0 241.1 233.8 244.9 274.4 329.9 358.0 301.5 334.3 373.8 400.2 341.5 308.6 272.1 240.4 210.5 207.9 182.7 191.7 204.0 193.4 185.8 168.0 141.7 116.7 103.2 93.6 83.7 64.6 62.1 60.3 57.6 56.0 54.9
