data/case_study_destine/merger_hmc_by_domain/geo/MarcheDomain.dem.txt
ncols   401
nrows   311
xllcorner    12.0642
yllcorner    42.5239
cellsize    0.005006
NODATA_value -9999
[rows 165 to 197 of 311, columns 300 to 374 of 401]
127.2 114.8 88.0 79.5 109.9 148.8 143.9 161.0 191.6 217.1 206.4 179.2 152.4 128.7 108.6 108.0 107.6 103.6 91.7 85.6 85.4 49.9 63.3 140.1 211.3 201.3 177.9 158.8 137.9 147.2 172.2 157.1 136.1 120.0 100.8 97.7 88.1 72.2 -9999.0 -9999.0 -9999.0 -9999.0 -9999.0 -9999.0 -9999.0 -9999.0 -9999.0 -9999.0 -9999.0 -9999.0 -9999.0 -9999.0 -9999.0 -9999.0 -9999.0 -9999.0 -9999.0 -9999.0 -9999.0 -9999.0 -9999.0 -9999.0 -9999.0 -9999.0 -9999.0 -9999.0 -9999.0 -9999.0 -9999.0 -9999.0 -9999.0 -9999.0 -9999.0 -9999.0 -9999.0
97.8 104.7 117.3 132.9 126.7 145.6 162.7 188.9 221.8 180.3 150.9 146.7 113.8 111.8 126.6 158.7 154.1 133.9 117.5 108.0 81.2 46.9 81.6 170.9 248.4 222.4 206.9 181.0 178.9 172.7 153.9 129.3 122.3 115.4 105.7 93.7 80.1 61.1 50.6 -9999.0 -9999.0 -9999.0 -9999.0 -9999.0 -9999.0 -9999.0 -9999.0 -9999.0 -9999.0 -9999.0 -9999.0 -9999.0 -9999.0 -9999.0 -9999.0 -9999.0 -9999.0 -9999.0 -9999.0 -9999.0 -9999.0 -9999.0 -9999.0 -9999.0 -9999.0 -9999.0 -9999.0 -9999.0 -9999.0 -9999.0 -9999.0 -9999.0 -9999.0 -9999.0 -9999.0
156.3 177.7 176.2 171.0 162.4 196.1 221.9 210.8 169.3 148.7 125.8 136.9 157.6 159.3 184.3 180.9 149.7 140.5 116.3 91.4 68.4 53.8 104.9 184.9 232.5 200.4 169.1 155.7 140.3 128.5 142.7 135.3 121.1 111.5 103.4 89.1 70.7 59.9 55.3 48.6 -9999.0 -9999.0 -9999.0 -9999.0 -9999.0 -9999.0 -9999.0 -9999.0 -9999.0 -9999.0 -9999.0 -9999.0 -9999.0 -9999.0 -9999.0 -9999.0 -9999.0 -9999.0 -9999.0 -9999.0 -9999.0 -9999.0 -9999.0 -9999.0 -9999.0 -9999.0 -9999.0 -9999.0 -9999.0 -9999.0 -9999.0 -9999.0 -9999.0 -9999.0 -9999.0
152.0 177.1 207.1 216.9 238.4 247.4 204.7 176.8 176.8 176.8 156.9 199.8 246.3 251.2 241.4 181.6 152.2 147.1 109.5 60.9 51.9 90.8 169.0 240.6 211.6 211.2 221.8 184.7 154.0 129.3 117.0 111.0 104.6 99.4 90.1 81.1 68.3 56.5 48.9 44.3 -9999.0 -9999.0 -9999.0 -9999.0 -9999.0 -9999.0 -9999.0 -9999.0 -9999.0 -9999.0 -9999.0 -9999.0 -9999.0 -9999.0 -9999.0 -9999.0 -9999.0 -9999.0 -9999.0 -9999.0 -9999.0 -9999.0 -9999.0 -9999.0 -9999.0 -9999.0 -9999.0 -9999.0 -9999.0 -9999.0 -9999.0 -9999.0 -9999.0 -9999.0 -9999.0
217.1 190.4 189.9 179.2 215.5 234.5 206.5 212.2 236.4 233.7 216.7 226.7 247.0 208.3 192.3 172.3 163.3 115.3 68.7 61.2 95.7 149.9 235.4 255.6 231.3 222.7 191.6 166.0 151.2 140.8 126.1 107.4 102.8 82.6 61.0 52.1 42.1 32.4 24.2 20.8 22.4 -9999.0 -9999.0 -9999.0 -9999.0 -9999.0 -9999.0 -9999.0 -9999.0 -9999.0 -9999.0 -9999.0 -9999.0 -9999.0 -9999.0 -9999.0 -9999.0 -9999.0 -9999.0 -9999.0 -9999.0 -9999.0 -9999.0 -9999.0 -9999.0 -9999.0 -9999.0 -9999.0 -9999.0 -9999.0 -9999.0 -9999.0 -9999.0 -9999.0 -9999.0
167.2 150.5 170.6 206.4 218.8 193.4 157.2 165.8 198.1 209.7 204.4 220.5 200.2 155.9 130.7 139.1 144.2 99.9 62.3 70.7 131.8 171.2 206.2 209.6 205.4 184.8 157.4 143.5 142.6 120.2 122.3 104.7 73.7 36.5 48.0 47.3 45.8 47.9 45.2 45.9 47.7 -9999.0 -9999.0 -9999.0 -9999.0 -9999.0 -9999.0 -9999.0 -9999.0 -9999.0 -9999.0 -9999.0 -9999.0 -9999.0 -9999.0 -9999.0 -9999.0 -9999.0 -9999.0 -9999.0 -9999.0 -9999.0 -9999.0 -9999.0 -9999.0 -9999.0 -9999.0 -9999.0 -9999.0 -9999.0 -9999.0 -9999.0 -9999.0 -9999.0 -9999.0
176.4 139.9 145.5 169.7 197.4 159.2 136.6 181.2 177.9 149.4 183.2 191.0 204.9 189.4 156.2 114.7 99.6 68.8 62.4 122.3 152.4 201.8 226.1 193.7 161.2 182.8 157.0 129.3 121.9 104.0 96.1 86.0 67.6 39.6 61.5 59.0 58.1 58.8 57.9 54.1 50.6 45.7 -9999.0 -9999.0 -9999.0 -9999.0 -9999.0 -9999.0 -9999.0 -9999.0 -9999.0 -9999.0 -9999.0 -9999.0 -9999.0 -9999.0 -9999.0 -9999.0 -9999.0 -9999.0 -9999.0 -9999.0 -9999.0 -9999.0 -9999.0 -9999.0 -9999.0 -9999.0 -9999.0 -9999.0 -9999.0 -9999.0 -9999.0 -9999.0 -9999.0
199.7 184.8 129.0 150.4 160.2 124.3 159.7 167.2 134.3 157.4 169.7 147.6 152.6 169.6 166.2 111.6 76.3 60.6 104.7 120.7 168.8 200.1 171.8 177.5 161.4 135.3 147.5 137.4 115.5 106.8 90.4 75.0 64.9 39.5 65.2 66.7 64.1 65.6 67.0 65.0 65.0 50.5 -9999.0 -9999.0 -9999.0 -9999.0 -9999.0 -9999.0 -9999.0 -9999.0 -9999.0 -9999.0 -9999.0 -9999.0 -9999.0 -9999.0 -9999.0 -9999.0 -9999.0 -9999.0 -9999.0 -9999.0 -9999.0 -9999.0 -9999.0 -9999.0 -9999.0 -9999.0 -9999.0 -9999.0 -9999.0 -9999.0 -9999.0 -9999.0 -9999.0
191.1 175.2 132.0 112.1 94.9 88.7 101.2 117.6 121.3 144.1 144.9 119.2 149.0 165.0 123.4 67.8 68.5 99.6 146.7 187.1 208.9 204.2 178.8 147.9 146.7 141.5 116.9 116.0 93.7 85.3 78.6 68.4 42.3 47.9 74.6 76.5 75.2 80.0 80.9 105.3 120.8 64.4 45.9 -9999.0 -9999.0 -9999.0 -9999.0 -9999.0 -9999.0 -9999.0 -9999.0 -9999.0 -9999.0 -9999.0 -9999.0 -9999.0 -9999.0 -9999.0 -9999.0 -9999.0 -9999.0 -9999.0 -9999.0 -9999.0 -9999.0 -9999.0 -9999.0 -9999.0 -9999.0 -9999.0 -9999.0 -9999.0 -9999.0 -9999.0 -9999.0
142.9 115.2 95.0 89.7 123.7 148.5 109.6 72.6 86.4 89.8 95.6 101.7 110.6 107.3 70.3 79.2 118.4 161.8 184.9 233.0 265.8 216.4 173.9 148.6 134.4 129.3 113.4 96.1 84.2 81.6 72.1 46.2 56.2 77.7 82.7 91.9 111.4 120.8 102.5 140.1 137.8 87.8 48.6 -9999.0 -9999.0 -9999.0 -9999.0 -9999.0 -9999.0 -9999.0 -9999.0 -9999.0 -9999.0 -9999.0 -9999.0 -9999.0 -9999.0 -9999.0 -9999.0 -9999.0 -9999.0 -9999.0 -9999.0 -9999.0 -9999.0 -9999.0 -9999.0 -9999.0 -9999.0 -9999.0 -9999.0 -9999.0 -9999.0 -9999.0 -9999.0
88.4 97.2 127.7 166.3 178.0 157.4 122.2 123.3 127.4 111.6 94.6 73.4 68.6 69.7 73.9 103.8 129.1 159.7 174.4 199.7 223.6 181.1 173.7 147.0 122.8 104.1 92.2 88.1 84.5 68.5 51.7 71.8 109.8 133.8 95.8 128.9 178.3 129.9 140.5 201.9 178.9 105.2 57.3 -9999.0 -9999.0 -9999.0 -9999.0 -9999.0 -9999.0 -9999.0 -9999.0 -9999.0 -9999.0 -9999.0 -9999.0 -9999.0 -9999.0 -9999.0 -9999.0 -9999.0 -9999.0 -9999.0 -9999.0 -9999.0 -9999.0 -9999.0 -9999.0 -9999.0 -9999.0 -9999.0 -9999.0 -9999.0 -9999.0 -9999.0 -9999.0
156.1 175.4 209.1 188.3 138.4 118.5 142.9 157.9 180.5 191.2 149.2 104.1 127.6 149.2 129.8 122.2 154.9 144.7 173.9 227.2 198.6 166.4 135.7 126.2 113.3 96.6 91.4 86.4 68.5 58.7 93.9 134.9 145.3 138.1 106.5 151.6 162.6 137.4 169.3 206.4 136.7 90.5 57.3 -9999.0 -9999.0 -9999.0 -9999.0 -9999.0 -9999.0 -9999.0 -9999.0 -9999.0 -9999.0 -9999.0 -9999.0 -9999.0 -9999.0 -9999.0 -9999.0 -9999.0 -9999.0 -9999.0 -9999.0 -9999.0 -9999.0 -9999.0 -9999.0 -9999.0 -9999.0 -9999.0 -9999.0 -9999.0 -9999.0 -9999.0 -9999.0
233.0 250.2 220.2 169.4 123.7 157.1 182.7 185.9 199.0 189.0 127.0 116.5 138.5 167.0 177.4 150.6 164.0 185.3 217.3 199.0 169.9 141.5 125.0 106.5 99.9 95.2 86.2 63.5 83.5 136.2 160.6 140.3 127.5 112.8 160.0 198.9 217.9 218.8 208.2 156.4 109.3 65.1 77.3 58.7 -9999.0 -9999.0 -9999.0 -9999.0 -9999.0 -9999.0 -9999.0 -9999.0 -9999.0 -9999.0 -9999.0 -9999.0 -9999.0 -9999.0 -9999.0 -9999.0 -9999.0 -9999.0 -9999.0 -9999.0 -9999.0 -9999.0 -9999.0 -9999.0 -9999.0 -9999.0 -9999.0 -9999.0 -9999.0 -9999.0 -9999.0
244.8 225.5 162.6 131.7 146.0 181.9 203.7 230.6 204.7 151.9 128.9 157.9 163.2 169.6 179.9 217.7 237.1 213.3 190.6 161.2 137.5 119.5 106.9 102.5 98.6 82.5 70.0 104.1 180.3 206.6 184.4 172.6 129.7 140.8 166.7 176.3 156.2 160.6 145.8 98.9 74.2 90.7 117.1 81.9 47.5 -9999.0 -9999.0 -9999.0 -9999.0 -9999.0 -9999.0 -9999.0 -9999.0 -9999.0 -9999.0 -9999.0 -9999.0 -9999.0 -9999.0 -9999.0 -9999.0 -9999.0 -9999.0 -9999.0 -9999.0 -9999.0 -9999.0 -9999.0 -9999.0 -9999.0 -9999.0 -9999.0 -9999.0 -9999.0 -9999.0
260.5 185.7 144.8 164.1 137.8 166.9 194.6 208.2 224.5 187.2 142.4 164.3 190.6 226.5 254.7 248.1 207.2 177.9 147.3 133.7 123.4 108.7 106.4 98.2 77.7 85.8 146.1 193.9 256.1 241.5 204.4 154.6 157.6 168.9 135.0 118.1 139.3 117.7 107.1 122.4 135.9 139.3 132.6 83.2 51.8 -9999.0 -9999.0 -9999.0 -9999.0 -9999.0 -9999.0 -9999.0 -9999.0 -9999.0 -9999.0 -9999.0 -9999.0 -9999.0 -9999.0 -9999.0 -9999.0 -9999.0 -9999.0 -9999.0 -9999.0 -9999.0 -9999.0 -9999.0 -9999.0 -9999.0 -9999.0 -9999.0 -9999.0 -9999.0 -9999.0
248.6 184.8 172.1 216.0 181.2 147.9 183.4 203.2 239.9 251.5 207.5 206.2 218.9 259.2 256.2 196.2 171.7 151.4 136.4 123.9 111.5 103.2 92.8 83.1 125.4 156.4 212.1 260.8 233.9 198.5 176.4 158.8 146.6 138.2 152.0 175.7 184.2 170.8 157.7 135.3 112.8 99.4 95.7 111.9 81.9 -9999.0 -9999.0 -9999.0 -9999.0 -9999.0 -9999.0 -9999.0 -9999.0 -9999.0 -9999.0 -9999.0 -9999.0 -9999.0 -9999.0 -9999.0 -9999.0 -9999.0 -9999.0 -9999.0 -9999.0 -9999.0 -9999.0 -9999.0 -9999.0 -9999.0 -9999.0 -9999.0 -9999.0 -9999.0 -9999.0
281.4 215.2 185.6 226.4 225.1 170.4 165.1 199.4 232.5 267.3 290.2 283.5 274.3 245.3 200.8 171.2 146.1 128.1 111.5 93.4 87.1 89.7 102.0 148.2 204.8 222.3 277.2 299.6 254.5 201.9 167.3 181.2 202.8 207.7 184.4 166.7 159.1 157.6 168.9 181.6 166.3 155.0 161.5 133.3 102.3 51.5 -9999.0 -9999.0 -9999.0 -9999.0 -9999.0 -9999.0 -9999.0 -9999.0 -9999.0 -9999.0 -9999.0 -9999.0 -9999.0 -9999.0 -9999.0 -9999.0 -9999.0 -9999.0 -9999.0 -9999.0 -9999.0 -9999.0 -9999.0 -9999.0 -9999.0 -9999.0 -9999.0 -9999.0 -9999.0
305.9 287.6 253.5 228.4 260.5 232.3 186.0 200.3 229.6 257.4 252.7 225.7 212.1 201.1 166.3 141.6 110.1 97.6 95.3 108.4 118.1 139.4 150.9 136.7 163.3 185.8 241.9 241.8 213.6 216.0 230.8 230.7 206.1 181.3 158.9 134.4 113.1 102.0 109.4 119.0 131.2 107.2 104.5 83.1 69.6 57.5 -9999.0 -9999.0 -9999.0 -9999.0 -9999.0 -9999.0 -9999.0 -9999.0 -9999.0 -9999.0 -9999.0 -9999.0 -9999.0 -9999.0 -9999.0 -9999.0 -9999.0 -9999.0 -9999.0 -9999.0 -9999.0 -9999.0 -9999.0 -9999.0 -9999.0 -9999.0 -9999.0 -9999.0 -9999.0
248.0 296.0 326.8 311.3 315.3 285.7 259.2 277.5 261.4 218.0 238.6 190.8 161.1 143.4 106.7 101.7 108.7 120.9 124.8 127.1 146.7 196.8 188.8 157.2 155.4 189.8 221.0 259.6 280.8 309.1 266.8 198.0 160.2 156.1 143.0 140.6 135.8 129.3 117.6 93.9 78.8 85.8 71.8 56.5 47.7 46.4 45.6 45.1 -9999.0 -9999.0 -9999.0 -9999.0 -9999.0 -9999.0 -9999.0 -9999.0 -9999.0 -9999.0 -9999.0 -9999.0 -9999.0 -9999.0 -9999.0 -9999.0 -9999.0 -9999.0 -9999.0 -9999.0 -9999.0 -9999.0 -9999.0 -9999.0 -9999.0 -9999.0 -9999.0
282.7 300.9 337.4 307.4 254.8 219.6 248.3 258.6 214.0 178.3 199.0 170.5 133.9 106.5 123.0 133.4 134.4 138.4 163.6 184.9 173.9 213.6 244.6 216.5 193.9 199.4 229.8 217.6 182.3 194.0 212.5 222.2 228.1 211.3 161.9 128.2 107.5 97.8 113.3 112.5 83.0 65.0 55.4 54.9 66.8 78.7 74.4 46.5 -9999.0 -9999.0 -9999.0 -9999.0 -9999.0 -9999.0 -9999.0 -9999.0 -9999.0 -9999.0 -9999.0 -9999.0 -9999.0 -9999.0 -9999.0 -9999.0 -9999.0 -9999.0 -9999.0 -9999.0 -9999.0 -9999.0 -9999.0 -9999.0 -9999.0 -9999.0 -9999.0
288.7 330.2 361.8 316.3 283.3 237.0 201.0 192.1 186.9 188.6 162.6 141.0 111.0 122.7 140.8 140.9 149.9 179.1 208.1 236.1 241.3 234.2 222.2 207.2 231.4 229.8 229.5 212.9 157.3 120.2 156.7 198.5 185.9 144.8 121.9 130.8 132.6 107.5 76.6 67.5 59.8 56.3 63.4 100.4 150.7 156.0 106.0 58.0 -9999.0 -9999.0 -9999.0 -9999.0 -9999.0 -9999.0 -9999.0 -9999.0 -9999.0 -9999.0 -9999.0 -9999.0 -9999.0 -9999.0 -9999.0 -9999.0 -9999.0 -9999.0 -9999.0 -9999.0 -9999.0 -9999.0 -9999.0 -9999.0 -9999.0 -9999.0 -9999.0
346.2 318.6 304.5 286.9 248.9 286.6 257.8 226.3 200.6 170.7 137.1 115.1 122.8 143.3 150.4 169.4 217.5 246.0 213.8 199.5 179.1 162.7 185.1 150.4 162.9 158.5 155.5 162.8 138.3 104.6 127.5 145.7 157.3 139.3 120.9 91.5 84.5 72.4 62.3 60.9 73.7 70.5 78.2 127.1 187.8 164.7 133.8 79.3 -9999.0 -9999.0 -9999.0 -9999.0 -9999.0 -9999.0 -9999.0 -9999.0 -9999.0 -9999.0 -9999.0 -9999.0 -9999.0 -9999.0 -9999.0 -9999.0 -9999.0 -9999.0 -9999.0 -9999.0 -9999.0 -9999.0 -9999.0 -9999.0 -9999.0 -9999.0 -9999.0
333.4 275.2 256.1 287.3 242.1 229.7 247.6 201.4 163.3 130.3 121.6 139.6 147.7 151.8 189.6 235.1 260.5 240.7 194.3 147.1 134.5 146.4 167.4 162.4 115.1 135.5 121.1 143.0 139.0 97.0 103.0 99.7 95.3 83.6 75.8 68.4 64.7 65.7 92.6 124.2 119.8 83.8 88.2 139.8 166.3 113.9 94.2 106.2 97.6 -9999.0 -9999.0 -9999.0 -9999.0 -9999.0 -9999.0 -9999.0 -9999.0 -9999.0 -9999.0 -9999.0 -9999.0 -9999.0 -9999.0 -9999.0 -9999.0 -9999.0 -9999.0 -9999.0 -9999.0 -9999.0 -9999.0 -9999.0 -9999.0 -9999.0 -9999.0
332.1 265.0 237.5 282.3 251.6 208.2 198.9 160.6 128.0 128.9 149.8 155.3 155.6 170.6 212.2 200.3 216.8 185.8 152.0 174.8 159.9 119.4 128.8 143.7 103.3 96.3 89.1 88.0 83.1 82.8 78.8 77.2 80.8 74.7 87.3 85.1 79.4 118.1 153.6 132.9 88.6 87.2 117.8 150.9 124.4 154.8 169.0 162.5 123.0 83.7 -9999.0 -9999.0 -9999.0 -9999.0 -9999.0 -9999.0 -9999.0 -9999.0 -9999.0 -9999.0 -9999.0 -9999.0 -9999.0 -9999.0 -9999.0 -9999.0 -9999.0 -9999.0 -9999.0 -9999.0 -9999.0 -9999.0 -9999.0 -9999.0 -9999.0
303.8 269.2 217.6 244.7 221.1 186.1 156.8 130.4 139.5 155.4 161.1 160.8 176.0 212.8 203.3 152.4 180.9 182.9 127.1 132.0 108.9 97.6 92.9 94.6 108.8 128.6 137.8 102.8 97.7 133.4 96.8 112.2 142.3 135.7 141.3 110.0 95.9 143.1 142.1 116.5 127.8 145.4 178.4 145.3 177.3 179.2 155.3 111.0 101.7 115.7 -9999.0 -9999.0 -9999.0 -9999.0 -9999.0 -9999.0 -9999.0 -9999.0 -9999.0 -9999.0 -9999.0 -9999.0 -9999.0 -9999.0 -9999.0 -9999.0 -9999.0 -9999.0 -9999.0 -9999.0 -9999.0 -9999.0 -9999.0 -9999.0 -9999.0
254.8 235.5 200.6 206.0 177.8 149.3 135.0 152.2 167.2 166.9 165.0 183.8 223.6 205.4 157.8 131.9 164.4 128.7 104.3 103.6 122.0 141.8 169.4 160.0 152.6 121.9 95.8 121.5 148.4 123.4 99.5 133.1 158.3 184.6 142.2 97.5 146.7 157.5 154.7 196.5 210.4 181.8 174.1 169.7 141.0 117.0 117.1 143.8 156.6 114.7 88.7 -9999.0 -9999.0 -9999.0 -9999.0 -9999.0 -9999.0 -9999.0 -9999.0 -9999.0 -9999.0 -9999.0 -9999.0 -9999.0 -9999.0 -9999.0 -9999.0 -9999.0 -9999.0 -9999.0 -9999.0 -9999.0 -9999.0 -9999.0 -9999.0
217.9 196.1 182.1 174.0 151.3 141.5 168.3 171.9 183.1 183.0 191.8 185.9 184.7 174.1 148.1 116.3 111.3 107.0 115.5 144.0 172.5 195.6 210.6 158.8 108.3 130.9 124.2 123.4 160.7 113.4 142.0 184.1 210.5 184.7 113.3 111.9 175.2 214.0 240.5 222.8 196.1 197.3 169.3 166.3 185.3 201.1 189.2 167.3 119.1 105.0 132.5 -9999.0 -9999.0 -9999.0 -9999.0 -9999.0 -9999.0 -9999.0 -9999.0 -9999.0 -9999.0 -9999.0 -9999.0 -9999.0 -9999.0 -9999.0 -9999.0 -9999.0 -9999.0 -9999.0 -9999.0 -9999.0 -9999.0 -9999.0 -9999.0
193.0 185.0 174.8 151.5 149.4 176.0 184.7 187.5 202.5 178.5 181.3 146.4 138.8 122.1 112.0 123.8 142.0 180.2 168.4 143.8 159.5 186.5 189.5 115.1 140.5 168.8 154.6 166.4 161.0 151.0 216.0 235.1 180.3 130.0 118.4 148.5 224.8 283.7 243.0 220.2 191.1 192.6 218.4 221.7 201.3 165.3 126.4 121.4 145.5 172.5 158.7 135.8 -9999.0 -9999.0 -9999.0 -9999.0 -9999.0 -9999.0 -9999.0 -9999.0 -9999.0 -9999.0 -9999.0 -9999.0 -9999.0 -9999.0 -9999.0 -9999.0 -9999.0 -9999.0 -9999.0 -9999.0 -9999.0 -9999.0 -9999.0
182.3 161.2 150.8 165.4 199.0 216.1 219.8 190.3 151.0 131.6 127.7 128.5 139.8 153.7 129.4 156.1 165.6 181.5 208.9 213.6 191.3 167.6 124.9 150.9 163.3 165.6 210.6 221.8 176.3 171.2 211.2 181.5 162.3 167.9 132.0 184.1 272.4 274.6 241.6 215.0 242.7 229.7 180.4 169.3 151.8 171.7 185.8 171.2 154.9 137.8 128.5 98.8 -9999.0 -9999.0 -9999.0 -9999.0 -9999.0 -9999.0 -9999.0 -9999.0 -9999.0 -9999.0 -9999.0 -9999.0 -9999.0 -9999.0 -9999.0 -9999.0 -9999.0 -9999.0 -9999.0 -9999.0 -9999.0 -9999.0 -9999.0
158.9 175.0 213.2 251.7 260.4 235.2 186.1 157.7 128.1 150.3 183.0 202.6 181.3 205.0 159.6 157.5 195.9 221.1 243.1 206.9 151.3 121.0 174.6 222.2 237.8 226.0 246.3 279.5 262.4 264.5 212.8 202.8 203.1 154.9 177.0 262.0 286.4 260.5 261.6 243.5 232.8 221.1 206.9 211.6 217.9 205.8 184.2 158.3 157.2 134.5 95.2 70.3 60.1 -9999.0 -9999.0 -9999.0 -9999.0 -9999.0 -9999.0 -9999.0 -9999.0 -9999.0 -9999.0 -9999.0 -9999.0 -9999.0 -9999.0 -9999.0 -9999.0 -9999.0 -9999.0 -9999.0 -9999.0 -9999.0 -9999.0
236.0 242.2 208.1 211.6 225.0 220.5 160.6 134.3 166.3 171.6 173.8 180.8 204.3 241.6 223.8 175.8 223.7 251.3 176.4 146.0 165.4 124.9 150.9 162.8 168.5 219.6 258.3 291.3 349.4 276.8 225.0 212.3 210.5 239.7 291.8 318.9 309.6 306.7 296.0 300.8 269.2 248.4 262.5 251.1 247.6 226.2 167.0 115.3 94.8 77.7 61.1 38.7 23.5 20.9 -9999.0 -9999.0 -9999.0 -9999.0 -9999.0 -9999.0 -9999.0 -9999.0 -9999.0 -9999.0 -9999.0 -9999.0 -9999.0 -9999.0 -9999.0 -9999.0 -9999.0 -9999.0 -9999.0 -9999.0 -9999.0
288.5 256.8 200.5 179.9 216.9 162.7 151.3 165.5 182.0 202.9 225.3 241.0 231.3 247.1 269.6 236.3 243.0 187.9 168.3 204.1 161.2 136.5 189.1 246.4 269.0 289.0 317.5 369.6 390.7 321.7 289.6 323.0 324.4 372.0 368.5 366.9 353.5 343.9 331.9 309.1 285.9 271.8 238.9 197.2 169.1 138.0 105.6 85.0 69.6 46.1 31.0 31.6 45.4 59.8 -9999.0 -9999.0 -9999.0 -9999.0 -9999.0 -9999.0 -9999.0 -9999.0 -9999.0 -9999.0 -9999.0 -9999.0 -9999.0 -9999.0 -9999.0 -9999.0 -9999.0 -9999.0 -9999.0 -9999.0 -9999.0
253.0 208.3 199.2 157.1 160.5 149.2 210.0 233.1 234.4 243.9 276.2 311.6 315.8 315.4 289.0 230.5 187.6 187.5 220.4 219.1 148.8 170.7 156.0 169.0 191.1 235.2 295.6 326.8 399.5 389.9 411.8 406.4 416.7 390.9 349.8 288.5 263.9 307.4 270.1 231.6 209.1 170.9 147.9 123.0 106.4 81.4 53.7 41.9 40.4 44.5 61.1 83.7 121.1 140.7 -9999.0 -9999.0 -9999.0 -9999.0 -9999.0 -9999.0 -9999.0 -9999.0 -9999.0 -9999.0 -9999.0 -9999.0 -9999.0 -9999.0 -9999.0 -9999.0 -9999.0 -9999.0 -9999.0 -9999.0 -9999.0
