data/case_study_destine/merger_hmc_by_domain/geo/MarcheDomain.dem.txt
ncols   401
nrows   311
xllcorner    12.0642
yllcorner    42.5239
cellsize    0.005006
NODATA_value -9999
[rows 264 to 296 of 311, columns 300 to 374 of 401]
1153.0 1038.5 1053.6 1127.1 1221.1 1297.5 1185.7 1137.2 1031.6 810.9 734.2 636.5 616.2 580.2 528.2 500.7 545.3 617.1 582.0 532.0 552.1 526.2 427.1 365.6 333.1 381.3 377.0 397.7 364.3 316.1 275.6 240.6 213.6 207.7 241.4 297.5 349.4 309.3 252.9 212.9 187.2 174.2 177.9 183.4 197.5 229.5 274.3 256.9 205.6 230.6 197.6 189.3 194.8 234.4 228.0 270.3 257.1 246.9 277.9 247.7 279.5 257.7 241.5 260.4 209.0 210.7 233.8 223.1 202.9 177.3 205.1 185.2 139.6 135.9 136.2
1111.5 1031.4 985.9 939.8 932.3 952.0 870.4 787.1 761.3 716.9 680.7 666.5 593.7 567.4 547.9 537.8 558.1 549.4 519.7 507.7 541.0 555.0 521.9 471.1 432.7 466.2 480.4 438.4 375.6 307.7 259.4 241.7 216.4 218.7 235.3 299.1 364.3 287.9 230.6 191.6 187.7 196.7 190.9 209.5 246.2 269.4 273.8 280.0 229.4 261.5 276.1 272.9 277.4 274.6 234.5 204.6 212.1 248.8 262.0 213.9 244.5 236.2 226.6 251.6 205.7 190.4 212.5 193.1 171.2 159.0 152.2 149.9 131.9 118.8 121.1
989.9 951.6 920.9 865.2 872.3 837.2 796.4 802.5 906.6 937.8 972.4 876.0 737.6 684.4 641.2 602.5 563.4 529.8 488.9 483.5 522.5 544.0 575.1 550.2 517.1 505.8 498.6 476.9 428.7 370.1 331.5 260.5 232.0 223.9 237.3 268.5 294.6 247.4 209.1 217.2 217.3 233.5 249.7 249.1 307.3 362.3 360.5 347.8 314.8 320.2 268.7 264.3 261.6 234.6 256.7 195.4 199.3 222.6 244.3 211.7 207.5 233.7 204.5 227.9 218.6 177.1 200.7 171.8 167.1 142.6 137.2 122.1 119.5 102.6 100.3
957.1 960.2 925.0 929.2 1011.5 993.1 1053.3 1096.5 1267.1 1298.0 1222.0 1019.9 841.8 777.1 696.1 619.4 560.6 509.7 474.1 462.7 519.6 551.3 513.8 509.1 441.4 416.3 445.1 455.7 442.9 381.5 310.2 257.4 259.4 237.3 257.5 294.8 314.8 306.8 281.9 241.6 280.2 297.8 281.7 266.8 292.1 284.3 303.9 357.1 392.7 329.1 286.6 230.7 219.8 218.1 235.0 225.7 173.7 204.2 236.0 197.9 191.4 232.5 209.1 188.2 209.5 175.6 183.3 166.7 145.6 131.8 120.0 110.1 105.4 102.8 90.7
1121.0 1103.7 1012.1 966.7 1101.0 1152.1 1281.7 1453.0 1538.9 1445.2 1257.1 1039.3 872.3 785.6 698.6 625.3 571.6 527.0 487.6 457.3 492.5 516.9 444.8 459.2 413.3 370.1 379.4 370.4 359.3 360.6 339.6 325.4 294.5 296.0 343.9 386.5 412.2 359.4 303.7 295.8 314.4 312.8 310.4 265.5 232.4 255.1 328.8 367.6 352.5 346.3 334.0 294.4 284.0 220.5 201.8 230.6 197.8 167.6 194.1 201.0 169.6 222.4 190.4 174.9 195.6 181.3 154.8 152.5 136.5 122.1 112.6 104.5 95.8 93.0 84.4
1281.6 1199.6 1119.9 1015.9 1148.5 1276.7 1426.4 1649.5 1607.6 1449.4 1278.1 1075.9 893.5 797.2 703.6 626.5 578.2 540.1 506.5 481.7 453.6 440.5 409.9 393.2 391.4 383.6 366.0 346.7 340.3 320.7 312.8 315.3 312.7 331.2 341.8 356.6 389.3 349.3 278.9 272.6 269.8 280.3 269.9 262.1 254.1 224.6 287.8 311.4 293.1 271.6 257.8 267.4 292.4 245.7 185.0 221.0 231.2 177.9 166.2 173.3 175.7 169.3 182.7 157.7 169.0 159.0 138.9 136.0 122.2 111.8 104.3 97.7 91.3 82.5 79.2
1462.5 1295.7 1142.1 1126.7 1204.9 1297.3 1300.1 1534.9 1421.6 1263.0 1176.0 1027.0 870.5 783.1 710.8 647.4 598.7 555.3 519.5 495.8 478.8 452.3 421.6 432.2 435.4 424.7 425.2 383.3 398.6 400.5 354.9 313.6 295.7 279.4 331.3 353.2 319.8 335.3 286.4 242.5 268.7 255.9 231.0 231.2 257.9 243.6 207.2 224.9 232.7 243.5 252.2 227.8 259.9 253.3 202.9 188.2 226.0 215.8 181.6 164.0 153.5 164.5 148.7 152.6 139.8 143.7 134.8 128.0 121.5 111.1 103.3 96.2 87.0 80.4 75.8
1486.3 1424.8 1278.5 1310.2 1337.4 1298.0 1131.6 1205.5 1389.2 1302.6 1179.9 1019.8 874.1 768.6 677.4 608.0 573.8 545.6 515.6 493.1 477.4 460.8 490.5 514.1 530.3 517.3 485.8 486.3 468.4 415.5 361.3 327.7 296.9 280.7 290.5 298.4 303.9 334.4 300.0 244.3 237.9 257.0 257.3 216.3 221.9 234.8 221.5 193.4 205.8 210.8 250.4 230.0 246.6 276.4 242.5 195.7 179.6 212.3 214.4 201.0 182.5 158.6 142.6 127.8 123.8 133.6 129.2 120.1 113.9 105.1 97.3 91.1 80.1 74.2 68.9
1444.6 1549.4 1455.1 1431.3 1450.5 1251.9 1078.6 992.8 1139.5 1273.2 1182.6 982.3 809.0 725.3 648.4 598.6 561.3 545.8 533.8 516.0 495.8 520.5 551.5 562.8 516.9 492.0 444.3 429.6 404.4 345.1 305.7 287.1 283.5 272.8 262.2 270.7 297.2 313.1 291.8 267.7 221.5 238.2 250.9 244.0 218.7 195.7 207.7 194.5 183.6 239.0 255.2 219.2 214.4 238.2 224.0 211.4 192.2 163.9 189.5 186.1 176.3 163.7 154.1 144.5 122.7 108.5 105.8 103.9 102.5 99.0 87.0 80.0 75.8 71.2 66.4
1431.4 1371.3 1261.2 1323.6 1407.3 1277.9 1154.4 1002.4 903.3 931.4 901.3 781.1 699.7 656.0 621.2 605.1 593.4 596.4 553.4 567.8 589.6 566.8 581.2 507.5 444.1 407.5 366.8 342.6 327.5 321.9 324.1 340.9 327.3 297.1 258.8 249.4 267.1 274.0 278.4 273.1 235.6 217.7 242.7 255.9 260.9 243.2 227.2 218.0 184.7 191.9 191.6 193.9 177.6 185.0 180.1 180.0 169.7 162.5 150.8 146.2 132.2 130.4 121.4 113.2 104.4 101.2 97.7 94.8 90.3 86.4 81.9 78.0 74.1 72.7 76.5
1346.4 1170.7 1107.9 1197.1 1311.9 1352.4 1240.8 1102.8 958.4 857.7 867.1 872.8 793.3 708.2 662.9 650.6 650.0 631.7 553.1 569.9 615.3 636.7 590.8 543.4 508.6 443.9 426.9 431.0 409.7 385.6 350.6 380.6 361.8 319.0 308.2 264.2 235.7 237.4 252.3 253.2 243.4 222.9 212.8 240.2 256.4 246.3 226.9 203.7 180.5 166.3 155.6 146.9 143.6 144.5 139.9 135.4 129.5 127.1 123.3 119.6 118.3 114.3 110.2 104.5 99.5 96.1 92.8 89.8 87.8 85.0 82.2 80.4 92.1 114.4 142.0
1238.9 1070.4 1038.1 1140.9 1238.4 1366.4 1315.0 1150.9 1041.6 1031.5 1061.3 977.3 841.6 742.7 651.2 595.4 583.9 605.0 532.9 519.4 571.5 627.5 661.1 651.1 585.8 538.5 532.9 504.3 438.6 359.0 305.4 317.5 321.7 296.7 300.2 296.8 285.2 248.7 217.1 223.8 252.2 251.1 224.8 204.9 193.4 187.6 179.9 173.7 166.2 156.5 152.9 156.0 156.2 150.1 143.6 138.4 134.3 127.5 123.3 120.0 116.4 111.4 107.4 104.1 100.9 102.7 115.0 114.7 111.6 96.9 113.7 118.5 120.3 145.0 153.5
1060.6 962.2 1008.7 1120.7 1219.9 1354.4 1394.9 1328.0 1224.1 1180.3 1104.7 1000.7 901.0 822.1 734.8 654.4 584.0 522.6 525.4 492.9 568.2 612.8 579.5 612.4 556.6 493.4 449.8 457.2 444.9 378.3 323.2 284.7 276.8 270.1 268.7 273.9 296.5 305.0 253.8 209.0 211.7 213.0 202.9 191.4 179.5 175.6 168.2 165.2 164.3 171.2 187.3 198.0 201.9 185.3 195.3 193.8 195.4 174.4 152.4 136.3 146.4 131.9 140.5 150.8 126.0 139.7 173.4 176.5 148.0 121.0 134.2 136.2 149.4 164.4 183.5
894.9 874.6 980.8 1074.2 1181.1 1263.2 1375.3 1350.7 1207.0 1075.4 959.6 889.0 902.0 874.8 763.3 643.3 585.6 515.4 468.2 455.5 525.6 498.5 524.4 594.3 571.7 497.2 410.0 371.4 372.0 397.9 349.7 312.9 336.6 303.8 267.1 261.6 294.3 269.6 236.7 215.1 195.1 191.0 184.8 180.2 187.7 177.5 205.6 233.5 234.9 215.0 224.5 240.7 251.5 221.9 195.4 217.2 225.1 190.9 175.0 144.3 160.8 168.3 174.1 168.1 133.5 154.8 158.6 161.5 178.8 149.8 158.5 175.1 165.8 192.0 205.3
953.3 819.9 899.0 987.9 1073.8 1175.9 1318.3 1320.7 1248.8 1126.4 1002.8 872.1 770.7 762.7 724.3 626.3 549.7 520.0 487.0 426.6 445.2 431.7 528.4 540.8 503.1 508.5 457.5 381.6 332.2 359.4 368.1 394.2 401.3 369.9 322.6 266.2 240.9 229.8 217.8 202.7 194.3 202.9 229.5 253.9 250.4 199.0 223.3 238.0 269.1 298.3 319.6 298.8 302.9 239.9 216.3 225.0 201.7 177.5 154.6 160.7 152.3 179.6 199.7 191.1 152.7 160.8 186.2 215.9 253.1 243.9 235.1 240.8 215.3 183.3 164.0
918.4 864.6 808.9 922.2 1046.6 1191.0 1149.1 1126.9 1183.9 1180.2 1068.9 950.4 823.9 711.4 646.4 612.7 593.2 543.6 491.4 444.6 411.9 400.0 469.0 477.2 425.5 451.6 459.1 404.7 355.0 319.6 388.0 404.2 365.0 325.7 289.2 241.9 222.4 211.3 202.6 211.3 211.7 233.2 244.2 268.8 271.6 230.0 248.7 302.3 351.1 427.0 428.3 388.9 367.3 308.6 270.4 284.0 248.4 210.0 198.2 186.7 162.4 176.4 208.5 223.3 188.8 190.8 230.2 247.8 276.4 264.7 248.4 209.8 208.8 157.4 166.6
848.1 882.6 746.6 849.8 963.5 1034.5 944.0 969.8 1042.5 1074.3 1006.0 895.2 799.3 709.3 632.5 560.3 512.3 536.8 527.4 481.4 410.7 378.4 380.0 399.8 372.1 429.8 471.4 437.2 397.3 336.8 303.7 339.0 312.4 275.7 246.4 221.6 226.0 221.3 260.6 262.3 272.1 307.6 278.6 256.0 275.0 271.9 260.9 265.6 339.7 454.3 415.8 368.2 348.3 331.9 330.9 316.8 329.0 295.1 251.1 235.0 209.4 200.0 249.1 289.5 272.8 285.1 273.2 222.3 248.0 223.3 240.0 201.1 195.2 152.1 163.6
770.8 769.2 766.1 709.9 750.2 786.4 790.3 847.2 908.0 940.9 896.1 796.2 710.1 618.4 575.0 558.9 494.5 450.0 423.6 394.6 373.1 362.6 348.2 337.2 331.8 367.8 397.8 390.9 375.8 348.7 306.9 274.3 259.9 251.6 237.6 235.5 261.4 288.8 322.0 340.5 356.9 385.4 328.6 309.7 328.6 346.8 358.1 327.8 368.1 468.9 428.8 369.8 316.5 284.5 267.2 263.0 297.2 301.8 269.6 283.3 272.9 274.4 301.0 304.7 283.6 282.9 277.6 227.9 211.0 205.7 214.6 202.7 190.0 184.1 137.7
855.1 889.3 917.6 872.5 736.3 673.2 650.9 699.8 724.8 769.5 757.8 701.0 631.9 556.5 505.8 480.2 435.6 412.2 415.9 449.9 486.8 477.1 434.4 405.9 349.7 314.7 314.5 318.9 314.5 300.0 278.9 258.0 249.0 256.5 269.0 323.8 335.2 332.9 303.7 336.1 379.8 427.4 400.7 381.1 396.8 404.9 354.0 362.3 413.2 454.9 383.0 398.5 351.6 346.9 328.4 268.6 250.6 305.7 275.2 242.6 257.1 313.3 314.8 264.2 265.4 272.5 302.1 266.7 203.3 209.8 206.0 170.0 176.8 212.6 167.8
929.6 953.4 957.0 973.7 934.4 860.6 742.3 684.3 602.6 588.1 585.9 561.6 520.0 474.3 454.8 461.4 457.9 462.8 473.3 434.0 482.6 457.2 404.3 361.9 334.0 316.7 313.0 300.8 282.8 278.8 262.0 274.4 329.1 341.7 327.2 323.6 329.1 273.1 308.9 362.0 425.6 457.0 389.2 332.2 380.9 389.7 353.9 314.1 386.8 424.3 331.2 326.6 289.9 334.2 394.1 349.5 241.7 292.7 338.3 258.2 258.8 321.4 315.0 253.5 264.5 236.6 265.1 249.1 209.6 171.6 178.0 156.3 170.6 193.2 174.1
838.3 820.0 857.5 890.8 947.9 944.4 866.0 810.0 760.3 685.6 589.6 538.9 532.3 547.2 534.4 540.5 469.5 429.0 421.8 422.5 395.1 381.9 333.2 303.8 313.7 311.2 303.1 291.0 280.2 279.2 298.4 359.9 399.8 350.2 298.9 279.5 260.8 261.5 327.0 375.5 405.8 385.6 354.6 293.1 307.4 355.7 386.5 310.7 290.0 382.2 351.3 294.8 259.5 338.4 400.4 361.7 273.5 245.4 295.3 255.1 215.7 283.8 275.7 234.6 247.9 237.9 227.7 236.2 207.5 185.3 167.1 151.7 147.8 167.9 156.9
826.6 714.8 762.3 824.7 871.7 929.5 867.0 766.9 713.5 666.8 627.3 617.4 595.9 549.1 518.7 514.9 452.6 414.1 391.1 396.7 394.2 330.5 313.5 357.0 417.3 421.8 428.5 398.8 378.3 375.9 342.3 319.9 361.0 311.0 299.8 309.1 292.9 243.9 316.3 367.1 310.8 289.8 315.6 272.1 347.1 406.0 441.8 391.4 325.6 253.3 254.5 271.2 239.2 298.9 341.6 313.7 300.1 210.0 258.2 289.9 229.7 208.1 258.0 236.2 205.7 208.4 212.2 195.4 181.2 169.3 163.3 160.7 133.1 141.5 135.6
746.1 693.1 675.9 759.8 834.6 850.2 826.0 753.0 675.1 625.0 560.1 527.5 514.7 480.9 468.6 456.6 440.7 436.7 421.5 376.7 330.9 322.3 378.3 455.9 527.0 508.5 475.4 406.9 381.2 335.3 279.6 296.2 312.1 268.4 272.2 316.9 282.6 260.0 245.7 252.3 259.0 249.7 286.5 253.5 332.5 405.2 464.4 411.3 383.1 305.1 239.0 211.4 249.9 219.7 288.5 276.9 284.3 214.6 227.6 274.2 257.3 207.1 190.6 224.8 204.5 180.6 200.6 188.5 186.5 165.9 145.5 134.1 124.5 109.6 109.8
601.2 640.1 718.4 767.3 778.7 783.6 744.6 700.2 613.2 571.5 566.8 622.4 594.0 564.8 495.6 439.7 414.2 410.8 394.8 357.8 330.9 372.8 423.8 505.7 558.8 472.6 381.3 317.7 284.1 275.5 261.9 257.8 248.3 237.6 244.6 251.5 250.4 290.2 294.5 271.3 235.6 213.5 226.5 231.6 287.1 354.9 395.5 329.3 293.9 265.7 256.9 215.0 215.0 214.4 245.9 234.2 257.2 201.2 226.2 253.6 228.2 212.0 184.1 175.8 175.0 162.5 174.5 153.4 140.8 133.5 117.9 106.0 97.6 94.7 91.9
658.3 587.8 632.2 653.7 710.3 673.7 630.6 627.6 562.7 510.8 513.6 563.6 566.6 550.8 467.5 442.5 408.5 381.4 354.6 337.5 385.4 399.7 469.8 551.3 573.3 477.1 377.8 336.6 339.1 361.5 357.6 336.0 320.6 304.5 270.0 220.6 241.2 284.9 308.5 348.4 313.9 269.9 222.6 212.0 220.4 265.5 288.5 250.8 235.6 207.6 216.1 213.5 186.8 211.6 187.9 197.9 213.2 189.8 179.9 196.6 194.9 165.8 154.7 152.8 145.9 133.9 126.8 123.3 112.4 104.9 97.3 91.3 88.9 86.9 85.7
774.7 696.1 634.7 565.9 552.5 528.4 512.7 510.5 467.8 441.1 440.9 441.8 437.2 421.2 402.6 381.0 375.9 373.4 383.1 437.1 498.1 503.4 525.3 574.7 586.0 527.1 461.6 430.9 397.0 334.2 315.7 289.6 272.6 307.9 288.7 252.4 217.3 245.1 268.8 293.1 292.3 248.0 263.6 220.5 199.1 200.2 222.4 207.8 191.0 177.3 168.2 158.9 158.6 162.0 157.4 157.2 150.0 144.6 146.2 142.8 134.5 126.9 124.2 115.6 110.6 107.6 106.6 103.7 100.1 97.1 93.8 89.1 87.8 84.2 83.1
809.2 764.2 715.1 692.1 672.8 651.2 610.8 524.6 446.1 452.2 454.0 448.9 447.3 448.7 461.9 429.1 436.5 439.7 470.1 493.5 531.9 581.4 600.1 590.8 499.8 468.1 482.9 418.8 352.6 303.8 280.1 249.0 230.1 256.8 278.5 276.1 250.4 216.6 229.1 273.2 273.8 222.7 210.9 202.4 179.8 171.0 165.3 154.7 151.7 148.3 146.1 143.1 141.6 141.4 138.0 136.0 133.3 130.1 132.5 131.4 126.2 119.6 116.6 112.7 108.3 106.0 102.7 98.3 95.6 93.6 92.8 90.0 87.1 86.0 86.7
669.0 639.8 628.2 600.4 576.8 550.9 544.3 508.5 501.3 524.6 565.4 612.2 581.1 526.1 481.9 443.8 419.9 411.1 451.5 454.2 447.3 528.6 517.9 475.1 430.3 348.3 372.8 399.9 386.0 333.3 247.5 210.7 202.0 207.8 205.4 224.8 257.5 243.1 214.1 207.3 201.6 187.0 177.9 170.2 164.1 162.9 176.2 168.4 159.8 160.3 167.7 151.8 149.7 138.9 137.7 137.8 134.7 127.4 124.1 120.3 117.8 114.2 112.8 107.8 105.7 107.4 106.1 109.2 107.4 106.4 109.5 107.5 118.5 130.6 147.3
703.2 713.3 717.4 698.1 741.9 717.4 697.5 649.9 605.5 634.5 640.5 578.4 534.4 517.1 445.8 401.8 383.0 382.0 421.2 443.3 379.4 443.3 498.2 420.1 340.0 298.7 275.5 290.3 283.4 218.5 209.5 204.7 194.9 192.7 188.6 184.9 192.1 196.9 198.3 186.3 176.7 171.7 170.1 188.0 215.4 225.5 246.2 251.6 233.5 275.0 251.6 189.9 225.8 192.6 192.7 228.6 226.8 155.6 150.0 135.8 134.7 124.9 126.9 128.9 130.4 132.1 122.7 137.2 143.3 140.4 151.7 138.3 120.0 144.6 163.2
816.1 866.7 866.5 849.9 798.2 744.3 701.3 666.4 608.6 622.1 584.9 492.1 463.1 455.3 442.7 431.8 404.4 353.3 383.2 438.9 347.1 397.4 427.3 418.1 426.7 373.7 310.8 238.2 211.3 213.8 226.5 227.6 217.6 210.0 204.1 194.6 188.5 189.6 181.8 179.3 189.4 196.3 218.9 291.5 335.7 312.4 323.2 321.4 279.9 254.0 228.1 212.8 261.0 286.8 258.1 294.9 229.9 222.9 195.3 165.3 150.3 161.7 168.0 154.0 174.3 180.4 139.2 151.8 177.1 191.2 195.3 179.4 163.1 140.3 170.5
949.9 932.9 867.7 811.4 765.8 702.8 651.1 597.7 544.0 516.4 561.3 454.6 455.1 434.3 418.4 432.0 429.0 376.9 338.0 367.4 377.4 312.5 305.0 361.1 423.6 390.0 295.2 221.6 217.6 214.2 263.2 297.7 294.0 268.8 242.5 229.2 208.6 239.4 244.8 260.0 292.3 255.1 234.1 292.5 375.5 404.4 390.9 359.1 268.7 313.8 343.2 281.2 253.3 330.0 321.2 268.5 231.1 250.8 190.6 173.8 171.4 172.7 201.9 194.2 191.8 189.0 152.6 159.2 167.0 169.9 187.8 212.8 227.8 187.9 197.2
900.5 930.1 893.4 823.4 731.8 663.4 593.0 527.5 492.7 501.9 517.6 426.4 409.7 434.3 399.2 385.3 390.4 375.6 346.0 312.2 329.2 366.8 311.6 278.1 291.3 274.0 243.2 224.4 233.0 225.9 227.8 299.2 340.1 358.6 324.2 282.6 225.5 268.0 324.9 361.1 364.5 294.7 287.4 354.8 420.8 479.4 449.9 373.8 343.8 422.6 434.3 349.1 318.6 383.4 312.4 264.7 273.0 211.9 208.0 188.1 217.2 202.7 184.1 216.6 225.6 174.2 178.5 167.2 204.4 229.5 236.5 229.1 241.7 261.7 216.3
796.8 844.3 831.1 827.4 738.8 689.4 575.3 447.8 423.0 485.0 485.5 415.9 377.4 426.4 398.7 350.4 359.0 373.4 355.3 344.6 290.1 281.7 250.1 242.6 240.5 238.9 243.9 272.7 288.7 251.9 226.3 252.0 304.0 370.5 382.4 317.1 240.0 268.4 284.2 353.6 422.6 377.2 358.5 421.8 482.1 539.8 521.1 462.6 466.2 520.4 510.8 449.6 424.9 365.6 338.8 351.7 261.5 260.5 291.7 223.4 218.0 253.2 217.7 219.7 234.1 201.2 230.5 175.7 218.1 238.3 228.3 228.9 243.7 280.6 279.9
