data/case_study_destine/merger_hmc_by_domain/geo/MarcheDomain.dem.txt
ncols   401
nrows   311
xllcorner    12.0642
yllcorner    42.5239
cellsize    0.005006
NODATA_value -9999
[rows 33 to 65 of 311, columns 75 to 149 of 401]
513.1 526.7 556.7 506.3 424.8 406.8 354.2 324.8 344.5 291.2 243.6 315.2 349.3 287.1 293.1 354.5 331.4 358.5 387.1 394.4 320.6 303.8 255.3 224.3 196.9 199.6 195.0 194.2 186.3 171.9 159.1 155.2 153.1 149.8 151.7 151.5 143.1 134.2 125.1 115.3 115.8 121.2 123.5 125.9 119.3 108.1 102.3 131.9 154.9 157.8 164.6 136.1 104.5 99.1 118.1 115.4 95.2 75.8 85.1 119.2 131.8 124.4 160.0 160.8 184.4 193.0 176.6 158.6 158.0 134.6 140.5 142.7 141.0 109.2 89.1
408.9 471.0 485.1 502.1 510.4 476.5 422.7 390.2 391.5 334.4 291.3 368.2 417.4 390.1 369.8 391.0 368.3 298.4 288.7 317.9 261.6 231.6 210.9 206.2 228.2 312.1 310.9 312.5 284.0 267.5 233.6 181.6 162.2 156.1 138.3 133.8 131.6 124.7 120.2 118.6 131.9 145.7 138.5 114.9 115.9 114.5 113.2 113.4 121.9 140.5 142.2 169.4 149.5 141.0 136.0 128.1 105.5 76.7 84.8 93.2 98.2 123.0 126.3 122.0 163.8 230.8 278.9 238.3 172.5 129.7 121.9 112.3 119.2 132.2 96.2
389.9 420.5 450.6 465.6 516.8 520.0 475.6 448.5 397.5 334.2 337.2 396.8 391.4 347.6 327.1 367.2 376.0 321.9 261.6 235.1 218.9 223.7 231.5 307.5 329.1 346.5 425.1 417.3 390.2 329.3 272.5 191.0 157.9 146.1 146.0 137.3 133.3 139.9 145.3 151.7 159.5 148.1 123.1 132.8 149.5 130.6 146.4 127.9 136.6 129.8 148.5 172.7 128.9 106.7 104.3 101.2 102.1 79.0 85.1 102.5 98.9 105.6 115.6 135.1 166.0 225.3 245.2 245.1 211.9 156.5 125.2 102.4 100.2 127.2 125.8
439.2 456.3 524.8 540.0 546.4 570.8 544.1 461.5 404.5 392.0 413.7 427.1 359.9 330.6 339.9 298.5 275.8 262.0 240.1 226.4 251.2 291.0 262.8 321.3 350.6 350.2 374.1 366.3 308.9 274.9 188.8 192.1 216.5 197.1 203.2 181.0 206.9 207.5 214.8 205.6 170.5 148.5 122.1 143.7 174.2 172.3 171.5 175.9 190.2 171.7 174.2 186.9 160.7 137.6 124.2 115.1 106.8 103.1 83.6 114.5 132.0 156.4 176.9 196.7 227.8 230.3 170.8 174.5 159.3 162.2 144.4 120.0 94.1 110.7 134.3
522.4 490.6 553.4 611.6 629.3 631.2 577.7 517.3 514.6 507.1 501.8 455.1 429.1 428.0 411.7 357.9 339.7 287.3 243.1 240.8 306.2 348.7 321.1 313.4 269.8 249.6 298.1 281.4 279.6 221.8 183.7 266.7 324.7 334.2 307.5 228.8 250.6 306.5 270.4 225.2 158.6 139.8 160.0 136.3 140.7 147.4 171.3 204.8 193.9 153.7 159.9 173.4 141.0 156.3 160.5 129.1 122.0 101.6 85.0 98.5 129.1 151.7 145.3 169.6 200.8 205.0 153.8 127.1 124.1 124.6 139.2 134.1 98.6 91.2 106.0
595.2 569.3 565.2 617.7 656.0 623.2 584.1 580.8 574.0 564.8 540.6 488.2 446.4 410.4 388.4 344.1 334.6 278.2 245.4 263.8 324.0 299.3 259.9 279.7 278.8 217.7 260.5 219.3 243.9 192.5 243.0 323.2 410.9 443.8 371.6 284.4 321.8 319.4 238.8 188.7 146.3 179.6 203.9 184.1 180.2 163.0 204.8 187.1 190.9 165.2 130.6 161.0 138.0 118.8 131.6 124.9 98.7 102.7 105.8 102.3 122.1 112.1 120.0 150.8 189.4 213.2 201.5 161.0 129.2 107.7 112.9 131.3 129.2 97.0 83.6
674.9 676.8 656.1 622.6 587.0 551.6 517.7 519.0 496.0 489.0 462.8 440.8 377.7 337.8 323.3 289.7 277.7 256.3 266.6 307.6 269.5 247.2 235.6 224.4 229.5 207.1 200.4 196.8 192.3 182.3 218.5 279.6 350.3 401.4 407.2 384.1 396.1 298.4 238.2 191.8 159.2 245.2 273.7 256.7 200.6 204.2 208.5 161.3 146.6 136.3 132.2 125.7 119.4 115.0 114.1 105.1 97.8 130.0 139.2 111.1 116.4 135.4 152.3 177.9 158.7 162.9 201.9 178.0 167.0 136.7 99.7 115.0 152.0 133.4 98.6
773.4 751.1 681.3 599.5 546.2 498.0 453.3 428.0 431.0 437.6 379.7 351.8 317.0 290.6 280.3 275.5 282.0 285.2 296.1 327.8 274.7 248.2 247.0 251.0 246.3 259.8 251.4 281.6 257.7 204.8 203.1 239.7 290.0 342.4 319.3 303.1 336.6 321.7 314.9 227.7 164.5 219.6 272.1 307.9 265.8 280.0 245.2 214.2 181.7 146.0 170.4 155.9 162.8 158.0 132.0 106.9 105.0 133.2 145.8 159.1 160.6 171.7 164.6 150.0 131.8 161.9 186.9 149.6 126.5 111.7 97.9 96.8 112.2 98.3 79.7
822.4 770.9 743.4 697.3 605.5 551.1 481.0 432.1 383.8 368.3 348.1 307.3 309.1 333.6 309.6 333.8 357.8 307.4 314.4 362.5 325.5 314.6 290.1 315.1 321.0 364.0 376.6 384.8 290.0 217.4 195.0 232.4 289.0 324.6 268.8 220.6 251.3 253.7 207.6 185.9 230.9 198.7 231.4 300.8 323.5 352.5 318.2 256.0 186.1 173.2 177.0 164.3 142.1 146.6 127.9 107.7 131.4 121.6 136.3 181.2 183.7 159.3 129.3 124.8 150.0 174.9 152.8 125.0 149.2 132.7 114.2 89.9 80.7 76.6 64.7
812.5 785.6 756.9 703.4 624.8 568.5 511.1 439.6 393.6 335.7 325.1 349.7 389.6 398.6 342.5 362.2 399.8 382.6 361.4 396.0 424.7 419.1 393.8 454.0 454.6 430.5 416.9 349.4 306.5 225.8 207.2 260.2 312.2 259.7 226.3 199.7 189.9 179.2 183.7 222.0 313.1 295.2 209.1 240.6 321.7 341.6 273.2 224.9 255.5 221.6 191.2 169.3 137.0 125.0 116.8 114.0 117.7 143.8 159.9 158.7 137.1 129.8 115.0 130.3 133.0 148.1 156.3 122.6 104.8 99.2 87.7 81.7 74.1 54.6 40.6
723.6 719.1 718.1 694.8 603.3 540.5 493.6 394.9 346.0 343.3 380.1 416.8 444.3 444.4 401.2 431.3 466.9 459.7 452.9 479.1 549.7 539.9 519.3 484.6 440.0 377.2 319.6 317.1 252.2 212.7 237.1 297.4 299.8 223.4 204.2 231.4 220.0 194.8 220.4 243.1 275.7 327.4 250.7 286.5 334.4 320.9 296.1 341.0 311.9 249.7 206.5 164.1 155.2 141.6 125.3 142.6 131.4 140.4 129.9 148.4 138.1 147.9 145.4 116.7 112.4 142.8 115.3 100.7 89.3 87.8 85.9 80.6 64.7 46.8 68.3
653.2 645.8 677.0 627.2 573.5 508.7 404.5 374.0 416.3 400.0 411.0 463.3 513.0 510.9 492.1 443.3 428.1 412.0 411.8 454.8 470.4 474.3 499.0 422.1 360.9 366.6 362.9 275.9 225.4 250.0 322.7 354.1 267.1 217.6 254.8 292.7 229.5 249.0 288.5 325.3 347.2 367.9 338.5 366.7 401.4 387.0 392.0 379.0 331.4 287.9 219.2 179.3 178.4 153.8 145.3 145.1 153.5 146.8 120.5 127.4 115.9 127.5 140.2 128.0 110.5 98.1 92.6 89.0 88.0 87.4 80.7 69.9 60.1 57.1 76.1
603.4 586.2 605.8 514.5 488.3 411.0 427.1 480.1 530.1 468.5 468.9 529.2 579.1 540.2 488.1 430.4 431.8 436.4 404.5 384.6 371.0 381.6 446.1 430.8 383.7 302.0 297.4 254.3 289.4 277.2 314.8 350.7 278.2 227.2 256.0 295.7 255.0 277.8 309.4 351.7 333.9 342.2 389.9 368.5 337.2 364.1 353.0 332.3 356.4 288.8 224.1 227.0 180.1 154.7 130.8 121.3 118.4 120.0 106.3 100.6 98.2 92.9 87.1 95.0 94.5 92.7 90.1 87.7 79.6 64.6 53.0 56.7 63.6 74.1 99.4
542.0 521.4 534.5 464.2 410.2 411.5 497.1 556.2 537.3 502.5 474.7 500.5 491.1 485.3 460.3 444.0 480.1 524.6 499.0 453.3 424.4 365.6 336.2 339.7 318.2 279.1 268.3 293.2 355.3 386.6 385.6 320.5 259.9 276.7 303.6 326.1 282.0 223.7 223.2 256.7 254.7 234.2 269.3 253.7 282.5 347.7 312.6 257.7 317.7 321.5 301.5 271.0 217.1 159.4 101.5 79.0 76.0 93.6 90.4 68.5 67.9 67.9 66.7 59.6 63.3 60.7 63.4 61.1 64.2 87.8 109.7 121.7 118.5 115.2 103.0
468.1 478.3 454.6 415.2 417.8 462.1 492.1 504.3 444.7 432.5 396.4 471.0 403.5 420.6 402.0 368.3 420.8 512.3 579.0 555.9 535.3 450.6 381.8 356.1 315.6 350.3 372.3 324.6 357.2 406.4 440.1 380.4 342.7 359.9 333.5 260.9 243.2 211.5 177.6 180.2 192.9 182.2 202.9 241.3 307.1 353.0 278.3 207.4 251.3 289.8 227.6 207.7 181.1 110.5 87.1 102.7 90.1 75.0 77.8 87.4 94.9 86.8 67.7 71.7 98.5 102.1 96.6 96.3 116.0 152.1 205.0 176.1 138.8 174.1 124.1
455.2 453.0 425.8 420.5 444.8 431.4 411.3 466.3 423.5 368.4 338.3 383.7 362.4 406.5 350.8 325.2 375.0 428.7 508.3 609.9 593.9 500.8 459.8 420.1 395.4 393.6 357.5 359.5 349.6 352.6 384.5 395.7 419.3 360.9 287.4 242.1 203.1 200.1 178.3 185.4 164.4 165.9 173.5 204.5 255.0 306.9 265.0 183.0 240.8 200.1 146.6 126.0 112.7 75.9 98.1 111.3 111.9 111.1 111.3 110.6 108.6 79.8 85.4 110.5 110.1 126.8 161.7 186.2 186.6 190.4 236.0 229.0 156.3 200.6 156.8
491.0 433.0 385.3 350.6 363.8 347.3 370.8 399.5 383.7 366.5 312.7 316.4 377.1 421.0 352.9 304.9 323.2 371.7 444.1 514.7 582.6 561.9 532.5 487.3 442.7 380.8 325.5 284.9 269.5 291.5 305.4 310.5 366.6 372.0 286.7 221.7 203.2 209.3 189.8 218.2 180.8 205.9 166.6 205.1 231.1 249.5 230.5 164.3 141.9 115.3 87.8 87.2 87.1 92.9 120.1 125.5 125.3 123.9 123.8 128.9 120.2 91.9 89.4 134.5 136.2 132.2 171.5 202.8 244.3 282.4 293.8 231.9 189.7 256.5 213.8
545.4 485.9 402.5 345.3 321.9 311.2 348.4 376.9 364.0 318.6 288.9 336.2 397.8 441.5 406.0 359.0 302.3 341.8 383.5 419.6 432.7 481.9 537.9 519.0 442.3 377.0 329.6 291.9 254.3 247.7 247.2 277.9 301.8 346.7 351.2 291.9 284.8 233.0 213.6 238.4 228.8 211.9 181.7 170.7 172.1 210.5 176.3 131.6 118.4 88.7 116.8 144.4 164.5 157.7 173.6 171.0 165.5 164.4 167.8 143.8 108.1 83.3 114.3 140.8 152.5 177.2 146.3 161.5 218.5 261.4 280.2 273.5 272.7 260.3 295.4
500.0 469.4 456.1 413.4 378.7 327.2 305.1 318.5 365.7 336.2 276.4 331.0 374.7 382.0 346.2 372.6 316.5 263.4 292.2 346.7 370.0 376.3 411.5 442.6 439.8 404.0 359.0 316.4 266.5 226.9 220.7 235.1 274.3 331.6 324.0 328.0 353.5 288.4 279.6 274.5 220.2 215.7 224.8 221.0 181.9 143.5 132.1 117.1 97.7 127.8 185.5 214.2 216.0 208.8 220.3 246.8 255.1 222.1 155.5 108.1 83.7 141.6 172.5 165.4 159.9 187.1 213.9 158.9 182.0 199.0 250.9 316.9 354.9 318.1 275.0
438.5 435.9 483.3 485.5 432.5 414.5 366.3 295.4 284.1 273.4 268.7 295.7 284.5 319.8 277.1 290.5 282.2 240.2 286.0 323.6 290.3 301.3 313.1 300.9 297.3 326.2 323.6 298.8 253.3 210.0 220.0 212.2 258.6 256.5 250.1 303.9 317.8 323.2 250.6 191.9 179.0 165.7 180.7 186.5 164.0 133.6 124.3 102.1 139.5 203.4 210.4 262.7 315.7 305.0 277.5 304.7 257.7 174.4 99.5 101.3 155.9 151.2 226.2 209.8 234.0 195.1 230.6 172.8 210.2 264.0 279.9 346.1 388.5 374.6 335.2
405.5 424.6 474.2 424.6 371.9 374.2 315.0 345.8 349.3 351.6 295.5 268.1 236.1 238.4 211.6 193.1 198.3 211.6 221.6 212.8 224.3 244.8 215.4 207.7 210.3 190.4 187.5 185.2 182.7 168.4 175.3 185.8 192.9 203.5 238.7 230.2 268.6 318.6 286.2 243.4 247.9 211.5 179.4 149.8 122.8 100.9 97.7 100.0 147.4 218.0 276.0 299.0 335.4 376.9 391.1 315.8 206.4 117.0 105.0 189.1 245.9 171.6 245.1 292.3 296.8 235.7 253.6 198.1 260.7 297.5 282.4 276.1 298.4 296.2 292.6
388.5 432.2 446.7 387.3 361.0 369.4 349.5 429.5 459.5 422.5 346.1 294.4 217.0 199.1 189.4 211.9 203.7 179.6 177.8 182.0 174.6 174.0 169.8 165.7 158.7 159.9 175.1 173.9 173.1 170.8 151.8 143.9 150.5 172.9 189.2 225.3 254.4 299.8 328.2 260.9 251.0 239.7 190.2 150.7 96.9 118.3 126.5 157.0 220.0 245.7 257.4 246.8 282.6 264.2 305.2 290.1 178.7 111.2 170.3 231.1 288.4 228.5 188.1 226.5 276.4 289.9 293.1 232.0 300.4 329.6 287.7 263.7 270.3 238.7 240.0
360.0 382.2 439.2 479.6 439.5 489.9 460.6 472.9 446.2 371.6 310.6 236.2 202.8 231.6 276.1 309.2 261.9 261.7 280.1 278.5 266.1 260.5 261.7 243.3 241.1 274.0 257.5 239.0 237.7 238.0 215.2 207.0 164.1 137.9 158.9 182.0 217.3 279.5 313.5 231.0 183.3 181.1 172.9 129.2 100.2 126.4 159.8 214.4 243.0 230.8 210.4 205.9 207.5 196.3 190.3 189.4 121.1 190.0 270.5 307.6 345.8 252.3 253.7 256.4 329.6 376.7 334.6 281.6 335.0 351.0 301.8 314.9 366.2 324.4 275.8
386.2 349.9 431.2 462.2 500.1 483.4 502.0 467.1 417.8 354.9 254.4 214.7 253.8 311.0 372.0 352.7 265.6 268.1 314.8 375.6 360.3 349.7 338.0 330.0 320.4 303.0 277.0 224.5 169.9 153.0 150.9 149.5 160.8 147.6 125.9 151.1 172.6 213.8 282.2 295.1 239.3 190.9 124.0 100.5 106.8 153.1 180.9 252.2 309.2 282.6 223.0 259.1 277.6 259.3 231.1 170.4 117.2 196.0 274.8 372.7 392.4 328.5 327.3 344.8 351.2 383.0 390.4 398.9 412.8 390.4 366.2 372.7 311.5 291.5 255.3
390.3 334.0 374.8 412.2 398.6 425.4 415.7 424.4 353.5 314.9 235.0 235.5 306.4 338.9 365.8 305.2 274.1 332.2 375.8 366.0 318.0 280.5 328.5 326.3 273.4 261.5 205.7 161.5 183.1 234.4 246.9 205.8 170.8 134.6 143.1 125.9 124.0 151.4 184.1 202.8 190.2 149.1 107.4 102.2 141.3 206.2 254.0 272.9 270.7 291.1 260.6 271.4 262.5 275.1 225.2 143.0 123.0 201.6 244.7 288.9 320.9 281.4 315.1 380.4 303.0 317.1 377.3 413.3 365.9 309.8 290.2 277.6 245.5 235.9 215.2
385.5 359.3 327.5 324.9 305.7 329.8 384.9 365.1 328.4 277.6 230.7 257.4 304.0 334.8 372.9 302.9 335.5 377.2 327.4 280.9 265.7 239.0 292.5 241.4 187.6 172.9 180.3 227.0 261.2 314.9 295.0 234.2 178.2 153.0 138.7 125.7 120.5 117.8 118.0 117.4 131.9 114.5 107.0 128.9 177.2 236.9 277.0 229.3 206.1 218.8 228.1 242.4 202.8 216.2 186.0 131.6 129.2 165.7 182.6 218.1 236.5 209.7 280.8 285.4 272.9 359.9 382.2 419.3 449.8 395.7 340.3 325.9 319.5 344.4 251.9
399.9 406.8 437.7 444.4 423.5 339.5 293.0 353.6 306.0 247.6 239.6 338.5 405.0 359.6 384.1 344.1 362.0 443.5 393.6 373.0 311.5 277.8 224.6 180.9 210.3 237.6 251.9 320.6 301.8 248.8 205.4 173.9 200.6 244.5 208.7 179.2 170.0 162.3 151.6 117.3 117.5 128.5 118.3 187.6 213.9 292.4 313.0 275.7 224.9 175.5 183.4 190.8 186.5 137.4 131.3 136.0 216.1 267.4 249.2 194.9 214.8 223.1 209.4 206.9 252.7 304.3 292.4 347.8 412.0 487.8 454.5 417.2 389.2 306.3 276.2
387.0 355.6 390.6 457.9 380.9 344.6 276.9 257.8 238.9 225.3 295.4 403.3 440.9 426.4 396.2 358.0 388.9 450.1 397.4 368.7 352.7 314.7 211.8 229.1 303.9 310.5 282.4 320.7 238.3 189.8 223.2 226.4 256.5 299.4 247.0 209.3 229.2 207.9 166.5 166.3 166.6 204.3 168.1 198.0 253.2 252.3 257.9 216.5 185.2 165.8 193.8 168.1 146.1 178.6 169.9 197.1 231.8 293.1 330.9 229.5 261.1 326.9 273.4 283.5 253.3 238.2 259.9 324.0 408.0 457.5 484.6 476.3 390.4 396.6 365.0
444.6 372.0 326.8 341.2 294.5 250.9 246.2 267.9 282.9 337.6 338.3 394.9 485.4 483.6 429.7 389.8 431.2 408.9 408.4 334.1 283.7 232.4 204.8 310.0 306.8 364.4 346.5 303.9 206.0 229.9 287.3 306.2 344.7 352.7 276.8 292.0 296.9 226.0 215.4 258.4 216.1 218.4 186.6 211.1 275.6 242.1 178.2 179.1 194.3 205.8 254.5 200.2 191.1 227.0 184.3 188.0 223.0 250.4 310.8 263.8 238.0 301.5 339.9 356.9 356.4 283.6 323.7 369.2 373.6 378.0 446.4 508.1 519.1 526.5 462.7
444.1 415.4 374.8 308.1 244.0 309.1 356.6 351.9 385.3 426.2 478.6 446.7 505.3 467.9 432.6 455.6 418.4 357.4 386.3 331.1 303.0 232.5 230.6 325.4 381.8 389.3 331.7 292.0 207.0 243.9 318.9 386.4 421.8 403.2 345.8 393.6 332.1 243.3 258.5 311.4 292.4 272.1 229.8 257.0 264.4 208.4 180.5 247.5 267.9 214.6 251.8 213.4 187.9 216.1 230.9 180.4 211.4 253.0 302.8 326.5 266.0 287.6 339.9 418.9 444.1 380.4 371.9 413.8 369.6 332.7 356.0 421.6 458.2 457.7 533.0
356.1 378.2 331.1 271.1 268.3 329.2 401.1 414.0 397.8 424.5 505.4 556.9 499.3 422.7 374.9 411.8 425.1 363.3 314.1 274.7 233.0 216.2 265.0 340.8 383.4 330.2 305.2 264.7 208.6 257.6 333.4 371.8 383.0 429.5 423.0 380.2 316.2 261.9 265.0 312.7 354.3 376.2 349.4 318.0 272.7 192.0 231.0 289.7 295.3 255.2 272.7 219.3 216.5 220.1 249.8 201.5 194.1 234.9 276.9 296.8 318.5 317.7 362.0 419.7 460.0 408.5 422.4 427.6 398.6 333.1 297.9 362.9 336.5 372.3 430.1
341.3 329.3 280.9 282.2 381.1 367.9 370.2 455.7 491.1 510.1 501.9 458.9 483.2 430.1 364.5 324.7 340.9 326.4 329.4 235.2 252.4 320.4 326.5 360.1 357.3 327.5 276.3 263.1 213.9 287.4 353.1 319.8 366.8 389.5 382.3 350.1 294.0 251.3 317.5 376.8 419.8 388.4 369.8 338.2 277.0 218.4 296.2 319.1 339.9 341.9 316.1 245.6 253.5 278.8 283.1 226.7 221.9 225.3 215.7 226.7 250.0 264.8 330.5 407.6 407.2 354.8 346.1 361.3 376.4 337.9 275.6 331.4 287.6 314.2 307.5
391.1 339.1 265.0 336.2 411.5 440.5 384.0 425.4 479.1 525.6 491.8 427.5 379.4 387.6 325.9 336.1 334.2 301.6 243.7 251.8 342.0 332.5 389.9 416.0 332.5 291.3 243.5 240.1 253.4 241.9 283.2 278.4 329.3 343.3 377.8 325.1 348.8 297.0 327.8 391.1 380.4 331.4 295.3 250.7 215.1 223.1 267.2 287.9 296.5 326.5 362.2 301.4 263.1 323.4 278.9 237.0 252.7 290.7 256.1 229.7 256.0 267.1 327.1 380.7 385.2 379.7 354.4 306.1 311.4 287.4 277.9 266.4 255.7 246.5 240.2
