data/case_study_destine/merger_hmc_by_domain/geo/MarcheDomain.dem.txt
ncols   401
nrows   311
xllcorner    12.0642
yllcorner    42.5239
cellsize    0.005006
NODATA_value -9999
[rows 264 to 296 of 311, columns 225 to 299 of 401]
1558.0 1589.6 1528.6 1452.4 1456.1 1480.4 1502.8 1439.6 1428.1 1517.8 1569.4 1543.0 1412.0 1182.8 984.8 850.7 726.6 677.1 771.4 906.9 996.3 1042.5 1050.6 1027.9 1100.3 1095.1 1089.7 926.6 888.6 925.6 927.4 911.5 849.5 884.5 881.2 793.3 633.5 638.2 782.7 897.4 830.1 698.0 617.2 543.9 647.1 745.0 860.7 830.6 779.7 790.8 855.8 943.4 1048.6 1072.8 1050.3 1084.1 995.6 883.3 794.8 744.1 702.3 589.6 626.4 665.9 700.0 715.5 760.3 824.6 868.8 903.0 983.9 1087.1 1199.1 1275.6 1242.2
1523.2 1566.6 1493.6 1411.3 1303.5 1356.6 1410.9 1290.6 1199.6 1255.5 1403.3 1403.0 1224.3 987.4 847.6 706.1 698.5 802.9 920.1 1028.0 1061.0 1090.7 1110.0 1113.2 1149.9 1209.9 1238.0 1106.2 1059.2 1119.4 1168.3 1162.6 981.5 884.7 828.2 736.0 666.7 752.6 884.3 986.2 877.3 760.0 651.3 554.0 644.4 705.2 738.9 833.2 901.1 914.8 928.7 980.5 1049.2 1016.6 963.2 1026.1 990.5 938.4 917.3 803.3 723.3 612.3 602.9 737.7 807.1 840.5 812.7 857.7 894.6 947.5 1019.0 1125.1 1244.7 1315.0 1202.3
1586.8 1519.8 1447.9 1373.2 1232.2 1171.4 1228.1 1239.4 1073.1 1131.7 1275.9 1222.9 1048.9 871.5 725.1 697.3 794.3 909.1 1019.4 1079.7 1149.1 1151.5 1182.0 1222.7 1266.6 1339.2 1365.5 1334.5 1252.2 1293.0 1341.4 1296.3 1042.6 907.0 858.5 916.0 784.5 850.8 948.1 1036.9 998.4 899.5 759.9 587.3 677.6 794.1 771.5 745.3 804.8 861.1 940.7 1025.1 964.9 945.6 914.0 984.0 915.3 918.6 888.1 833.5 690.2 592.5 682.6 738.1 781.3 881.7 920.5 906.7 868.8 880.0 974.3 1097.0 1219.3 1177.7 1047.6
1552.0 1481.6 1459.6 1393.9 1245.6 1077.8 1018.0 1016.6 948.0 936.7 984.8 942.2 878.8 785.3 687.9 751.7 834.1 896.0 934.4 1022.9 1091.1 1161.8 1248.4 1311.3 1377.8 1472.1 1484.4 1518.2 1422.5 1433.6 1490.2 1459.9 1178.1 1077.0 1052.0 944.7 859.2 950.2 1072.1 1089.1 991.5 841.4 697.6 629.4 737.7 842.2 948.5 903.1 911.3 1006.7 977.4 888.7 902.3 839.8 854.1 876.1 845.4 857.0 830.0 715.7 607.5 664.1 703.6 702.5 738.1 806.9 797.7 793.9 876.3 913.9 942.0 1047.1 1161.6 1077.4 970.6
1643.3 1613.2 1519.7 1380.5 1316.0 1260.3 1214.6 1145.0 1009.7 877.3 816.3 789.6 776.8 739.0 717.0 736.4 789.4 814.1 831.1 883.0 987.5 1116.0 1227.1 1328.6 1332.7 1399.1 1477.7 1566.8 1597.8 1565.8 1606.0 1618.7 1444.0 1325.0 1140.4 1073.9 1033.8 1115.0 1007.2 940.1 853.7 732.2 783.1 723.2 898.8 978.4 1021.6 1111.0 1080.5 973.1 845.3 757.5 747.4 722.9 719.7 727.7 729.9 714.9 673.0 642.1 686.7 699.3 787.5 805.7 784.9 815.4 812.9 833.1 885.0 980.4 1016.4 1126.1 1090.2 1064.0 1097.4
1639.9 1611.8 1526.5 1515.5 1515.3 1472.7 1411.4 1284.5 1086.5 940.0 875.4 867.8 887.8 875.7 767.9 749.9 873.9 1006.4 963.3 935.6 928.2 976.0 1021.7 1081.1 1159.1 1271.6 1378.7 1475.3 1544.7 1632.5 1674.0 1483.5 1267.9 1211.9 1145.5 1120.1 1086.0 985.3 873.0 806.8 806.2 926.6 989.1 849.3 929.8 1055.2 1169.5 1123.6 988.9 818.0 778.1 847.9 886.2 838.1 806.3 812.2 804.9 733.5 786.1 797.5 833.1 720.9 731.7 787.1 846.4 878.4 932.9 963.3 1007.3 1040.3 1093.6 1151.0 1126.5 1223.1 1312.6
1664.0 1693.0 1651.2 1572.6 1530.7 1467.9 1376.7 1218.6 1070.5 970.8 893.3 912.3 944.8 843.4 743.6 814.8 913.4 1075.8 1147.6 1073.1 1058.2 1062.4 1095.4 1128.4 1155.6 1249.4 1372.7 1457.4 1544.1 1641.2 1694.9 1501.1 1294.5 1174.0 1078.8 988.3 912.6 898.3 901.4 1017.4 1041.4 1171.3 1150.7 995.4 1030.3 1148.5 1115.2 1017.7 915.5 806.3 897.7 941.1 1009.2 997.3 1017.1 926.5 977.7 850.7 955.1 978.3 838.9 721.5 751.5 799.2 818.3 858.9 880.8 943.0 1033.9 1158.3 1172.1 1179.7 1167.2 1225.3 1366.2
1654.3 1707.2 1600.8 1506.3 1405.4 1301.8 1189.7 1069.8 981.1 918.6 866.3 816.7 819.5 757.6 792.6 909.0 1019.8 1105.9 1198.8 1201.5 1138.6 1176.6 1230.3 1294.5 1323.9 1284.0 1380.2 1559.0 1646.1 1706.0 1732.9 1555.7 1388.9 1324.8 1159.8 1010.4 996.0 1090.2 1155.6 1141.9 1298.1 1402.2 1338.5 1263.2 1272.4 1271.2 1178.7 1051.8 876.7 851.3 955.1 1065.1 1112.2 1118.4 1125.5 1061.8 1055.2 988.5 1027.9 960.2 810.6 740.8 811.1 789.5 824.1 887.8 956.0 1011.4 1082.1 1187.5 1210.3 1266.5 1197.0 1230.2 1353.2
1638.4 1624.3 1625.6 1585.4 1496.7 1356.3 1227.8 1124.7 1020.8 948.6 921.0 900.9 782.2 761.6 863.9 981.8 1084.7 1173.9 1259.6 1284.7 1238.7 1249.9 1305.9 1322.1 1413.2 1450.3 1394.1 1500.6 1670.8 1761.9 1814.3 1632.5 1454.5 1298.4 1148.8 1085.6 1240.1 1336.3 1381.2 1334.9 1391.2 1555.8 1535.7 1441.6 1413.4 1256.6 1143.2 1040.1 862.8 919.8 1017.0 1117.3 1286.3 1296.6 1258.8 1130.6 1024.7 958.8 905.4 835.2 814.7 775.7 821.5 885.7 915.7 881.1 901.3 964.8 1054.7 1182.3 1260.9 1264.2 1256.7 1257.5 1319.2
1660.8 1550.2 1516.7 1539.2 1423.5 1289.4 1182.2 1054.5 943.0 881.3 840.9 807.7 755.9 817.1 906.8 1011.2 1122.9 1224.1 1289.3 1338.5 1370.0 1366.2 1422.8 1422.1 1440.0 1472.8 1512.4 1497.9 1548.0 1699.8 1854.4 1820.2 1643.8 1461.8 1301.9 1187.9 1340.3 1510.5 1606.4 1611.2 1655.9 1619.6 1464.0 1362.6 1310.3 1263.1 1145.9 1078.9 908.9 940.3 1047.6 1147.1 1236.7 1306.6 1314.6 1159.6 1084.6 1016.2 1003.1 990.1 906.1 820.0 878.7 906.9 979.7 980.9 1000.0 1082.4 1121.2 1189.0 1216.9 1160.3 1194.8 1171.8 1297.9
1512.4 1516.9 1422.2 1424.3 1473.0 1355.5 1260.1 1121.0 1021.4 959.8 900.6 844.8 762.5 850.1 906.6 973.9 1059.7 1115.2 1173.6 1294.6 1422.6 1477.2 1525.0 1508.4 1523.6 1552.1 1593.5 1631.4 1584.6 1659.7 1830.5 1951.4 1886.1 1674.8 1442.3 1355.8 1532.1 1706.2 1777.7 1742.7 1683.5 1545.2 1469.2 1352.3 1172.4 1060.7 1039.3 973.5 963.6 914.5 1021.2 1096.0 1235.1 1268.8 1321.9 1192.2 1082.8 1096.0 1056.7 960.1 893.6 847.1 903.3 991.9 1052.4 1107.5 1110.1 1151.9 1163.9 1161.4 1215.9 1108.2 1075.0 1127.1 1267.5
1336.6 1312.9 1263.6 1214.1 1348.5 1295.5 1206.7 1075.3 978.3 942.3 889.8 791.5 785.1 830.4 891.4 958.9 1022.5 1062.2 1113.0 1216.6 1345.8 1465.9 1562.3 1601.0 1606.0 1653.2 1710.7 1764.9 1731.1 1718.9 1768.0 1870.3 2000.5 1854.0 1700.9 1641.0 1752.5 1753.1 1619.2 1521.2 1488.8 1360.7 1281.4 1166.5 1085.3 1185.8 1256.2 1055.7 923.2 965.6 1048.8 1096.1 1152.6 1237.5 1308.3 1180.5 1072.4 983.5 961.7 952.5 903.0 930.6 977.8 1047.5 1121.6 1098.2 1065.2 1131.1 1070.6 1099.4 1144.9 1121.7 1020.1 1094.1 1197.6
1390.2 1229.1 1098.1 1057.6 1081.1 1165.3 1094.1 994.6 941.5 855.6 855.0 791.3 768.8 783.7 834.9 893.4 991.0 1091.1 1170.9 1291.4 1397.5 1479.6 1555.3 1649.8 1692.8 1731.2 1794.4 1872.3 1892.0 1866.1 1872.7 1908.1 2000.9 2003.3 1934.3 1879.3 1797.6 1705.3 1564.5 1436.0 1314.2 1183.7 1176.3 1228.8 1307.2 1319.4 1194.6 1064.2 1049.9 995.5 1068.6 1170.4 1210.0 1301.4 1330.6 1173.9 1067.7 1122.5 1134.5 1080.7 956.9 993.4 1028.3 1054.1 1112.6 1095.9 1034.4 1071.6 1016.9 1088.6 1023.8 1089.4 1033.2 987.5 1062.2
1439.4 1262.0 1155.8 1031.4 977.2 958.3 929.5 890.0 885.5 885.0 861.6 803.0 856.1 872.9 798.5 894.7 976.4 1070.3 1162.9 1262.8 1325.1 1337.2 1470.0 1511.1 1514.1 1628.4 1763.5 1886.5 1996.5 2031.3 2038.5 2060.2 1994.8 1896.1 1832.9 1792.0 1628.2 1563.5 1420.3 1343.9 1254.1 1251.7 1399.4 1499.9 1464.3 1311.9 1273.7 1156.1 1240.0 1112.4 1050.0 1079.4 1192.8 1290.0 1400.4 1305.5 1187.7 1230.6 1126.0 1075.6 1046.1 1040.2 958.2 1011.4 1035.0 1050.6 1089.5 1009.4 980.2 1015.0 964.2 1032.5 1079.1 1003.7 928.4
1456.3 1297.8 1197.3 1147.2 1111.5 997.7 971.2 1020.7 978.9 946.3 853.4 875.3 980.3 944.7 806.6 851.1 941.3 1033.6 1108.9 1201.2 1231.0 1183.4 1260.0 1349.5 1465.5 1593.6 1705.5 1814.8 1933.4 2036.1 2129.3 2175.0 2019.3 1915.6 1766.9 1612.7 1461.6 1375.9 1398.1 1451.3 1402.8 1470.7 1616.6 1610.8 1621.8 1482.2 1374.0 1275.6 1376.2 1324.4 1183.0 1102.7 1175.4 1335.8 1365.8 1275.9 1194.4 1267.2 1220.8 1112.2 1004.0 1029.9 931.9 938.1 946.8 1012.5 1093.7 1127.9 1014.0 937.1 910.7 966.7 997.2 1044.7 1030.2
1514.6 1459.2 1365.4 1247.9 1139.0 1019.6 1089.3 1003.7 949.5 893.6 888.4 957.8 1045.9 978.2 822.5 828.3 901.3 987.2 1079.4 1151.7 1124.9 1108.8 1229.6 1395.2 1517.8 1626.1 1745.2 1876.7 2006.5 2110.4 2158.6 2168.2 2033.1 1915.2 1740.3 1515.4 1525.3 1597.1 1588.5 1696.7 1608.1 1599.0 1761.3 1768.8 1698.8 1535.9 1442.3 1460.8 1534.6 1456.3 1324.1 1147.6 1205.3 1358.5 1310.2 1140.3 1083.8 1170.0 1111.3 1047.1 960.0 928.5 956.5 874.8 931.1 1001.6 1086.1 1092.1 1082.4 1025.8 943.0 877.7 891.5 958.0 951.6
1498.3 1430.6 1317.3 1217.1 1104.9 1146.7 1107.6 1010.8 1003.4 931.4 928.8 1026.0 1064.4 910.1 808.2 853.1 903.8 987.0 1044.7 1028.8 1031.7 1166.5 1265.0 1336.5 1497.2 1630.6 1745.0 1881.0 2039.0 2196.1 2287.4 2224.0 2106.9 1911.0 1687.1 1609.8 1745.2 1843.3 1773.5 1860.1 1827.5 1806.9 1718.6 1616.3 1565.9 1470.7 1411.3 1379.8 1370.0 1360.4 1307.3 1229.5 1161.1 1302.3 1376.0 1182.9 1032.4 1008.2 967.1 925.0 897.7 859.5 961.8 867.6 884.1 976.6 1072.0 1034.3 974.4 1048.3 1002.8 931.5 874.4 859.5 844.4
1407.8 1286.4 1177.7 1167.1 1215.1 1167.4 1079.5 1064.3 1024.3 995.2 985.3 1056.3 998.2 883.4 817.0 856.5 895.5 949.2 954.6 973.1 1058.4 1142.0 1282.5 1411.0 1535.0 1584.3 1697.0 1839.6 2003.8 2208.8 2355.1 2259.9 2055.4 1896.9 1789.6 1811.0 1946.0 2050.4 1982.9 2012.1 1960.7 1861.6 1688.4 1525.2 1484.3 1494.2 1525.4 1484.7 1416.4 1324.0 1315.7 1305.3 1258.5 1298.3 1359.4 1206.1 1102.9 1062.8 1015.0 944.4 944.1 851.5 871.9 912.0 813.3 896.8 998.4 949.0 897.6 887.2 943.8 988.3 950.0 896.7 811.1
1283.5 1192.5 1108.2 1097.0 1143.5 1069.3 1026.1 1026.3 1012.1 970.8 998.8 960.9 944.1 907.3 822.6 885.4 906.6 924.3 941.7 965.1 1012.2 1085.5 1217.1 1327.5 1455.5 1599.0 1676.7 1804.1 1947.2 2080.3 2133.1 2135.5 2129.9 2126.4 2017.4 1997.5 2125.5 2034.9 1898.8 1853.0 1786.6 1680.1 1576.2 1616.2 1742.9 1744.9 1758.3 1719.5 1569.7 1499.4 1513.7 1565.8 1442.7 1385.3 1341.3 1170.1 1101.5 1034.1 993.6 988.0 937.9 818.5 789.5 789.7 775.6 831.7 865.2 832.8 880.7 827.3 871.3 924.9 900.8 958.1 947.2
1151.9 1096.8 1065.9 1042.3 1017.4 997.3 984.1 964.4 941.4 921.0 949.4 951.2 888.9 856.5 864.0 852.5 890.0 918.3 927.7 946.7 980.8 1036.2 1098.5 1166.3 1313.3 1442.0 1513.1 1669.3 1799.2 1851.3 1885.0 1940.9 2086.6 2267.1 2204.4 2163.6 2171.4 2047.9 1968.7 1939.5 1830.4 1748.1 1797.3 1855.5 1908.9 1980.8 1941.0 1860.3 1763.6 1714.1 1751.0 1713.5 1599.6 1487.7 1365.7 1236.3 1151.9 1121.8 1093.4 990.9 848.9 844.4 904.8 915.6 842.9 762.1 726.0 781.6 779.0 788.4 798.1 848.4 862.4 938.1 973.3
1104.6 1120.2 1155.5 1120.5 1094.6 1088.6 1060.2 1001.3 952.8 899.0 891.9 883.6 895.3 910.9 938.8 885.8 879.3 928.1 939.6 954.3 979.3 1011.6 1050.2 1110.0 1186.7 1251.5 1383.6 1536.9 1541.5 1571.6 1680.2 1811.4 2026.1 2206.2 2355.5 2347.3 2228.8 2192.8 2179.8 2036.1 1953.3 1950.3 2078.7 2093.6 2008.5 1916.6 1810.8 1764.1 1792.5 1806.4 1759.0 1610.6 1446.2 1328.7 1274.5 1196.1 1179.3 1156.7 1008.4 874.7 891.0 963.5 990.0 1065.0 984.7 885.9 771.5 726.4 704.4 692.6 728.1 788.1 880.1 830.9 834.3
1135.0 1107.7 1065.9 1039.9 1064.5 1082.8 1040.0 1015.7 992.1 932.2 900.4 939.0 936.4 977.1 992.8 898.0 861.1 904.5 928.6 949.5 976.5 1008.5 1042.0 1077.5 1121.1 1203.5 1308.1 1293.4 1389.2 1502.8 1626.6 1813.4 1991.2 2094.3 2255.1 2387.7 2295.8 2253.0 2263.4 2174.3 2211.7 2260.0 2203.5 2126.0 2009.3 1874.1 1774.0 1649.6 1598.9 1642.9 1705.3 1595.5 1404.7 1231.2 1132.3 1074.0 1076.2 1023.6 907.3 897.8 989.1 1082.2 1082.4 1136.7 1025.8 970.4 868.6 806.1 776.8 692.2 672.2 729.0 754.3 726.3 786.1
1198.7 1173.8 1154.6 1055.6 1002.7 1043.8 1019.9 953.8 934.1 918.1 945.2 998.2 983.1 965.2 949.0 893.4 881.5 908.5 940.1 947.7 970.1 993.4 1015.9 1040.7 1068.6 1101.6 1137.1 1255.2 1404.6 1534.5 1586.2 1601.5 1692.0 1862.9 2053.2 2152.8 2095.2 2087.8 2188.5 2215.9 2248.8 2231.0 2241.7 2184.8 2059.3 1908.3 1776.9 1622.3 1469.0 1415.7 1486.1 1572.4 1500.8 1332.9 1157.1 1057.4 998.8 939.9 933.0 987.2 1056.3 1167.1 1203.9 1218.4 1115.7 945.6 853.0 869.6 894.3 803.5 708.3 648.6 627.3 668.8 688.0
1190.7 1115.0 1090.8 1089.1 1048.7 1000.2 959.7 983.7 978.0 970.6 982.2 973.0 935.3 907.6 896.8 918.4 932.0 896.3 932.6 953.7 965.9 975.1 994.3 1019.1 1042.6 1074.4 1113.6 1188.2 1281.7 1398.0 1437.0 1489.4 1595.2 1613.1 1745.6 1778.7 1816.1 1925.8 2012.9 1982.7 1947.5 1998.1 2136.7 2213.8 2075.0 1917.8 1784.3 1652.4 1552.4 1413.1 1301.5 1348.2 1364.0 1280.8 1161.6 1064.9 989.3 971.3 1024.2 1107.6 1213.0 1226.4 1223.7 1141.6 1072.4 953.6 924.2 954.3 931.2 872.3 779.9 726.7 702.2 628.1 600.5
1279.9 1178.7 1107.3 1065.6 1103.1 1023.3 997.0 1022.5 1029.8 1041.5 1018.3 975.9 924.8 912.5 915.2 945.6 973.3 930.2 898.8 921.4 935.2 961.6 990.6 1011.0 1038.5 1069.9 1105.3 1144.7 1191.6 1223.6 1329.5 1375.7 1416.1 1423.3 1497.3 1518.0 1586.4 1659.1 1741.3 1791.5 1890.3 2056.8 2223.5 2211.8 2120.3 2014.5 1917.5 1805.1 1666.4 1499.4 1349.6 1192.7 1154.6 1105.8 1057.0 992.5 1016.2 1078.1 1146.5 1222.9 1226.3 1152.8 1050.4 1019.8 1019.0 1011.6 997.6 1013.9 990.1 976.8 941.5 883.4 833.9 736.7 660.5
1274.8 1204.4 1150.4 1076.2 1031.7 997.6 1020.6 1046.6 1055.0 1043.8 1013.2 958.8 925.5 961.6 945.4 935.9 975.3 999.4 933.3 957.9 948.9 953.3 988.4 1023.0 1051.9 1075.4 1096.8 1127.1 1141.8 1186.8 1171.6 1220.6 1302.0 1442.7 1544.8 1581.0 1614.5 1718.5 1871.7 1868.1 2009.7 2152.5 2194.4 2089.7 2013.7 1944.4 1856.4 1753.6 1615.7 1440.9 1344.4 1275.9 1199.8 1098.1 1054.1 1061.4 1143.1 1198.9 1271.5 1224.0 1087.1 1041.9 1000.3 953.4 959.2 924.4 970.5 1008.9 969.3 910.6 876.2 904.3 907.2 862.9 833.8
1307.4 1203.8 1160.5 1143.9 1079.9 1022.0 1039.4 1028.9 1024.3 1028.5 998.6 933.8 960.2 965.0 978.8 954.2 975.8 1003.9 968.5 949.4 984.2 999.6 986.8 982.3 1007.9 1045.5 1077.5 1078.6 1087.2 1128.8 1178.5 1251.5 1357.2 1444.5 1648.0 1820.0 1862.6 1842.4 2006.6 2145.0 2166.1 2202.6 2121.3 2022.0 1915.6 1843.0 1812.3 1746.2 1654.1 1615.5 1579.5 1457.6 1315.5 1195.8 1120.0 1133.1 1248.5 1337.6 1371.1 1242.0 1094.1 1046.7 1020.6 968.8 938.8 906.9 869.2 899.0 888.9 877.9 801.1 862.9 849.0 831.8 839.0
1369.1 1306.8 1212.9 1138.5 1067.5 1038.3 1026.1 1020.4 1016.8 1023.2 994.6 941.5 1010.9 996.8 1000.0 997.7 1027.8 1027.3 992.7 953.3 1000.1 1051.8 1039.2 1047.6 1050.5 1023.4 1039.0 1070.2 1087.7 1149.9 1202.7 1270.1 1413.5 1530.8 1700.6 1887.6 2024.1 2100.9 2171.7 2290.9 2364.1 2325.9 2262.5 2164.3 2094.3 2043.1 1963.9 1844.6 1735.2 1615.1 1468.6 1372.8 1279.9 1196.0 1163.4 1225.0 1342.1 1410.1 1381.9 1304.0 1182.9 1118.4 1044.3 1042.9 1091.1 1014.6 900.6 836.1 821.8 789.1 765.7 750.7 733.6 714.5 699.4
1368.1 1339.2 1228.6 1137.6 1063.3 1050.0 1064.7 1034.2 1017.7 1014.7 1022.3 943.9 965.9 1042.9 1068.8 1044.8 1059.1 1020.3 986.0 975.4 1027.5 1100.6 1114.5 1122.8 1135.5 1118.7 1098.8 1146.0 1174.5 1141.2 1163.9 1232.8 1319.9 1480.5 1599.3 1701.0 1875.4 1988.4 2066.4 2192.9 2330.2 2280.5 2258.9 2196.5 2093.6 2020.7 1940.5 1841.6 1715.2 1602.3 1474.3 1390.0 1334.8 1269.1 1284.1 1295.7 1331.8 1257.4 1229.3 1255.7 1229.6 1162.4 1161.8 1150.1 1082.8 1006.4 946.7 916.1 829.6 837.9 912.3 795.6 766.9 787.6 757.3
1319.3 1281.1 1212.5 1116.3 1065.5 1096.3 1095.9 1034.5 1016.0 1019.1 1045.9 984.3 978.3 1065.6 1093.2 1101.5 1086.7 1081.5 1029.8 999.2 1016.8 1060.8 1124.0 1175.8 1216.9 1185.2 1163.9 1199.7 1218.8 1218.1 1197.6 1200.5 1273.1 1393.4 1508.4 1632.6 1830.3 2003.1 2170.7 2324.9 2267.8 2185.1 2121.9 2152.0 2081.0 1952.7 1835.5 1771.6 1694.2 1622.9 1559.0 1555.2 1498.8 1419.0 1391.3 1362.4 1298.8 1249.9 1179.9 1185.0 1245.2 1240.1 1136.7 1082.0 998.9 935.1 919.6 873.8 897.8 936.5 952.0 893.0 830.5 901.1 879.5
1155.8 1129.8 1066.3 1059.3 1122.1 1152.5 1096.5 1035.1 1015.3 1012.7 1018.1 1022.1 953.0 1000.5 1054.3 1067.5 1126.6 1125.1 1087.0 1064.4 1035.8 1070.4 1102.2 1144.2 1209.2 1282.0 1276.0 1251.3 1284.7 1304.1 1312.1 1261.5 1291.8 1390.6 1495.5 1540.9 1699.3 1920.1 2176.7 2305.3 2190.9 2086.0 2007.6 1964.2 1983.7 1888.2 1781.3 1673.3 1548.4 1454.0 1423.5 1514.5 1505.8 1425.4 1412.3 1362.5 1299.2 1265.4 1180.4 1148.3 1221.9 1259.0 1117.9 1064.3 1026.2 1059.2 1052.3 936.2 987.7 1051.8 1060.9 954.5 923.9 976.1 974.0
1007.9 1025.0 1075.5 1121.3 1170.8 1164.1 1093.1 1039.3 1043.1 1025.9 1022.7 1064.9 965.1 1036.7 1058.8 1131.8 1189.4 1165.9 1123.9 1108.4 1094.6 1136.1 1173.8 1214.7 1236.8 1290.6 1347.0 1333.2 1359.7 1399.6 1402.5 1372.5 1301.7 1336.9 1454.3 1595.2 1748.1 1970.2 2138.9 2259.1 2143.3 2024.7 1918.1 1827.8 1787.6 1821.9 1734.7 1597.3 1481.5 1364.6 1289.5 1341.1 1334.0 1326.7 1383.8 1293.4 1194.4 1160.5 1110.4 1112.1 1179.3 1255.3 1222.5 1196.9 1133.0 1146.4 1108.3 1031.7 1026.6 1067.9 1049.0 1006.0 953.1 928.4 904.1
1035.5 1078.6 1136.7 1177.1 1222.0 1136.8 1089.9 1070.1 1051.4 1009.8 1047.4 1058.6 973.1 1050.3 1103.9 1199.3 1230.4 1250.2 1185.0 1189.2 1154.1 1216.4 1209.7 1281.7 1354.5 1334.4 1325.5 1376.2 1394.0 1413.7 1380.3 1377.5 1389.3 1375.4 1409.0 1552.5 1731.8 1921.6 2065.3 2216.3 2157.4 2056.2 1940.2 1810.6 1668.7 1573.4 1556.1 1520.4 1423.8 1332.1 1230.4 1144.8 1182.0 1280.9 1303.8 1255.7 1139.0 1065.6 1057.5 1159.4 1222.8 1271.5 1206.3 1105.8 1026.4 1031.2 1063.5 1104.9 1093.9 979.6 913.9 929.1 883.5 808.2 804.8
