data/case_study_destine/merger_hmc_by_domain/geo/PugliaDomain.dem.txt
ncols   377
nrows   289
xllcorner    16.6225
yllcorner    39.7399
cellsize    0.005009
NODATA_value -9999
[rows 198 to 230 of 289, columns 296 to 369 of 377]
127.6 131.7 137.0 141.2 139.3 127.6 122.4 121.1 122.9 123.1 122.2 122.5 124.2 123.8 128.5 132.2 135.1 138.2 142.3 143.8 144.8 143.3 143.0 144.8 141.8 137.5 137.1 138.4 141.3 141.0 144.0 142.5 141.6 141.2 141.2 141.1 141.1 141.5 143.2 147.3 145.6 146.0 144.0 144.9 145.4 140.0 136.3 128.0 122.4 119.6 119.0 115.0 115.1 115.1 113.1 101.2 97.1 98.8 97.1 92.8 87.9 78.6 78.1 82.9 88.0 79.9 61.2 44.3 60.5 62.7 -9999.0 -9999.0 -9999.0 -9999.0
126.5 126.5 133.0 140.1 141.0 139.8 136.4 129.2 128.2 129.2 128.5 124.3 124.5 127.0 128.1 131.4 135.2 138.4 145.3 150.8 151.6 148.5 146.6 145.6 142.0 138.6 138.7 141.2 141.8 142.6 144.5 143.7 143.0 141.5 141.1 141.2 141.1 141.1 142.8 145.4 146.2 147.5 147.7 144.6 145.4 144.6 141.9 137.3 130.9 123.7 119.1 117.1 117.6 116.8 113.4 103.6 104.8 99.5 98.5 97.4 91.7 81.8 81.6 92.2 93.6 85.2 61.4 54.0 69.5 65.6 -9999.0 -9999.0 -9999.0 -9999.0
125.8 125.9 127.4 135.9 139.4 142.3 143.5 140.1 137.3 133.8 132.2 131.2 127.3 126.8 128.3 131.2 133.5 137.6 142.8 148.2 151.6 153.6 153.7 153.4 145.8 139.8 140.0 142.9 143.3 141.4 141.8 143.7 143.4 143.1 141.4 142.1 141.2 141.6 142.3 143.2 144.2 146.4 148.6 145.3 144.5 144.1 145.2 144.3 147.1 138.6 128.4 120.3 119.7 117.7 114.0 105.1 107.7 105.9 100.4 96.4 97.4 95.3 95.7 95.3 90.1 74.2 50.6 46.5 63.4 70.1 69.3 69.7 -9999.0 -9999.0
124.0 127.8 125.0 129.0 135.8 142.0 142.3 138.7 140.3 140.6 136.1 138.2 134.5 128.1 129.8 131.1 133.0 133.8 141.0 146.7 150.1 153.2 156.0 159.1 159.2 155.7 145.5 143.7 144.3 142.2 142.6 142.1 142.3 141.9 142.8 142.2 141.2 142.5 145.6 144.9 143.3 145.5 147.8 146.4 145.5 145.8 146.6 146.8 146.3 146.9 142.0 130.0 121.3 119.5 112.9 107.0 108.2 108.9 106.1 103.5 101.9 103.3 100.9 97.0 86.3 73.7 49.8 42.4 56.8 70.9 75.5 74.3 73.9 -9999.0
121.3 126.6 124.9 124.7 131.0 138.2 142.0 136.4 138.4 143.7 144.7 139.5 140.8 128.8 127.9 128.6 131.1 132.7 136.3 144.2 148.6 151.0 154.2 157.7 161.0 163.9 163.1 157.6 147.7 145.1 144.6 144.6 144.7 142.9 142.2 143.1 144.3 144.7 146.9 141.5 141.8 146.2 146.8 147.2 145.9 148.5 149.1 148.0 147.6 147.2 146.2 138.5 131.4 125.8 119.0 115.4 114.4 112.7 109.1 107.7 107.3 107.3 104.1 100.6 91.0 79.8 58.6 42.2 46.8 66.8 79.8 81.9 77.0 -9999.0
121.4 122.4 123.3 122.9 126.5 131.5 134.5 131.0 134.4 142.0 141.6 135.8 137.9 131.4 127.3 127.2 128.4 129.1 134.7 135.8 141.2 148.6 149.8 153.6 159.1 162.7 164.0 165.5 159.0 146.6 145.0 145.7 145.9 143.4 142.8 142.5 142.8 145.9 146.1 143.5 145.7 146.7 148.3 149.2 147.1 146.2 150.0 151.4 151.3 148.9 151.0 151.3 144.7 144.2 136.3 119.3 115.1 114.2 112.8 111.4 110.0 110.7 109.1 105.0 95.7 75.4 61.7 50.1 50.8 69.2 79.4 81.2 78.5 75.9
118.1 118.3 119.8 122.4 125.5 126.5 128.4 131.4 133.1 139.3 137.9 134.3 135.0 131.2 128.0 127.5 129.3 129.8 133.7 133.6 133.4 137.6 143.5 149.9 154.3 158.6 161.9 161.2 163.0 155.0 147.1 146.2 145.5 144.8 144.6 143.8 144.9 145.3 145.4 144.3 144.8 146.1 147.4 150.7 152.8 149.6 150.7 154.5 152.8 150.4 151.4 151.8 150.3 150.3 146.1 128.3 118.3 116.0 116.8 114.9 112.8 111.6 110.8 107.1 100.1 87.7 72.9 59.9 61.9 79.2 79.6 83.4 82.0 79.6
102.5 108.8 109.4 110.3 122.2 124.2 125.3 127.7 130.0 135.0 137.5 136.3 131.6 131.8 129.4 128.9 130.8 132.4 131.3 131.3 133.0 132.5 135.0 139.5 144.8 147.4 154.4 155.5 157.9 159.2 153.7 145.8 144.9 145.9 147.7 145.6 148.5 144.3 143.5 143.5 145.0 145.2 146.3 148.5 152.9 154.5 155.3 157.4 156.0 152.5 152.5 150.6 150.2 153.2 155.8 152.4 124.5 118.6 117.9 116.9 114.2 112.7 109.6 106.9 105.2 98.5 78.9 75.5 79.0 81.8 79.7 84.9 84.4 80.9
118.3 108.6 121.1 120.2 111.1 112.8 123.2 125.1 126.9 129.6 134.2 135.7 130.2 129.9 131.3 130.0 133.8 134.7 131.5 126.5 118.0 132.2 132.8 135.4 140.4 142.1 142.9 147.2 154.5 158.9 156.8 149.4 143.5 143.3 146.3 148.3 149.2 144.1 144.2 146.3 146.9 146.8 146.9 149.3 152.4 155.4 157.1 157.4 158.4 154.3 153.5 151.0 150.1 151.9 159.8 162.9 143.2 121.5 117.7 115.5 116.3 115.3 111.9 108.7 105.1 99.8 85.3 83.1 88.5 88.9 89.3 91.7 89.4 84.1
124.2 116.7 108.3 115.9 124.1 119.3 113.0 111.8 121.6 126.5 127.2 128.9 129.3 129.6 132.0 131.2 131.2 136.6 134.3 130.4 117.0 119.0 131.7 135.1 136.4 139.2 140.2 138.9 141.5 151.4 156.3 154.1 147.3 144.4 145.0 147.6 148.3 144.5 146.0 146.1 148.9 148.3 148.2 149.8 151.7 153.6 153.9 155.0 158.9 155.0 154.4 152.0 150.1 150.7 160.8 161.6 157.9 132.7 121.0 116.7 117.1 117.6 115.3 112.6 110.4 106.3 98.6 92.0 96.7 97.1 96.5 92.1 89.3 85.1
127.0 125.9 123.3 110.7 117.9 126.1 125.5 125.2 117.6 113.9 123.8 129.1 129.9 132.0 134.6 133.8 130.8 132.1 132.4 118.9 128.8 124.4 128.1 135.3 135.3 135.9 136.6 136.2 136.4 144.8 153.1 153.6 151.8 145.6 142.6 144.4 146.9 147.6 148.8 147.9 147.6 147.5 148.7 148.7 148.7 151.4 153.8 154.2 156.0 156.6 155.8 153.8 150.2 150.2 157.4 161.0 159.6 147.1 129.6 122.1 119.9 120.3 118.7 116.2 115.1 111.8 103.9 96.5 100.5 102.3 100.3 93.1 81.0 62.9
130.2 129.6 127.7 129.0 116.9 112.6 125.5 128.5 119.4 113.3 115.0 117.4 127.2 134.3 137.4 137.1 133.4 132.8 132.4 117.1 132.4 133.0 122.9 134.7 135.2 135.5 136.6 136.1 136.1 140.4 149.4 149.1 151.1 151.8 143.8 143.1 146.4 147.9 148.1 148.3 148.2 149.6 150.1 150.1 152.8 154.0 154.4 155.0 155.9 157.1 156.0 154.6 150.3 150.1 151.1 161.0 162.5 156.8 140.0 127.1 125.3 123.3 121.1 119.5 116.8 115.5 111.0 99.4 101.9 103.0 100.1 98.6 91.6 68.8
134.5 132.3 131.4 135.9 126.8 122.1 116.4 125.3 119.1 129.2 124.4 117.9 120.2 134.0 138.5 139.2 135.9 135.5 133.2 123.9 135.9 133.7 121.6 135.5 136.9 136.7 135.8 136.2 136.1 138.0 145.4 147.2 149.6 151.0 147.6 141.4 142.8 146.5 145.8 146.6 146.2 149.7 151.5 151.3 151.8 151.7 154.0 154.7 153.9 154.2 155.3 152.4 150.1 151.2 151.8 153.6 161.3 158.1 149.3 137.2 132.9 128.7 124.8 123.2 120.4 120.4 119.6 114.5 105.6 108.9 108.2 93.3 77.1 77.5
137.5 135.7 134.5 137.3 123.7 123.1 134.5 119.4 121.5 134.5 136.6 128.3 131.8 125.2 139.6 141.5 141.1 142.2 143.1 129.0 138.1 136.9 123.8 132.1 139.4 138.1 136.8 137.2 136.1 136.6 138.7 142.3 143.6 145.5 146.8 146.8 140.9 143.7 141.2 143.9 144.8 146.1 148.9 152.7 148.7 147.3 149.0 150.5 151.9 151.5 150.9 149.8 148.3 153.3 158.1 153.4 156.3 159.2 157.1 149.3 139.7 137.6 134.5 132.8 133.4 131.8 127.2 126.5 116.4 116.1 113.4 101.5 105.2 100.0
141.9 141.2 139.3 138.1 124.9 122.4 135.4 135.0 120.3 127.0 141.4 139.1 133.8 129.3 140.5 144.6 145.3 147.1 142.0 134.3 140.4 136.3 129.8 127.6 134.5 137.8 139.7 139.8 137.5 136.9 139.7 139.6 138.9 143.4 144.0 148.1 148.0 142.7 144.1 141.5 145.8 146.7 145.3 145.6 145.6 144.8 144.8 143.3 145.4 144.6 146.3 144.8 146.6 151.1 155.3 153.3 157.5 157.1 160.2 156.8 147.3 142.7 136.2 133.3 135.4 133.9 129.6 131.0 128.4 120.4 117.5 117.3 117.4 117.2
153.2 145.0 143.0 139.9 128.1 126.8 138.6 141.0 132.6 128.7 142.4 144.1 135.0 138.3 139.9 147.5 149.2 149.4 136.4 144.1 144.6 130.5 141.1 131.8 134.8 138.5 140.7 141.2 139.7 138.8 138.4 140.5 143.4 143.8 144.6 144.6 149.8 146.0 145.4 143.2 141.3 143.6 142.8 142.4 145.1 144.9 142.9 141.6 141.4 139.7 140.9 142.9 147.7 146.3 145.7 154.6 159.9 160.2 157.8 159.8 154.3 146.8 143.8 138.2 136.3 135.8 134.3 133.0 129.9 128.7 124.9 122.1 122.9 121.4
162.8 151.2 147.5 143.8 132.8 130.6 142.8 146.0 140.1 135.9 138.1 145.7 142.8 146.9 140.6 152.7 154.0 153.9 148.1 149.4 145.5 137.2 142.9 130.9 140.9 139.6 131.1 134.5 139.4 140.8 140.1 139.2 142.2 145.3 146.8 144.5 148.4 149.2 145.1 144.0 141.2 141.7 139.9 138.8 139.6 142.8 141.1 139.6 140.7 137.2 137.7 142.9 143.0 140.5 148.0 159.8 163.4 162.5 159.6 158.6 158.2 152.7 147.9 147.8 143.9 136.3 134.6 134.5 133.3 133.3 133.2 123.6 122.9 120.2
171.0 169.7 154.5 147.2 145.4 139.7 145.2 152.7 150.0 139.8 141.9 143.6 151.1 151.7 132.7 149.0 155.7 156.1 152.7 152.2 139.2 145.8 134.0 144.9 141.5 129.3 126.3 140.7 143.0 142.2 143.1 142.4 140.3 140.9 146.9 146.3 150.5 150.4 146.3 142.7 141.1 142.7 141.2 138.2 138.2 140.3 142.8 139.5 138.0 137.5 143.6 143.3 139.3 140.2 157.1 167.9 168.0 167.3 165.7 157.9 154.9 152.4 150.9 151.4 150.2 141.1 136.6 135.3 134.0 132.9 132.6 125.5 124.1 122.0
174.5 176.2 173.2 160.1 156.6 151.5 146.3 155.7 154.1 144.1 146.1 145.2 157.0 156.3 141.7 151.2 151.8 157.3 153.8 151.8 140.5 150.0 143.5 153.8 142.4 148.9 137.4 137.6 144.2 142.9 143.4 144.3 142.1 142.0 141.7 145.2 146.0 153.1 147.1 142.7 140.9 142.0 140.9 138.3 137.6 137.8 139.0 139.0 137.5 140.1 145.2 143.6 139.3 141.1 158.2 171.7 170.4 167.6 167.3 159.7 153.1 150.6 150.6 148.6 150.5 150.3 141.3 139.6 136.7 133.7 131.9 128.4 124.1 122.6
184.5 181.5 183.7 181.7 167.5 159.3 138.6 157.3 158.2 145.1 146.7 152.6 158.0 163.0 143.8 161.1 149.4 162.3 160.7 155.8 143.1 147.5 155.5 160.9 150.6 161.4 151.9 133.4 140.6 148.9 146.1 145.5 144.8 144.5 142.7 142.2 142.7 156.4 149.6 143.0 142.2 140.3 140.5 141.2 138.8 138.7 137.9 137.9 142.8 142.3 142.8 140.3 139.4 144.2 163.6 174.7 174.1 172.5 170.3 164.0 159.1 151.7 150.1 148.2 148.4 152.8 147.7 139.9 137.3 135.2 130.1 125.0 114.5 110.6
192.5 190.1 190.6 189.9 185.9 170.2 157.8 159.5 164.0 157.7 151.6 158.5 157.9 160.2 151.2 161.4 156.8 164.9 165.2 163.6 150.7 160.1 152.9 168.1 163.5 166.1 157.1 138.5 134.1 146.8 149.3 147.9 147.6 146.8 145.9 142.3 141.5 153.4 157.2 142.8 142.3 142.3 140.2 140.2 139.5 137.2 136.7 137.8 140.7 144.4 141.8 139.0 139.5 145.3 164.4 178.7 178.0 175.2 171.8 167.5 161.0 153.0 152.6 148.8 150.4 149.9 149.0 141.4 140.6 138.7 129.4 119.2 105.5 92.1
195.5 199.0 198.4 197.1 193.5 190.1 172.2 160.8 166.2 170.3 169.5 157.5 155.6 165.0 155.8 169.1 170.0 160.3 170.0 169.1 155.9 164.8 149.9 165.8 170.2 168.9 149.2 156.3 145.4 146.8 149.2 150.4 148.7 146.3 145.2 143.8 142.7 148.5 157.8 146.6 144.0 143.4 142.5 140.3 139.4 137.4 134.5 137.6 139.2 142.3 140.8 138.4 138.2 141.5 162.5 180.4 181.0 178.0 173.3 171.3 165.6 156.1 156.5 154.2 149.0 150.2 149.1 146.7 145.2 144.2 134.7 115.6 98.7 90.5
194.5 203.0 208.2 212.1 207.0 200.6 195.4 176.4 165.6 167.7 173.4 173.4 172.7 173.8 172.7 174.7 174.9 173.2 173.4 171.5 160.8 166.3 154.6 154.1 169.3 169.1 153.6 164.6 149.0 149.1 150.1 150.2 149.7 147.3 146.4 145.0 144.5 146.8 155.4 153.5 146.7 146.4 145.6 141.9 138.8 136.4 134.6 135.9 137.4 140.3 140.8 139.0 138.2 142.7 155.7 178.4 183.2 180.4 175.7 171.8 167.9 161.9 158.9 156.6 155.5 152.9 152.5 152.9 148.8 149.4 152.6 129.8 100.6 90.4
192.6 201.0 215.1 222.1 222.5 212.5 206.8 189.6 177.0 170.1 170.4 174.6 174.8 177.4 179.3 178.8 177.4 176.3 175.1 173.0 168.9 171.3 166.9 156.7 169.8 170.8 167.2 153.4 155.3 155.4 153.4 151.0 151.6 150.8 147.7 145.7 146.0 146.2 153.2 159.2 150.0 148.1 146.9 143.3 140.2 138.3 136.7 137.5 139.1 142.9 140.5 140.3 140.0 141.8 150.9 177.1 182.7 181.3 175.9 168.0 166.1 165.1 163.8 162.7 160.0 157.4 153.9 151.1 149.6 156.5 159.1 151.7 119.3 94.3
177.8 189.1 208.8 224.2 231.3 230.6 217.7 202.4 186.0 180.1 180.7 179.1 178.3 179.2 179.4 177.0 175.9 174.1 174.5 174.1 172.9 173.7 172.4 169.0 173.6 172.3 163.1 164.9 165.4 162.3 157.0 155.1 154.5 154.0 151.6 148.6 146.4 146.5 147.0 157.0 160.7 152.5 149.3 145.2 143.3 142.3 141.7 140.6 137.9 139.5 141.5 141.9 142.6 144.8 149.6 163.5 181.8 181.6 178.0 171.0 171.2 168.3 164.9 165.3 162.7 161.4 150.2 149.7 159.3 165.1 163.0 158.9 142.2 108.8
146.1 164.2 188.5 212.9 231.9 245.0 235.2 216.3 200.4 192.8 185.7 182.7 181.6 181.8 181.5 180.5 176.9 166.6 165.8 170.8 173.3 174.6 175.3 174.2 175.3 173.1 170.8 171.6 168.7 166.1 160.7 153.8 143.4 150.4 153.7 154.0 149.0 147.1 147.4 149.3 161.3 160.7 149.9 147.6 145.8 144.3 144.0 142.0 140.3 138.6 142.3 142.2 144.7 146.5 147.5 160.2 181.8 181.0 181.3 180.9 180.7 172.5 169.2 165.8 166.1 163.9 157.9 160.0 169.2 171.7 164.6 163.4 152.9 125.7
129.6 145.1 171.4 185.9 212.8 241.7 251.4 239.0 215.6 204.9 192.0 186.1 184.7 184.9 185.6 186.9 185.4 177.0 161.5 162.2 167.5 172.0 174.8 175.5 176.3 176.1 173.6 172.6 168.1 165.1 164.6 149.7 156.1 155.8 156.1 153.6 150.8 148.9 145.3 147.9 153.5 160.1 156.6 153.0 149.8 147.8 144.6 143.2 141.7 140.3 139.2 141.6 144.9 146.2 147.2 150.9 164.4 177.9 181.4 185.4 184.6 178.7 173.3 170.5 170.0 165.5 161.1 161.3 168.7 175.1 169.5 167.0 159.0 -9999.0
120.1 128.3 147.5 174.8 189.0 210.3 237.7 242.1 229.6 218.2 213.7 194.7 187.4 188.3 191.5 192.7 193.8 192.2 167.7 161.1 163.2 167.3 172.3 174.9 176.4 177.5 175.8 174.6 171.4 169.9 168.1 150.9 162.9 160.4 158.5 155.8 152.0 149.4 135.5 149.3 148.7 156.2 157.6 153.6 153.4 150.7 147.3 144.8 143.0 142.3 138.9 142.0 145.4 149.1 148.4 150.1 152.8 164.1 177.0 183.7 186.6 185.1 179.1 175.9 170.4 168.9 163.0 164.6 169.8 172.0 174.5 169.9 165.4 -9999.0
117.3 120.9 128.8 149.9 181.4 193.5 210.9 226.6 236.0 222.1 219.1 214.4 197.3 195.7 198.1 197.6 197.7 200.5 193.1 166.0 163.7 168.0 170.9 173.4 174.2 175.1 176.9 173.6 170.9 169.8 167.0 158.8 167.7 166.2 161.7 157.7 154.3 151.6 138.5 151.6 151.5 157.4 159.7 158.7 156.2 151.1 148.2 146.1 143.9 141.0 138.6 138.9 143.6 148.2 152.1 154.7 156.2 162.4 170.5 180.7 185.8 187.0 186.1 181.7 176.4 171.5 166.9 168.2 169.9 171.3 173.8 170.7 165.4 -9999.0
116.2 117.5 123.7 135.6 159.8 184.5 199.1 214.0 227.1 220.6 218.3 218.3 209.7 202.2 201.3 201.7 201.9 205.8 206.5 195.0 169.7 163.7 164.8 168.4 169.8 171.3 177.1 166.7 165.4 164.8 159.6 163.7 169.8 165.9 163.0 159.7 146.0 141.5 137.9 152.9 153.1 152.6 162.7 161.1 158.3 155.9 151.0 148.9 145.7 142.2 138.7 138.2 138.4 144.2 150.2 161.1 163.1 167.3 167.4 175.2 180.2 185.9 186.8 181.9 176.7 174.4 170.6 168.7 171.7 171.4 172.4 172.0 -9999.0 -9999.0
116.2 116.8 118.7 129.2 153.3 179.1 198.1 207.8 217.6 216.0 215.9 219.8 218.0 210.2 208.4 206.4 206.4 207.8 208.9 208.6 192.9 168.3 156.8 159.0 164.3 166.4 174.7 173.9 164.5 172.9 172.4 172.3 171.8 166.8 156.4 153.2 159.8 155.2 141.4 152.0 154.0 150.5 157.8 162.2 160.0 156.6 155.8 151.2 148.0 146.8 143.3 141.1 137.2 137.8 146.0 155.1 163.9 169.6 166.7 170.7 175.3 181.3 182.7 178.2 176.2 175.4 172.1 169.5 171.8 170.4 171.3 -9999.0 -9999.0 -9999.0
117.3 116.2 116.9 120.0 140.1 172.5 193.6 201.9 209.0 210.0 213.8 217.4 225.2 218.3 213.6 208.8 207.2 207.8 210.0 210.2 209.9 189.2 161.5 155.1 158.7 161.3 169.4 176.4 175.9 174.1 172.5 171.4 171.5 161.7 167.7 169.6 166.9 161.0 147.9 151.8 154.0 151.5 151.4 161.9 163.1 160.1 158.1 154.7 151.5 149.8 147.8 143.8 139.1 139.4 147.3 154.8 160.1 161.9 162.8 165.0 173.2 173.3 177.9 174.6 177.4 178.9 168.2 141.2 121.0 -9999.0 -9999.0 -9999.0 -9999.0 -9999.0
120.0 116.9 117.1 117.9 125.3 156.2 183.8 192.3 199.6 197.5 207.9 213.8 223.3 224.8 218.3 213.3 207.6 208.1 209.3 210.3 211.4 207.9 190.6 157.8 153.8 157.7 164.8 176.6 178.0 175.3 172.8 172.3 173.9 166.7 166.0 173.0 169.4 164.6 150.1 150.8 155.6 152.8 150.7 156.2 166.5 164.5 161.4 158.4 156.4 153.8 152.3 147.3 145.2 142.8 147.3 154.3 158.4 155.3 155.1 157.6 161.0 162.5 173.9 175.6 176.0 172.2 -9999.0 -9999.0 -9999.0 -9999.0 -9999.0 -9999.0 -9999.0 -9999.0
