data/case_study_destine/merger_hmc_by_domain/geo/PugliaDomain.dem.txt
ncols   377
nrows   289
xllcorner    16.6225
yllcorner    39.7399
cellsize    0.005009
NODATA_value -9999
[rows 99 to 131 of 289, columns 74 to 147 of 377]
374.7 374.2 357.7 367.5 373.7 384.6 390.4 373.6 388.3 395.3 394.8 389.8 398.3 406.4 417.8 427.5 447.6 452.5 453.0 457.9 464.7 475.5 485.5 503.7 496.1 488.4 488.1 491.7 497.4 502.0 505.1 505.0 509.8 514.1 519.9 533.3 542.7 547.8 544.2 547.3 549.3 554.9 565.9 570.2 569.3 569.2 565.9 562.0 561.6 562.5 562.3 559.2 545.0 538.1 528.5 530.2 520.5 509.9 496.6 489.2 496.2 502.6 504.9 502.0 494.8 484.1 482.9 475.9 483.4 498.4 492.7 493.4 499.2 494.3
359.8 362.3 345.1 364.1 370.0 375.7 365.0 365.7 369.2 373.7 383.9 401.1 416.8 429.2 437.0 446.5 461.2 466.2 468.3 471.2 479.4 493.1 502.3 503.8 494.7 492.3 489.1 489.1 494.1 496.4 499.5 505.2 507.0 511.0 520.3 526.6 532.2 541.3 541.3 543.8 553.1 552.3 562.2 573.8 570.3 564.7 561.1 563.2 561.5 558.9 554.0 549.7 539.0 541.8 545.7 544.6 529.9 515.6 497.6 493.6 492.3 490.5 499.6 503.6 495.1 489.3 481.4 479.5 482.7 483.9 473.6 475.2 473.8 473.0
341.9 340.2 358.5 375.2 380.6 379.9 356.5 381.3 389.7 395.4 402.0 422.6 431.2 440.2 447.3 459.3 469.0 478.6 491.1 499.4 504.9 507.0 505.5 502.6 497.8 497.5 495.3 492.0 493.8 496.1 499.3 502.0 505.5 509.9 515.9 520.9 525.0 535.7 539.0 537.0 547.7 549.8 552.9 559.5 563.7 559.6 553.3 556.6 557.2 561.6 563.8 553.7 558.0 559.6 556.8 553.0 544.9 540.9 520.8 492.0 485.1 481.8 491.8 502.5 499.3 498.6 485.1 481.5 480.2 477.9 477.8 471.0 465.2 467.4
334.9 334.9 331.2 343.4 362.9 370.8 359.8 385.0 390.8 397.7 406.9 424.8 440.4 444.1 449.1 462.1 477.5 489.5 502.4 505.3 504.4 498.9 500.9 496.8 497.9 498.5 499.4 501.5 502.5 504.2 507.6 508.0 508.9 510.1 513.5 514.8 516.0 523.4 526.3 525.9 537.0 538.6 540.0 540.0 541.4 550.9 546.0 547.2 542.6 551.7 562.6 568.2 566.5 569.8 564.4 552.2 546.2 538.7 531.3 507.8 486.3 481.1 484.4 493.6 497.5 498.8 487.9 484.7 488.4 478.7 471.1 469.3 469.8 473.7
329.2 330.7 333.2 337.7 339.4 333.9 358.0 374.8 387.4 392.7 395.4 398.5 409.7 426.7 441.1 460.8 477.6 486.6 485.4 477.5 474.5 472.4 472.3 474.7 478.5 486.5 490.3 495.6 500.4 506.9 511.7 511.3 511.9 512.9 503.0 510.8 511.8 502.9 514.0 525.0 532.3 533.2 532.6 534.6 541.1 545.0 541.6 543.6 538.1 535.6 536.3 544.3 549.2 544.3 546.7 553.0 548.8 537.0 525.0 515.4 495.9 483.0 480.2 483.2 490.7 491.2 484.1 486.0 488.1 480.2 476.7 472.3 476.6 487.1
325.6 325.9 328.6 327.9 322.6 337.0 343.9 358.7 369.3 377.5 384.7 386.1 384.7 389.5 404.3 442.1 462.4 471.1 454.2 451.4 457.7 463.2 463.7 454.5 456.1 464.9 472.5 486.4 498.0 503.0 509.4 503.2 507.6 512.1 504.1 496.1 510.5 492.0 501.3 514.6 521.9 527.1 522.4 520.2 535.9 541.6 539.2 542.3 536.5 530.7 528.4 520.7 513.4 512.7 529.5 549.3 548.0 545.8 543.4 524.9 510.2 489.9 483.2 484.4 486.4 489.0 481.7 482.3 478.2 472.7 471.5 471.8 479.3 485.9
321.2 322.7 318.5 317.3 332.0 332.2 334.7 339.4 345.4 354.9 364.3 369.9 371.4 369.9 382.9 401.5 423.3 427.0 454.5 468.7 472.4 475.1 475.1 475.2 456.3 439.5 464.9 482.7 493.1 504.2 510.0 505.1 483.0 485.1 468.1 469.9 499.4 476.0 490.9 501.7 496.3 508.6 513.9 510.5 521.5 530.1 528.3 533.6 534.8 527.8 524.4 518.9 507.2 499.3 511.0 524.6 538.2 546.8 547.8 542.7 529.3 507.6 500.3 492.1 488.8 484.7 484.3 489.9 482.0 472.3 467.1 467.5 476.0 478.9
319.8 312.7 314.4 326.9 328.9 332.9 336.1 339.6 346.4 358.1 359.3 362.0 368.2 353.0 358.7 359.9 385.8 424.5 437.2 431.5 446.2 458.6 476.7 501.2 487.0 423.1 472.8 464.7 470.5 471.0 483.0 484.8 484.2 461.7 424.2 428.9 434.4 440.7 470.3 468.4 470.8 487.4 482.6 499.7 514.3 514.2 521.0 530.4 523.5 518.2 512.4 511.6 506.6 482.5 497.2 493.9 515.1 529.2 547.5 543.6 533.2 524.9 522.6 506.1 497.4 488.3 484.2 487.9 483.8 476.8 471.1 469.6 469.3 468.5
311.7 319.2 327.2 327.6 329.1 333.7 336.7 340.0 348.5 363.5 367.4 364.0 358.6 336.6 317.3 338.6 356.3 372.9 382.3 377.8 400.3 427.1 440.6 452.9 451.9 399.0 434.0 435.1 428.7 435.9 432.9 428.9 427.5 424.8 414.6 400.3 408.9 400.0 418.7 445.1 433.7 469.9 499.3 510.5 512.1 518.6 520.6 519.0 506.3 492.1 466.9 446.4 439.1 439.9 475.6 481.9 486.1 504.8 524.7 530.1 524.8 518.1 505.5 501.0 500.3 488.5 484.0 487.2 489.6 479.5 479.0 479.1 479.6 473.1
326.8 331.4 334.2 335.5 337.2 342.3 344.2 347.1 355.0 366.0 364.2 345.0 329.6 325.4 297.6 315.7 328.5 332.3 339.4 343.9 336.1 346.0 369.9 384.2 396.7 366.3 394.2 395.1 398.8 407.6 412.0 402.4 410.8 398.4 388.2 366.6 375.1 382.9 405.1 415.4 399.3 451.0 504.3 513.6 522.2 522.2 518.1 505.9 482.8 448.1 425.9 418.8 415.8 415.1 412.8 436.1 453.3 469.1 489.5 502.8 510.5 513.0 502.9 491.9 497.5 492.9 494.6 489.9 485.1 481.4 489.6 492.9 487.3 477.2
332.8 331.6 338.8 344.8 350.8 377.8 381.2 370.4 376.4 371.4 348.8 336.7 335.4 327.1 311.6 287.1 312.0 306.2 315.3 313.6 308.6 313.3 311.8 322.6 338.0 334.1 352.8 353.0 360.5 362.1 365.0 360.2 360.3 355.4 348.7 347.8 346.0 349.8 371.7 383.1 375.9 402.4 434.0 432.5 467.9 479.4 496.9 482.5 482.8 458.0 412.1 400.2 395.6 394.5 391.0 396.5 415.1 478.5 492.5 493.8 508.5 506.9 498.1 486.4 493.6 490.7 484.0 483.8 486.8 483.9 484.9 491.6 491.8 487.8
322.6 323.0 332.8 334.9 335.1 344.7 384.4 397.4 420.8 389.2 341.6 326.9 320.2 316.9 311.4 278.9 303.2 294.8 302.0 300.3 297.7 309.1 305.9 298.1 301.9 296.0 322.3 326.7 337.1 336.7 341.9 342.2 339.9 336.4 333.5 336.4 325.2 332.0 347.4 349.0 373.1 386.5 390.8 395.5 401.1 413.7 448.1 444.5 426.1 400.0 390.5 383.0 376.7 374.3 374.2 383.2 389.8 416.8 459.8 475.2 493.5 493.8 481.3 475.7 490.2 482.9 471.3 468.3 477.9 475.2 483.4 486.8 483.3 484.4
300.8 306.3 320.2 326.1 328.6 329.6 329.1 330.1 345.2 354.8 334.3 323.6 296.0 285.9 281.8 274.4 283.3 274.0 279.7 280.6 289.5 305.4 301.1 288.7 278.8 276.9 297.4 306.1 309.9 316.6 326.3 331.2 332.8 326.4 325.0 320.1 319.3 334.3 341.4 342.7 378.3 382.7 389.3 389.1 387.6 387.7 391.2 403.5 399.0 376.8 363.8 358.9 356.1 353.9 360.0 361.2 361.3 375.6 392.4 428.5 448.9 473.9 462.3 452.6 461.8 459.1 454.0 458.2 466.7 468.8 475.8 477.3 471.1 468.6
264.7 270.1 274.1 273.2 288.4 286.5 278.7 276.6 254.4 266.8 281.9 288.8 267.0 247.8 249.0 226.7 259.7 255.5 244.1 263.8 281.1 298.1 289.4 261.5 280.3 299.0 301.8 299.8 303.3 310.3 319.4 326.2 334.4 328.7 318.9 310.9 326.0 327.7 338.8 329.4 342.9 361.7 380.2 387.9 386.2 384.2 383.3 379.9 369.6 353.5 346.3 341.0 338.8 336.7 336.3 341.2 338.8 335.1 350.5 378.6 408.1 446.1 447.0 423.2 435.1 428.5 435.8 439.8 453.3 458.9 460.8 462.8 460.6 456.1
236.3 231.6 228.8 223.8 225.7 225.8 220.9 224.2 218.9 213.6 221.6 236.4 229.9 222.7 221.0 206.3 227.9 223.9 211.1 221.3 233.0 253.3 257.2 240.3 274.7 291.8 291.4 288.3 308.1 319.0 331.0 330.3 336.1 330.0 311.8 296.7 317.0 308.7 309.0 312.1 319.6 324.9 331.9 343.6 346.5 352.9 360.3 358.6 354.0 338.3 333.6 332.9 329.0 325.5 324.0 324.5 324.5 320.3 321.4 340.5 376.7 386.4 387.1 381.0 394.8 385.8 386.3 399.2 426.8 443.9 446.7 444.0 446.7 443.2
204.0 205.2 199.6 196.7 194.5 189.9 188.3 189.9 189.4 182.8 186.3 196.2 202.3 201.3 194.0 186.7 199.4 203.4 196.6 194.2 214.0 226.6 215.7 237.8 258.7 256.9 270.9 297.8 313.1 330.1 336.7 337.6 338.3 331.7 313.3 291.4 305.1 308.2 287.3 298.4 305.9 307.0 314.3 319.6 327.0 327.9 329.7 326.9 331.8 331.0 326.0 324.2 321.9 318.8 316.9 312.4 312.0 312.8 313.8 322.7 324.9 322.1 327.3 343.8 361.4 369.4 360.2 355.4 372.7 396.5 411.7 398.3 409.0 403.6
177.8 178.5 176.4 169.7 164.7 162.5 163.3 162.4 158.5 153.1 154.7 164.7 172.6 174.1 163.2 164.4 178.0 183.4 169.0 191.5 202.4 196.2 188.2 216.5 219.0 236.9 266.3 280.1 294.1 329.7 344.6 345.7 343.3 337.1 328.5 307.5 296.9 306.1 285.8 279.2 294.9 297.6 304.8 304.9 302.5 306.0 307.5 313.4 317.5 319.1 318.6 317.9 315.6 314.6 312.0 308.4 302.7 303.3 308.2 309.6 307.0 301.6 304.4 305.9 300.4 310.6 309.3 311.4 321.3 330.7 317.3 306.4 306.6 303.3
147.3 144.8 145.1 144.6 141.3 141.7 141.7 137.8 133.7 128.9 126.8 130.0 134.8 138.6 134.7 138.9 153.2 155.4 152.0 176.9 178.1 168.2 190.8 184.4 198.1 220.6 234.0 247.3 271.4 303.0 324.6 345.1 346.6 344.2 340.9 321.3 289.8 299.4 292.8 267.2 296.2 291.1 288.0 293.0 289.4 288.9 286.2 307.3 317.8 321.6 320.5 316.8 315.1 312.6 309.8 307.2 306.3 296.8 282.7 282.6 299.9 295.6 282.2 284.1 270.2 273.8 289.3 292.9 292.3 292.5 290.5 287.6 286.2 283.2
132.9 130.0 130.7 129.5 127.3 126.5 126.2 124.4 121.2 118.7 116.9 115.5 113.9 120.3 119.2 121.8 126.8 127.1 131.6 153.8 147.7 169.5 168.2 168.3 195.2 204.5 202.3 217.6 244.8 274.2 283.9 308.5 336.0 340.4 307.0 284.3 267.8 278.1 274.0 252.8 277.0 275.5 267.4 280.6 273.8 265.1 289.3 318.7 328.2 328.1 324.3 319.6 315.3 314.1 312.4 308.6 306.6 307.2 304.6 283.0 286.7 288.9 265.3 246.2 249.5 238.7 270.3 288.0 285.0 282.2 278.5 275.3 272.9 270.3
126.0 125.0 123.6 121.7 118.9 117.9 118.1 117.3 114.2 111.3 109.6 108.0 109.4 112.9 106.6 113.9 115.6 110.0 114.9 123.8 119.4 157.4 142.5 173.7 170.0 179.3 193.8 215.6 231.6 245.1 261.8 272.5 283.4 307.0 292.3 275.9 248.2 260.1 257.5 247.8 247.5 253.3 253.3 257.4 259.0 258.9 291.8 317.3 328.5 329.6 326.1 324.8 321.8 317.1 312.6 310.5 308.2 304.0 302.2 298.4 286.3 286.7 287.7 290.9 287.8 264.8 226.1 252.7 276.1 275.1 272.4 269.9 266.9 265.2
123.2 122.4 121.2 119.5 114.0 112.8 110.0 107.5 106.0 104.2 103.0 102.7 104.2 106.2 100.0 103.9 107.0 96.9 109.1 112.1 103.2 110.6 124.2 147.8 166.7 174.6 184.5 197.0 214.9 225.4 236.4 242.8 244.8 256.7 268.4 259.9 238.0 245.7 248.3 248.5 224.8 238.3 240.7 247.1 251.5 253.2 287.6 308.5 325.4 330.3 329.4 327.7 327.2 324.6 320.0 311.1 305.0 302.1 302.3 302.9 298.7 293.6 288.0 282.7 280.1 274.8 235.5 202.3 241.5 252.0 241.4 262.9 262.3 261.3
120.1 117.9 114.7 111.1 108.1 104.2 102.9 100.7 100.5 101.0 100.6 99.5 100.4 101.0 98.2 94.7 101.7 97.0 104.0 105.5 98.8 90.5 104.8 116.3 148.2 156.6 162.3 173.9 185.1 197.8 213.4 217.2 228.8 234.3 242.6 249.6 231.0 244.5 248.0 241.1 210.4 212.2 225.0 233.9 237.3 260.9 289.9 315.3 324.2 331.8 333.5 330.5 329.2 328.0 324.0 317.1 307.9 304.7 300.4 293.1 290.2 287.9 284.5 279.1 274.2 273.0 272.4 250.7 190.4 216.5 214.0 258.5 261.0 260.7
110.0 109.5 107.0 103.7 101.2 87.5 99.1 99.6 101.6 102.1 98.5 96.8 97.0 98.0 87.4 94.0 97.3 97.4 96.8 97.6 93.4 83.9 91.6 101.7 112.6 134.7 142.2 153.8 163.1 175.2 187.4 201.0 213.6 220.2 235.3 254.4 238.6 223.3 233.8 227.1 216.6 204.8 236.5 246.7 253.6 256.4 268.2 295.6 303.7 317.7 328.0 327.5 325.8 325.2 321.7 318.8 314.0 310.0 301.2 294.0 289.4 284.7 278.3 274.3 271.3 269.3 268.6 262.3 233.4 192.5 180.1 247.8 256.7 255.0
102.4 103.2 101.8 99.5 98.5 89.0 82.2 93.7 95.7 95.5 93.6 94.0 93.6 94.0 80.7 94.8 94.3 93.6 92.5 92.1 89.1 82.0 85.1 93.6 99.6 106.7 119.8 139.2 146.3 156.2 168.2 178.2 188.7 200.1 211.2 223.4 236.3 222.8 199.7 198.4 221.4 230.9 237.5 236.5 236.9 228.6 232.5 237.1 239.7 251.5 281.2 295.9 301.4 302.6 307.8 306.4 303.7 297.5 294.0 292.5 292.8 286.0 272.3 269.6 266.4 260.4 257.7 255.2 260.2 213.5 160.4 197.7 205.3 226.7
84.0 97.6 97.8 97.2 95.0 93.0 89.3 80.0 78.6 84.9 90.8 92.0 93.0 83.7 85.3 93.2 92.5 91.8 91.6 89.1 86.3 71.2 75.2 90.1 92.3 96.4 100.5 125.0 135.7 146.9 155.9 158.9 167.5 175.4 184.5 195.2 211.6 218.0 206.1 199.4 218.0 217.6 216.2 214.1 213.8 211.0 210.9 212.4 211.7 217.2 225.2 234.2 243.7 254.6 270.6 283.2 281.0 271.3 267.4 273.2 285.5 289.7 281.4 264.9 260.4 249.3 231.7 228.2 248.6 203.2 172.5 152.1 175.7 203.5
84.5 74.7 83.5 92.0 92.5 92.7 92.8 92.6 90.4 75.5 84.1 89.7 90.8 75.1 91.0 91.9 91.5 90.1 89.6 89.2 86.8 81.3 71.7 86.8 89.1 89.1 93.8 104.4 119.6 130.2 140.5 148.8 151.8 157.5 165.6 172.1 181.9 191.3 186.2 187.5 196.5 199.3 201.4 200.5 197.0 191.8 191.9 190.3 189.2 192.2 198.9 211.9 219.8 234.0 242.9 243.8 245.3 242.2 240.1 240.5 252.1 272.9 278.0 261.2 254.5 238.3 215.4 213.1 233.1 205.1 169.0 147.1 168.3 184.7
95.9 88.5 76.5 71.2 94.4 95.0 95.0 94.0 92.3 85.2 74.7 85.8 69.5 82.8 89.1 89.8 89.8 89.0 87.4 87.1 86.0 85.5 70.8 79.2 86.6 85.9 86.5 90.9 96.9 107.6 124.4 131.5 141.6 144.1 149.3 156.9 166.5 171.0 161.7 166.2 173.5 172.6 173.1 173.4 176.0 175.2 170.5 170.3 169.1 169.3 175.1 187.0 194.6 202.4 211.5 214.3 215.5 218.6 218.6 219.6 228.4 243.7 255.1 259.3 240.9 202.9 192.0 186.7 187.9 184.9 156.5 137.4 163.7 181.2
97.7 96.9 91.0 65.1 67.1 90.7 92.0 90.9 90.1 87.6 66.1 65.8 82.1 88.0 87.9 87.6 88.1 86.5 83.8 83.0 82.3 81.9 74.7 71.3 83.2 84.2 83.9 86.9 88.9 94.6 104.8 115.4 122.3 133.2 141.4 144.3 150.6 159.2 158.8 148.7 167.0 164.8 161.1 159.4 159.5 158.2 154.2 150.5 153.2 155.7 161.5 168.3 173.5 175.9 181.6 188.8 197.0 202.3 208.1 217.0 221.2 222.2 228.5 246.0 246.4 189.6 165.5 157.6 151.8 142.9 125.7 144.7 164.3 169.9
96.8 96.4 94.4 92.4 61.2 73.6 88.9 87.1 86.9 86.8 79.6 59.6 84.4 85.5 84.8 83.9 84.2 83.3 81.1 81.0 80.0 78.1 67.6 71.8 80.6 79.7 82.3 84.1 83.7 85.1 89.3 101.0 110.1 118.6 130.0 134.0 138.4 143.6 143.4 132.5 158.6 159.5 157.8 152.9 149.9 149.2 145.7 141.8 128.4 149.4 158.0 160.3 171.1 176.3 175.3 177.1 182.6 190.8 198.9 202.7 204.9 209.4 212.5 220.2 223.7 202.1 152.3 139.2 139.5 118.6 132.7 150.2 153.0 155.4
95.8 93.1 91.9 90.4 74.6 59.1 86.9 86.0 84.9 83.3 82.8 68.1 67.7 79.0 79.5 80.4 80.7 80.3 78.1 75.9 72.8 68.5 63.2 53.4 61.8 67.1 71.0 73.0 75.1 78.7 80.9 88.6 100.2 107.5 111.7 116.8 124.5 129.8 124.4 124.4 139.2 145.6 149.1 146.9 129.4 136.7 135.3 134.1 124.1 126.9 142.7 154.8 164.5 170.2 171.4 176.4 178.2 183.2 188.4 187.7 187.6 191.4 199.1 206.3 202.8 195.5 164.8 136.8 132.0 116.0 123.5 130.3 132.8 133.9
92.7 90.9 87.9 86.5 72.5 53.6 82.1 82.3 82.3 81.8 80.8 78.3 53.2 67.8 70.5 71.5 72.3 72.9 70.7 67.4 64.0 54.8 55.6 61.9 66.2 68.4 66.6 66.7 64.3 60.4 66.6 76.4 85.3 93.3 100.2 104.5 108.0 112.0 103.4 117.1 118.4 126.4 133.5 135.6 128.0 120.5 129.0 129.7 117.9 119.8 130.2 140.4 147.8 154.3 157.9 159.6 166.7 173.0 173.0 170.6 168.0 171.0 180.6 187.3 187.4 176.2 167.6 148.5 125.6 118.4 113.5 122.5 125.3 127.2
88.1 85.7 81.7 77.5 74.0 46.4 71.8 79.3 77.2 75.9 74.5 71.0 62.0 43.2 59.0 62.1 64.4 66.2 66.1 61.1 56.7 48.5 49.9 56.7 61.8 64.2 64.6 65.6 64.4 64.4 63.7 54.1 71.8 79.6 84.0 93.9 99.2 92.1 100.7 107.2 106.3 106.7 111.4 119.8 113.8 112.0 123.2 125.6 114.2 119.0 126.5 133.8 137.6 139.9 144.5 145.7 148.4 153.4 154.6 155.3 153.3 154.5 159.6 164.5 168.9 164.7 151.6 149.8 128.2 116.6 101.8 117.2 118.9 119.7
83.7 83.4 80.1 74.4 65.1 42.4 61.2 71.8 70.8 68.4 66.7 63.0 57.4 41.3 36.9 44.2 47.5 51.3 49.9 46.9 43.8 38.4 33.8 43.1 48.4 54.9 57.4 59.6 59.8 58.7 57.7 57.1 46.4 65.4 65.0 63.8 74.1 88.3 101.5 105.2 106.2 108.4 109.7 111.9 94.3 94.7 109.2 110.0 101.2 90.8 105.3 115.3 123.4 127.6 128.6 130.6 136.2 139.8 140.2 140.4 140.1 141.5 140.9 142.5 149.4 152.6 139.1 129.6 125.5 113.4 99.4 112.8 114.2 114.6
