data/case_study_destine/merger_hmc_by_domain/geo/PugliaDomain.dem.txt
ncols   377
nrows   289
xllcorner    16.6225
yllcorner    39.7399
cellsize    0.005009
NODATA_value -9999
[rows 99 to 131 of 289, columns 222 to 295 of 377]
141.1 136.3 126.6 121.4 120.2 115.4 96.1 87.7 85.8 82.8 79.4 74.9 71.7 71.5 62.0 58.1 68.3 64.1 49.5 -9999.0 -9999.0 -9999.0 -9999.0 -9999.0 -9999.0 -9999.0 -9999.0 -9999.0 -9999.0 -9999.0 -9999.0 -9999.0 -9999.0 -9999.0 -9999.0 -9999.0 -9999.0 -9999.0 -9999.0 -9999.0 -9999.0 -9999.0 -9999.0 -9999.0 -9999.0 -9999.0 -9999.0 -9999.0 -9999.0 -9999.0 -9999.0 -9999.0 -9999.0 -9999.0 -9999.0 -9999.0 -9999.0 -9999.0 -9999.0 -9999.0 -9999.0 -9999.0 -9999.0 -9999.0 -9999.0 -9999.0 -9999.0 -9999.0 -9999.0 -9999.0 -9999.0 -9999.0 -9999.0 -9999.0
141.9 136.7 131.6 126.7 121.9 119.8 114.2 98.8 88.7 84.7 81.9 82.5 65.0 64.2 60.6 70.8 67.7 59.4 52.5 62.1 48.5 57.5 64.3 65.1 -9999.0 -9999.0 -9999.0 -9999.0 -9999.0 -9999.0 -9999.0 -9999.0 -9999.0 -9999.0 -9999.0 -9999.0 -9999.0 -9999.0 -9999.0 -9999.0 -9999.0 -9999.0 -9999.0 -9999.0 -9999.0 -9999.0 -9999.0 -9999.0 -9999.0 -9999.0 -9999.0 -9999.0 -9999.0 -9999.0 -9999.0 -9999.0 -9999.0 -9999.0 -9999.0 -9999.0 -9999.0 -9999.0 -9999.0 -9999.0 -9999.0 -9999.0 -9999.0 -9999.0 -9999.0 -9999.0 -9999.0 -9999.0 -9999.0 -9999.0
143.4 138.4 133.5 127.8 125.4 120.2 113.1 101.4 92.1 88.0 84.7 79.3 72.5 81.8 78.9 74.9 70.7 62.5 56.6 65.2 63.7 60.5 54.2 65.6 67.8 64.9 53.3 68.2 64.5 63.8 -9999.0 -9999.0 -9999.0 -9999.0 -9999.0 -9999.0 -9999.0 -9999.0 -9999.0 -9999.0 -9999.0 -9999.0 -9999.0 -9999.0 -9999.0 -9999.0 -9999.0 -9999.0 -9999.0 -9999.0 -9999.0 -9999.0 -9999.0 -9999.0 -9999.0 -9999.0 -9999.0 -9999.0 -9999.0 -9999.0 -9999.0 -9999.0 -9999.0 -9999.0 -9999.0 -9999.0 -9999.0 -9999.0 -9999.0 -9999.0 -9999.0 -9999.0 -9999.0 -9999.0
144.6 140.4 135.2 130.0 125.9 120.2 109.9 103.2 97.4 93.2 90.1 80.7 80.2 88.0 85.7 81.1 78.2 63.8 69.7 69.6 69.3 68.5 67.0 67.7 71.3 68.2 52.7 69.0 66.0 66.6 65.5 64.6 63.0 62.9 62.9 63.0 64.0 64.6 63.6 62.8 62.2 -9999.0 -9999.0 -9999.0 -9999.0 -9999.0 -9999.0 -9999.0 -9999.0 -9999.0 -9999.0 -9999.0 -9999.0 -9999.0 -9999.0 -9999.0 -9999.0 -9999.0 -9999.0 -9999.0 -9999.0 -9999.0 -9999.0 -9999.0 -9999.0 -9999.0 -9999.0 -9999.0 -9999.0 -9999.0 -9999.0 -9999.0 -9999.0 -9999.0
146.9 142.2 137.7 132.5 126.6 118.4 109.0 103.8 100.5 96.6 93.3 91.3 69.5 92.1 91.7 87.0 82.5 67.2 78.5 79.6 78.8 77.2 76.3 73.8 72.8 67.9 54.3 69.3 69.2 69.3 68.8 68.5 66.3 64.9 64.8 64.8 65.7 67.3 65.1 64.5 63.0 -9999.0 -9999.0 -9999.0 -9999.0 -9999.0 -9999.0 -9999.0 -9999.0 -9999.0 -9999.0 -9999.0 -9999.0 -9999.0 -9999.0 -9999.0 -9999.0 -9999.0 -9999.0 -9999.0 -9999.0 -9999.0 -9999.0 -9999.0 -9999.0 -9999.0 -9999.0 -9999.0 -9999.0 -9999.0 -9999.0 -9999.0 -9999.0 -9999.0
146.3 142.4 138.4 134.5 125.7 117.9 109.8 104.0 101.5 97.9 93.5 84.1 82.6 98.2 96.9 92.9 89.3 86.0 84.4 89.4 87.3 84.7 82.9 78.8 77.2 71.3 61.9 73.1 72.2 71.6 70.2 72.7 70.5 70.6 69.5 67.3 67.1 67.7 67.8 65.6 63.9 62.5 -9999.0 -9999.0 -9999.0 -9999.0 -9999.0 -9999.0 -9999.0 -9999.0 -9999.0 -9999.0 -9999.0 -9999.0 -9999.0 -9999.0 -9999.0 -9999.0 -9999.0 -9999.0 -9999.0 -9999.0 -9999.0 -9999.0 -9999.0 -9999.0 -9999.0 -9999.0 -9999.0 -9999.0 -9999.0 -9999.0 -9999.0 -9999.0
150.3 144.4 138.4 134.0 126.4 118.4 111.5 105.2 103.1 100.4 96.4 92.1 77.9 89.5 98.8 96.2 94.0 92.2 88.2 92.5 91.3 88.4 84.5 79.7 73.5 67.5 64.9 75.8 73.8 76.2 74.8 73.7 74.9 79.9 76.5 75.2 74.9 73.6 71.8 67.2 66.8 64.9 63.5 62.3 -9999.0 -9999.0 -9999.0 -9999.0 -9999.0 -9999.0 -9999.0 -9999.0 -9999.0 -9999.0 -9999.0 -9999.0 -9999.0 -9999.0 -9999.0 -9999.0 -9999.0 -9999.0 -9999.0 -9999.0 -9999.0 -9999.0 -9999.0 -9999.0 -9999.0 -9999.0 -9999.0 -9999.0 -9999.0 -9999.0
154.5 147.8 142.0 134.6 126.6 119.8 113.3 106.8 103.1 100.8 97.3 95.3 84.5 79.3 95.7 97.5 97.4 95.2 92.0 94.3 93.2 89.6 85.7 82.0 64.6 76.7 78.2 79.0 76.8 76.1 75.5 77.3 78.3 82.4 81.9 81.7 79.3 77.2 74.2 69.8 67.1 66.5 63.8 -9999.0 -9999.0 -9999.0 -9999.0 -9999.0 -9999.0 -9999.0 -9999.0 -9999.0 -9999.0 -9999.0 -9999.0 -9999.0 -9999.0 -9999.0 -9999.0 -9999.0 -9999.0 -9999.0 -9999.0 -9999.0 -9999.0 -9999.0 -9999.0 -9999.0 -9999.0 -9999.0 -9999.0 -9999.0 -9999.0 -9999.0
153.9 147.9 141.5 134.8 126.0 118.6 110.5 107.2 102.1 100.0 96.5 95.9 88.4 85.9 94.7 96.3 98.7 98.5 95.7 96.5 95.7 93.1 89.1 82.8 71.8 86.0 84.8 85.4 83.0 79.2 78.5 79.1 82.2 85.2 85.3 86.5 81.3 77.6 75.7 71.8 70.9 69.8 -9999.0 -9999.0 -9999.0 -9999.0 -9999.0 -9999.0 -9999.0 -9999.0 -9999.0 -9999.0 -9999.0 -9999.0 -9999.0 -9999.0 -9999.0 -9999.0 -9999.0 -9999.0 -9999.0 -9999.0 -9999.0 -9999.0 -9999.0 -9999.0 -9999.0 -9999.0 -9999.0 -9999.0 -9999.0 -9999.0 -9999.0 -9999.0
150.9 146.4 141.9 134.8 117.2 115.1 108.9 110.5 101.9 100.1 100.1 98.3 95.9 80.5 96.1 100.6 101.7 101.8 99.6 100.9 97.9 95.6 79.3 76.6 86.0 89.7 90.6 90.2 90.8 90.0 87.3 86.9 88.4 88.8 87.5 85.3 82.9 76.4 74.5 71.5 67.5 65.0 -9999.0 -9999.0 -9999.0 -9999.0 -9999.0 -9999.0 -9999.0 -9999.0 -9999.0 -9999.0 -9999.0 -9999.0 -9999.0 -9999.0 -9999.0 -9999.0 -9999.0 -9999.0 -9999.0 -9999.0 -9999.0 -9999.0 -9999.0 -9999.0 -9999.0 -9999.0 -9999.0 -9999.0 -9999.0 -9999.0 -9999.0 -9999.0
146.6 143.1 139.8 133.8 126.5 117.2 107.5 111.4 108.1 106.8 104.7 100.5 99.3 93.7 82.6 102.5 105.1 103.8 102.4 101.0 97.7 83.9 84.4 89.4 87.8 88.6 89.8 91.2 92.3 93.1 93.3 91.9 91.0 87.5 73.9 63.3 55.7 54.3 53.3 66.9 68.5 70.0 62.3 67.2 65.5 49.8 64.3 64.6 57.1 47.6 61.0 63.7 62.7 -9999.0 -9999.0 -9999.0 -9999.0 -9999.0 -9999.0 -9999.0 -9999.0 -9999.0 -9999.0 -9999.0 -9999.0 -9999.0 -9999.0 -9999.0 -9999.0 -9999.0 -9999.0 -9999.0 -9999.0 -9999.0
146.6 140.8 134.2 130.7 127.8 114.9 110.5 112.8 110.2 107.7 106.5 102.6 100.1 98.8 90.8 89.6 105.7 105.3 103.1 100.2 97.6 89.4 91.1 89.0 88.3 90.7 92.4 92.4 91.9 91.0 91.1 90.2 85.4 72.8 54.8 81.5 80.5 79.7 80.3 77.4 74.5 69.3 50.7 68.9 66.6 49.6 65.6 66.2 56.4 46.7 56.7 64.2 62.6 62.7 62.6 -9999.0 -9999.0 -9999.0 -9999.0 -9999.0 -9999.0 -9999.0 -9999.0 -9999.0 -9999.0 -9999.0 -9999.0 -9999.0 -9999.0 -9999.0 -9999.0 -9999.0 -9999.0 -9999.0
146.7 139.0 133.3 129.5 126.2 121.6 115.6 114.6 113.7 110.8 108.7 104.9 102.4 101.6 100.0 86.9 99.9 106.0 104.6 102.6 100.4 97.1 92.2 90.1 89.7 89.3 91.1 92.0 91.4 90.7 89.2 82.6 81.2 76.6 54.7 85.4 85.1 84.3 81.9 79.3 62.8 56.8 68.8 69.8 53.3 62.9 67.9 67.3 60.9 39.8 55.0 63.1 53.7 52.1 55.1 -9999.0 -9999.0 -9999.0 -9999.0 -9999.0 -9999.0 -9999.0 -9999.0 -9999.0 -9999.0 -9999.0 -9999.0 -9999.0 -9999.0 -9999.0 -9999.0 -9999.0 -9999.0 -9999.0
143.0 136.2 131.8 126.2 122.3 119.2 116.7 115.0 114.1 112.2 109.1 106.9 105.3 103.3 101.2 91.0 96.0 105.3 106.9 105.4 103.8 98.0 92.4 90.6 90.1 89.5 89.4 89.7 86.1 87.5 85.3 73.6 76.3 69.5 80.6 85.1 86.3 86.4 81.8 70.9 65.1 75.2 74.2 59.0 67.8 69.8 69.6 68.9 66.5 45.3 63.3 65.2 58.7 55.8 56.5 -9999.0 -9999.0 -9999.0 -9999.0 -9999.0 -9999.0 -9999.0 -9999.0 -9999.0 -9999.0 -9999.0 -9999.0 -9999.0 -9999.0 -9999.0 -9999.0 -9999.0 -9999.0 -9999.0
147.1 140.9 132.6 127.5 123.4 120.8 119.0 115.5 113.4 112.0 110.2 104.8 93.2 90.9 91.0 87.2 100.5 105.2 108.1 108.7 106.4 99.8 93.9 91.7 91.2 89.4 89.6 88.8 75.0 78.5 76.3 87.9 89.4 87.7 88.3 89.0 88.4 86.4 83.6 72.8 69.5 79.1 72.6 67.8 75.3 72.6 71.9 66.6 54.7 51.9 68.9 67.0 59.9 61.9 61.5 -9999.0 -9999.0 -9999.0 -9999.0 -9999.0 -9999.0 -9999.0 -9999.0 -9999.0 -9999.0 -9999.0 -9999.0 -9999.0 -9999.0 -9999.0 -9999.0 -9999.0 -9999.0 -9999.0
148.1 139.9 135.0 128.9 124.3 123.0 120.3 117.1 115.6 114.8 112.4 96.7 105.8 105.2 103.6 102.4 102.1 101.6 107.6 109.5 107.2 99.9 94.6 92.7 92.3 91.0 89.4 89.0 77.4 90.8 89.8 90.4 93.0 92.5 92.2 91.2 89.8 89.0 85.2 71.2 74.2 80.2 69.3 77.7 77.5 74.9 68.4 57.3 65.4 58.1 70.1 68.0 65.0 63.6 50.3 51.3 -9999.0 -9999.0 -9999.0 -9999.0 -9999.0 -9999.0 -9999.0 -9999.0 -9999.0 -9999.0 -9999.0 -9999.0 -9999.0 -9999.0 -9999.0 -9999.0 -9999.0 -9999.0
149.4 138.9 134.0 129.9 127.2 126.3 121.0 116.0 114.4 112.4 106.4 101.3 109.4 107.7 106.6 104.6 106.0 101.6 104.5 108.7 107.1 96.1 94.4 95.3 93.3 91.8 90.5 82.4 80.7 93.0 92.7 92.0 95.5 98.1 95.5 94.8 93.0 91.0 87.7 67.7 83.2 83.3 68.8 80.2 80.7 78.1 66.3 69.8 68.8 61.9 71.6 70.2 67.8 53.6 55.1 62.1 56.8 -9999.0 -9999.0 -9999.0 -9999.0 -9999.0 -9999.0 -9999.0 -9999.0 -9999.0 -9999.0 -9999.0 -9999.0 -9999.0 -9999.0 -9999.0 -9999.0 -9999.0
152.6 139.6 135.3 131.2 128.8 126.8 121.3 115.5 98.1 98.6 100.3 112.9 112.8 110.0 107.9 106.1 107.2 104.7 103.0 106.2 105.9 96.2 90.3 97.8 95.8 93.4 92.0 77.2 89.5 94.4 95.2 95.2 97.0 99.8 99.7 97.9 94.6 92.0 79.0 78.0 89.2 85.9 70.4 84.8 82.9 78.5 65.6 73.6 59.1 69.3 72.3 72.1 58.4 65.0 62.6 58.3 54.2 46.8 -9999.0 -9999.0 -9999.0 -9999.0 -9999.0 -9999.0 -9999.0 -9999.0 -9999.0 -9999.0 -9999.0 -9999.0 -9999.0 -9999.0 -9999.0 -9999.0
151.7 142.3 138.4 133.9 132.1 128.0 122.2 116.0 96.7 112.0 114.2 115.7 115.1 114.2 112.9 109.3 107.2 105.1 104.3 104.8 104.1 95.5 92.5 99.8 98.5 94.6 93.1 89.8 83.5 83.9 85.1 96.0 98.4 101.0 102.3 99.9 97.8 90.1 76.9 92.1 91.6 88.0 78.4 87.6 85.0 80.3 64.3 69.9 71.1 75.5 74.1 73.3 67.2 66.9 52.7 57.6 60.5 59.2 57.1 -9999.0 -9999.0 -9999.0 -9999.0 -9999.0 -9999.0 -9999.0 -9999.0 -9999.0 -9999.0 -9999.0 -9999.0 -9999.0 -9999.0 -9999.0
153.3 146.3 139.7 133.9 133.4 128.6 122.9 114.9 95.7 114.7 116.8 119.2 119.3 118.2 116.1 112.5 109.4 108.5 106.8 106.2 100.9 88.0 100.7 99.9 98.3 95.9 94.5 94.1 93.3 96.4 93.0 84.2 99.5 101.6 103.1 100.1 84.7 80.6 94.0 95.7 94.3 90.8 89.5 88.5 85.2 75.9 67.3 66.8 79.2 78.1 75.0 71.9 59.5 60.0 65.2 68.5 69.0 52.7 64.2 63.2 -9999.0 -9999.0 -9999.0 -9999.0 -9999.0 -9999.0 -9999.0 -9999.0 -9999.0 -9999.0 -9999.0 -9999.0 -9999.0 -9999.0
153.1 148.5 141.2 134.7 130.9 128.9 125.8 119.3 102.8 114.9 117.9 120.0 119.1 118.0 117.1 114.6 107.7 105.9 105.4 101.3 91.7 103.3 105.1 102.8 100.3 98.1 97.6 95.4 95.3 98.1 99.0 89.8 97.8 104.5 104.2 96.7 90.0 99.2 98.6 97.9 95.7 92.4 88.9 77.8 69.7 69.2 78.3 69.0 80.8 78.9 77.6 62.3 65.4 75.0 71.9 71.3 69.9 57.7 66.6 64.3 -9999.0 -9999.0 -9999.0 -9999.0 -9999.0 -9999.0 -9999.0 -9999.0 -9999.0 -9999.0 -9999.0 -9999.0 -9999.0 -9999.0
150.4 145.8 138.2 132.3 129.2 126.8 121.1 113.8 104.9 118.8 120.3 121.2 119.7 118.8 117.0 110.5 103.3 106.4 104.3 106.4 107.1 106.4 105.2 102.5 87.8 96.7 97.1 97.7 97.8 99.3 99.9 87.3 100.9 104.5 105.5 96.3 101.4 101.3 99.1 96.9 96.4 93.5 80.5 74.4 86.2 83.6 70.8 82.7 83.3 80.1 64.0 71.6 75.3 76.4 74.0 73.1 58.5 66.9 69.3 68.0 -9999.0 -9999.0 -9999.0 -9999.0 -9999.0 -9999.0 -9999.0 -9999.0 -9999.0 -9999.0 -9999.0 -9999.0 -9999.0 -9999.0
141.6 139.2 134.9 130.1 128.3 114.8 107.2 107.5 120.0 122.2 124.0 124.5 123.6 119.9 114.0 101.9 113.3 113.9 112.8 110.4 108.9 107.4 106.5 102.8 91.3 100.8 101.8 103.2 103.8 103.2 97.1 95.3 103.8 106.3 107.2 104.3 104.2 102.5 98.1 91.4 83.3 78.1 78.0 90.7 92.1 86.2 83.7 84.7 83.5 70.4 74.5 78.8 78.0 77.7 76.1 74.7 57.8 69.2 70.7 -9999.0 -9999.0 -9999.0 -9999.0 -9999.0 -9999.0 -9999.0 -9999.0 -9999.0 -9999.0 -9999.0 -9999.0 -9999.0 -9999.0 -9999.0
134.4 131.4 128.5 124.6 117.0 112.0 123.5 123.7 125.2 125.2 124.7 124.9 118.3 108.7 114.7 118.6 117.6 116.7 116.0 112.9 111.4 106.8 106.7 105.1 91.0 104.4 106.9 107.8 107.1 105.7 98.2 103.9 106.7 108.5 107.9 105.2 102.0 90.4 84.9 88.5 94.1 94.7 94.9 94.5 92.7 90.9 89.7 87.6 77.7 73.9 82.8 82.5 80.7 79.5 79.1 67.6 63.3 70.9 70.0 -9999.0 -9999.0 -9999.0 -9999.0 -9999.0 -9999.0 -9999.0 -9999.0 -9999.0 -9999.0 -9999.0 -9999.0 -9999.0 -9999.0 -9999.0
116.6 114.3 114.7 115.8 119.8 125.6 127.0 128.1 129.8 128.9 119.8 110.5 111.3 122.6 122.6 121.0 120.2 119.3 118.2 116.3 114.0 109.2 108.2 108.7 98.6 101.9 107.1 108.4 108.2 108.0 103.2 107.9 110.6 110.7 108.4 105.3 92.5 90.4 103.3 100.7 100.9 98.9 96.4 95.7 93.7 91.2 90.4 80.1 76.1 86.1 86.4 85.5 82.5 80.9 69.1 70.3 73.1 70.2 73.0 -9999.0 -9999.0 -9999.0 -9999.0 -9999.0 -9999.0 -9999.0 -9999.0 -9999.0 -9999.0 -9999.0 -9999.0 -9999.0 -9999.0 -9999.0
136.9 134.8 131.0 129.5 129.9 130.8 124.1 120.8 118.0 121.2 112.9 125.9 126.0 126.4 125.4 125.0 121.1 119.7 117.9 117.2 116.1 111.7 111.1 111.0 110.2 96.0 109.0 110.5 110.4 110.7 108.1 102.3 113.6 112.1 108.1 104.4 90.6 105.6 106.2 104.6 102.3 100.8 99.2 96.5 80.8 83.9 82.5 83.2 89.1 89.2 88.6 86.7 80.3 69.0 76.4 78.9 75.3 72.1 72.8 -9999.0 -9999.0 -9999.0 -9999.0 -9999.0 -9999.0 -9999.0 -9999.0 -9999.0 -9999.0 -9999.0 -9999.0 -9999.0 -9999.0 -9999.0
147.2 140.6 137.6 136.5 136.0 122.4 127.2 133.4 132.5 127.9 116.7 130.0 130.1 129.8 133.0 130.6 127.2 123.2 120.7 118.7 117.5 102.0 113.0 113.2 112.4 102.2 111.8 113.8 113.1 112.5 112.0 101.7 111.3 114.0 110.3 106.9 94.2 108.2 107.6 106.7 105.0 101.1 100.3 90.1 88.5 96.1 94.1 93.4 92.0 91.4 90.2 79.5 73.7 83.1 83.3 80.5 74.9 73.1 71.8 68.1 -9999.0 -9999.0 -9999.0 -9999.0 -9999.0 -9999.0 -9999.0 -9999.0 -9999.0 -9999.0 -9999.0 -9999.0 -9999.0 -9999.0
152.1 147.7 145.4 142.6 135.0 129.0 136.0 135.9 134.9 132.9 120.5 130.8 131.1 131.9 134.1 134.2 133.7 130.9 127.3 123.1 118.7 105.4 116.3 114.8 114.6 100.6 112.6 114.8 115.1 115.1 113.5 112.2 108.4 117.2 113.4 110.2 95.3 109.6 109.5 107.6 105.2 101.6 90.5 88.6 98.7 97.4 95.4 95.5 93.9 93.1 90.1 82.2 78.4 85.3 84.1 82.6 79.5 76.5 67.1 54.5 -9999.0 -9999.0 -9999.0 -9999.0 -9999.0 -9999.0 -9999.0 -9999.0 -9999.0 -9999.0 -9999.0 -9999.0 -9999.0 -9999.0
157.1 153.7 149.0 145.2 141.9 128.8 139.8 137.9 136.2 134.3 121.1 132.1 131.5 131.4 133.3 133.1 132.6 131.5 129.3 121.2 109.0 115.4 120.1 117.8 117.0 105.4 116.7 116.9 117.1 117.9 117.4 117.5 105.2 118.7 115.9 114.2 100.1 107.7 111.6 109.8 97.8 90.3 99.0 100.0 99.0 98.0 97.5 97.3 96.0 88.1 79.2 83.3 77.4 74.3 69.6 69.8 67.2 61.4 58.1 69.2 71.4 -9999.0 -9999.0 -9999.0 -9999.0 -9999.0 -9999.0 -9999.0 -9999.0 -9999.0 -9999.0 -9999.0 -9999.0 -9999.0
158.4 155.0 151.5 148.4 144.3 130.7 141.0 140.1 138.4 126.2 128.3 134.5 132.7 132.5 132.5 131.5 120.0 118.7 117.1 115.5 115.6 120.0 123.7 124.3 122.3 107.1 119.5 120.5 119.2 122.3 120.4 120.2 105.4 119.0 119.0 116.0 111.2 102.5 111.4 109.0 95.8 106.7 104.7 101.2 99.6 98.8 98.3 98.1 96.6 88.6 83.6 80.7 82.4 87.4 85.4 82.3 79.3 78.7 76.2 73.9 71.3 72.1 70.6 -9999.0 -9999.0 -9999.0 -9999.0 -9999.0 -9999.0 -9999.0 -9999.0 -9999.0 -9999.0 -9999.0
158.2 156.6 152.8 150.6 147.7 142.9 144.6 141.2 135.5 131.8 137.6 136.0 134.3 134.2 133.6 132.5 119.3 131.9 132.3 128.3 116.3 128.1 127.6 126.6 125.6 119.9 110.7 122.6 121.2 124.6 124.6 123.4 117.5 114.3 120.2 115.6 102.3 109.4 112.4 109.2 99.3 109.0 106.4 103.0 101.1 99.8 99.2 99.2 94.7 89.4 79.8 93.1 92.5 91.0 88.6 85.9 85.0 83.0 82.1 78.9 75.4 74.3 72.4 70.8 69.9 -9999.0 -9999.0 -9999.0 -9999.0 -9999.0 -9999.0 -9999.0 -9999.0 -9999.0
158.3 155.8 153.8 152.0 148.3 147.2 143.4 138.3 126.2 130.7 140.1 137.7 136.3 137.2 135.2 134.0 119.4 133.1 134.8 130.7 129.3 133.1 132.2 129.5 127.9 126.0 114.2 123.2 125.5 126.1 125.2 119.8 119.7 117.6 107.5 106.7 115.0 114.2 112.4 109.2 101.6 111.4 108.7 105.9 104.9 103.9 101.9 91.6 87.0 91.6 94.7 95.0 94.4 92.7 90.6 88.9 87.0 84.5 84.0 82.9 79.0 75.9 73.6 72.7 70.4 65.9 63.3 -9999.0 -9999.0 -9999.0 -9999.0 -9999.0 -9999.0 -9999.0
150.6 143.3 140.9 144.9 138.1 135.5 131.3 134.7 140.2 128.1 141.4 140.1 139.9 138.3 137.4 134.8 122.9 134.9 135.1 134.2 134.9 134.4 134.6 132.5 129.7 126.2 112.2 126.8 128.9 127.8 127.0 120.8 116.6 118.5 118.6 116.9 116.8 114.1 108.5 99.3 106.6 112.3 111.1 108.3 108.6 104.0 90.9 92.2 100.5 98.6 96.8 96.8 96.3 94.3 91.8 90.4 87.6 85.5 84.8 82.4 80.7 79.2 75.5 71.5 69.9 67.7 62.5 -9999.0 -9999.0 -9999.0 -9999.0 -9999.0 -9999.0 -9999.0
