data/case_study_destine/merger_hmc_by_domain/geo/PugliaDomain.dem.txt
ncols   377
nrows   289
xllcorner    16.6225
yllcorner    39.7399
cellsize    0.005009
NODATA_value -9999
[rows 66 to 98 of 289, columns 74 to 147 of 377]
366.6 367.5 363.2 356.2 357.6 357.2 358.6 360.6 359.8 362.2 367.4 364.2 362.0 368.4 377.4 383.7 387.9 390.0 387.8 402.7 398.2 394.1 395.2 404.9 413.0 418.6 422.7 418.8 419.1 423.7 429.4 427.8 425.5 420.0 426.6 425.8 422.4 424.0 425.6 420.4 413.1 400.6 399.7 392.7 384.6 383.2 387.6 394.5 387.0 373.9 369.3 370.3 376.7 382.7 393.4 395.9 395.2 396.3 410.0 413.6 400.9 398.0 336.9 254.0 215.2 188.6 177.6 168.4 159.5 154.6 150.2 146.1 142.5 138.6
367.1 365.1 361.9 359.4 358.5 358.5 359.9 358.8 359.1 359.5 363.1 361.8 359.7 360.7 362.6 367.8 371.2 369.4 368.0 376.5 385.7 390.4 384.9 390.8 413.1 428.7 423.1 425.9 423.2 421.9 424.8 426.3 420.6 422.5 436.6 446.3 432.7 433.0 432.3 434.5 430.0 415.3 405.4 408.2 391.9 387.5 392.3 400.2 397.6 385.9 372.6 369.3 381.7 395.7 407.2 409.3 406.7 411.8 414.4 420.5 426.6 421.6 413.3 339.1 271.6 239.6 211.0 187.1 171.1 163.3 156.6 153.5 148.3 144.3
362.3 364.8 364.2 363.0 361.9 360.7 361.2 359.8 360.4 359.4 358.4 358.2 358.1 358.1 358.3 358.8 365.0 363.9 362.5 362.4 363.9 367.1 368.6 368.2 378.9 401.2 416.5 408.5 410.2 419.5 426.5 429.4 424.5 420.3 430.3 439.9 448.7 442.1 436.0 430.7 430.7 436.1 424.1 416.3 417.1 405.4 400.7 397.7 390.9 387.1 385.3 372.5 373.9 387.2 411.7 418.3 419.6 429.6 437.1 441.6 441.2 434.1 422.9 426.1 400.2 310.4 265.7 221.6 187.9 182.7 170.4 164.3 155.8 150.6
361.9 361.5 362.3 363.3 363.5 363.5 363.3 362.1 361.6 362.1 362.8 361.5 361.3 360.5 361.4 360.5 364.1 370.5 363.7 362.7 362.8 363.3 364.6 366.6 369.5 378.0 384.9 391.7 390.6 408.4 422.7 422.3 417.0 412.9 425.8 431.7 436.2 435.8 427.5 423.9 411.6 416.9 432.3 437.6 433.1 427.9 431.1 423.4 418.0 409.0 396.6 398.1 385.8 389.0 395.2 414.6 434.3 430.2 440.1 444.7 443.6 434.6 424.7 428.0 427.0 413.5 354.7 260.6 217.6 212.4 184.7 171.4 165.0 157.3
371.6 373.2 373.6 373.3 375.6 374.5 372.8 376.2 371.2 369.0 370.2 370.0 377.7 375.5 377.4 374.5 379.5 384.1 373.6 369.7 366.2 365.5 366.7 376.0 390.3 391.8 394.0 396.0 400.1 394.0 401.2 400.7 401.5 400.8 413.5 436.6 425.6 413.2 405.8 412.1 414.2 398.8 389.4 409.6 421.4 421.8 420.7 439.4 434.1 424.9 403.9 399.4 403.9 401.2 401.8 412.7 426.9 431.9 431.6 442.6 450.1 440.5 439.4 437.0 430.5 433.4 400.8 290.9 247.9 238.7 199.0 185.5 180.1 170.8
386.9 379.4 380.7 381.4 386.2 394.0 383.6 394.6 396.1 384.3 386.7 383.3 384.9 386.2 394.4 399.9 404.4 401.2 401.3 389.5 380.9 375.1 371.8 380.5 401.6 418.5 415.9 416.7 421.9 411.8 414.4 407.4 409.4 416.7 417.9 429.4 431.8 421.6 409.8 396.7 394.7 386.9 376.2 374.9 371.6 370.7 368.2 375.9 384.9 390.5 389.3 387.0 390.1 405.4 408.7 409.8 429.4 430.1 433.2 445.8 457.4 462.4 453.1 449.5 451.0 440.3 444.4 414.1 325.5 262.5 217.3 192.2 180.6 171.5
441.1 402.9 384.7 384.4 389.1 391.0 382.7 393.1 409.4 407.3 406.6 410.9 412.5 404.1 417.7 402.1 418.5 420.4 412.5 403.0 399.4 399.2 387.0 382.8 403.0 433.2 444.4 444.5 445.1 436.1 426.6 416.6 422.3 441.2 459.4 456.7 439.1 414.6 398.0 391.2 386.0 381.8 380.8 381.9 379.2 375.6 366.3 363.2 363.6 365.0 365.9 362.9 364.0 371.2 379.5 392.8 406.1 409.1 404.8 414.6 427.2 434.3 447.7 450.1 442.5 444.6 455.7 457.0 414.5 286.7 235.5 199.1 185.1 175.6
439.2 431.2 398.5 392.3 400.2 402.6 403.1 390.5 401.1 407.7 408.8 416.8 416.8 417.7 440.5 430.5 416.0 431.8 428.1 428.7 417.6 394.9 391.1 399.6 398.9 407.3 431.3 444.1 456.7 465.1 471.3 445.8 433.1 447.2 464.1 467.3 466.0 436.3 402.8 405.7 403.4 392.7 384.9 382.0 385.9 387.8 381.7 368.5 366.2 376.2 376.6 376.0 375.1 376.4 377.2 370.1 367.2 364.7 368.9 363.1 343.7 339.7 344.4 357.5 370.9 401.7 416.2 438.9 413.3 294.2 244.8 211.7 196.5 188.0
426.1 437.7 408.1 402.4 414.5 423.9 420.4 402.8 390.9 395.7 404.1 417.5 429.0 424.7 430.3 440.0 428.8 423.5 420.9 422.8 430.4 415.4 409.0 406.5 408.4 409.2 421.0 440.3 454.7 462.8 481.1 484.0 454.1 458.3 464.7 471.4 486.1 494.1 449.9 411.4 412.5 418.9 417.9 401.6 389.9 390.7 388.5 378.6 376.3 380.2 395.7 411.2 424.2 428.1 434.8 425.0 414.1 402.6 387.5 362.9 350.8 334.9 329.3 329.3 331.4 332.7 340.6 365.4 387.2 331.8 267.5 238.0 223.1 205.8
423.7 414.6 406.5 418.7 427.5 427.6 429.4 415.9 397.5 392.1 393.0 404.8 407.8 409.2 421.7 434.5 434.3 432.4 426.0 427.9 442.0 441.2 438.2 433.6 427.2 419.3 419.3 428.9 440.9 453.1 469.1 483.1 476.5 463.7 472.8 474.4 486.2 506.1 502.5 456.3 422.8 425.6 433.8 434.1 425.3 432.9 423.4 412.2 407.7 409.2 414.8 415.2 443.2 453.7 451.3 452.1 447.6 441.2 444.2 416.0 391.3 365.2 341.4 339.8 347.4 358.9 350.1 358.7 372.7 366.8 284.3 259.6 252.1 226.5
433.5 423.9 420.6 415.3 421.7 422.1 423.2 412.2 411.8 403.5 401.9 399.1 409.4 415.8 427.3 434.8 434.4 440.6 437.8 436.0 444.3 448.4 447.7 442.3 438.2 436.1 435.4 428.7 436.1 444.7 456.8 470.6 481.1 475.5 471.4 478.6 490.2 510.9 503.4 487.2 451.6 447.2 447.2 455.5 456.1 463.6 476.1 459.6 435.8 433.4 431.8 425.6 442.6 452.1 455.5 457.0 455.1 443.9 433.1 443.2 429.3 425.1 402.6 375.9 375.1 381.8 383.1 381.7 395.3 406.6 366.0 323.6 322.6 258.0
422.3 431.6 441.0 426.9 427.8 424.0 420.3 425.3 437.7 438.9 429.1 419.5 428.5 430.3 420.7 424.8 427.3 428.6 429.1 437.9 438.9 445.8 443.0 446.0 455.0 452.8 448.0 441.7 449.4 461.7 470.7 477.2 486.0 486.8 478.8 479.3 489.1 511.5 509.8 498.7 490.0 481.1 487.0 472.3 468.7 470.2 476.5 476.9 456.4 434.3 431.0 430.1 433.6 447.8 447.1 449.5 453.0 452.1 449.7 450.0 442.7 435.7 439.6 426.7 398.3 392.0 405.1 410.1 405.8 406.6 404.4 387.8 404.1 300.1
421.9 428.9 436.7 430.9 431.4 431.7 434.0 426.3 441.6 451.3 443.6 438.4 435.7 435.6 436.8 423.9 421.8 424.3 424.8 427.1 430.3 441.7 431.5 433.8 447.1 472.7 468.7 460.0 458.9 472.5 480.9 487.0 489.2 494.1 489.9 488.8 489.2 500.7 509.6 515.1 510.2 505.8 498.6 506.2 488.1 475.7 473.8 475.9 476.3 448.1 437.2 433.9 432.2 435.9 440.5 447.0 453.1 454.4 452.3 450.0 453.0 448.9 443.1 450.7 430.8 406.0 403.1 417.1 410.1 407.1 403.0 402.4 410.2 372.6
428.5 428.3 441.2 446.2 447.7 444.9 448.8 438.2 448.3 454.5 446.7 455.4 454.1 442.5 446.6 435.7 427.0 418.5 416.5 418.6 419.0 427.3 427.5 428.7 430.0 444.8 469.3 470.4 466.7 476.3 483.3 489.2 491.4 500.2 494.6 492.3 496.3 497.9 501.6 509.5 514.3 515.9 512.6 508.7 501.4 487.1 486.4 487.6 481.8 459.7 443.5 438.0 437.3 440.8 448.6 457.0 462.0 458.4 463.5 466.9 466.2 456.7 448.8 444.7 451.2 430.0 408.0 405.1 416.4 414.6 411.7 405.0 406.2 424.6
430.6 430.4 443.0 457.6 463.6 463.0 457.8 451.2 452.9 445.9 443.1 444.8 446.0 446.2 448.0 440.1 432.3 424.1 419.1 412.4 413.9 415.8 417.7 421.6 422.9 430.4 446.8 452.4 465.6 478.3 479.3 485.6 495.2 502.2 500.7 497.5 495.7 498.2 503.4 505.8 509.7 513.0 512.3 505.4 500.0 497.7 486.6 481.5 480.6 462.8 445.0 443.1 447.4 447.8 451.3 449.3 452.4 458.4 454.6 452.1 459.3 456.6 450.1 443.6 439.2 435.8 428.6 402.1 415.2 424.0 411.4 404.6 407.4 425.3
431.9 431.7 445.7 461.1 467.5 467.3 465.6 460.3 461.1 451.0 443.9 451.0 450.5 447.0 446.2 452.1 446.0 433.0 430.9 419.8 415.0 415.2 417.0 419.3 421.9 429.2 439.9 446.8 454.1 465.7 467.4 474.9 484.6 492.8 495.4 500.9 502.4 500.9 505.0 507.9 515.2 511.5 512.1 509.9 510.7 502.9 495.4 494.9 489.2 469.1 454.0 453.7 464.4 459.7 460.0 455.9 456.8 456.9 452.1 448.7 447.6 444.6 443.6 446.1 445.7 443.1 426.0 411.0 421.0 439.3 418.0 416.3 427.5 436.1
430.7 430.6 437.9 451.8 461.6 466.1 476.5 475.1 468.5 465.2 451.4 465.9 468.6 456.1 448.3 458.5 457.0 458.3 442.8 424.0 421.4 423.4 428.1 425.9 428.3 434.1 443.6 462.3 468.4 473.0 473.2 474.3 482.4 490.4 492.4 495.9 500.5 502.5 506.4 512.0 516.1 512.2 516.7 524.7 522.3 511.6 508.1 507.7 502.1 487.1 464.7 462.5 482.9 480.5 472.7 465.4 463.2 464.6 456.0 448.3 448.4 441.2 439.5 440.6 445.0 442.1 427.8 422.5 427.7 429.2 425.3 445.4 444.5 438.0
428.8 431.7 437.0 443.2 450.1 458.3 464.1 466.1 464.0 455.0 451.2 455.5 463.4 462.9 451.9 462.0 468.9 471.5 481.1 449.8 443.0 441.1 451.1 448.7 433.6 447.9 455.6 466.3 480.1 479.5 479.4 483.7 488.2 487.2 487.9 489.4 494.1 499.7 501.3 508.8 515.5 509.7 515.1 526.3 523.8 520.5 519.5 525.6 519.1 497.3 469.0 469.9 478.3 482.1 479.2 484.8 475.8 469.8 459.1 450.6 444.4 438.7 439.0 440.7 439.5 431.5 423.1 424.1 427.8 424.7 421.7 427.8 431.7 436.9
433.0 438.2 442.8 451.4 459.6 466.2 465.1 465.9 467.9 462.2 456.5 452.0 456.2 457.4 459.4 460.3 465.3 463.3 474.6 469.6 452.8 451.7 460.8 465.8 464.6 463.3 461.1 478.1 490.7 485.0 482.4 485.1 492.1 492.6 490.3 487.1 485.3 486.8 490.0 502.7 508.6 507.3 513.9 528.2 531.9 530.3 534.7 527.3 523.1 503.1 482.0 477.8 476.4 479.6 485.1 485.2 472.3 466.3 459.4 455.8 442.5 442.9 448.2 449.2 444.5 424.9 421.2 422.2 427.4 425.0 422.9 426.9 424.6 427.8
447.3 452.0 458.3 465.8 469.3 474.6 476.2 475.8 474.2 470.9 464.9 457.7 456.3 459.1 458.2 457.2 457.1 457.3 458.7 471.5 460.3 453.1 463.7 469.9 476.5 487.1 490.8 488.2 490.1 489.1 484.1 486.6 495.6 498.1 489.4 485.8 484.0 484.0 484.4 491.4 501.2 502.5 515.3 534.8 546.8 548.7 544.9 531.1 530.3 531.7 505.5 497.1 485.9 486.8 493.5 490.9 478.6 467.5 468.2 465.3 461.3 459.2 454.7 447.4 444.4 437.9 434.0 432.2 425.6 428.5 435.9 435.3 431.6 430.1
447.5 452.1 463.3 474.4 479.3 476.1 474.6 471.9 472.3 472.4 468.7 466.5 465.3 461.9 461.7 458.8 457.2 465.1 470.8 478.8 480.9 470.6 472.4 477.9 475.1 476.1 483.3 486.8 489.0 490.3 486.3 487.0 491.4 496.7 494.4 488.7 484.8 484.6 489.1 489.8 490.9 503.2 514.5 530.6 538.0 544.5 548.1 545.8 545.3 539.5 510.9 498.6 492.0 484.5 489.8 494.6 488.8 474.1 459.9 461.6 461.4 456.5 450.5 451.1 446.9 443.8 449.1 443.9 434.9 429.8 430.8 429.9 418.0 405.0
440.1 445.6 449.3 458.1 469.6 474.5 465.3 470.1 468.0 474.5 471.9 469.2 470.8 474.8 470.6 461.1 457.9 466.3 476.6 483.0 498.7 496.4 483.5 483.9 476.8 474.0 476.7 484.1 490.0 491.4 486.9 485.9 491.9 504.8 509.4 506.1 498.7 490.5 486.3 492.9 497.9 509.9 515.4 523.9 528.2 534.9 537.2 534.0 531.0 533.9 527.2 495.9 490.3 481.8 488.3 484.7 488.0 495.3 473.7 462.3 457.2 449.9 447.3 456.0 465.9 448.4 430.0 425.4 424.4 416.2 416.0 413.5 405.3 399.5
426.8 430.9 439.4 438.1 438.9 445.7 446.5 443.6 457.2 470.0 473.1 470.6 472.3 478.9 480.6 465.0 458.4 461.1 470.8 471.5 490.5 497.2 494.2 489.7 484.5 483.1 483.8 487.4 491.8 491.5 490.9 488.4 491.6 503.7 514.8 517.8 508.5 502.3 490.6 490.1 500.1 518.2 523.1 527.5 525.9 530.1 530.1 519.5 514.0 514.3 509.8 503.4 483.6 478.0 473.2 479.0 475.6 486.1 480.5 457.4 452.3 448.9 448.4 445.9 446.2 442.9 429.7 422.6 416.4 408.2 406.6 407.1 412.0 409.7
418.0 418.7 421.0 422.9 424.5 425.5 427.5 435.2 456.0 472.2 467.5 470.4 467.1 469.2 479.8 473.8 458.3 456.9 458.4 456.8 472.6 481.4 485.4 484.1 483.9 485.9 488.8 491.5 491.9 484.9 484.8 484.4 488.8 494.9 500.4 507.3 500.1 493.7 498.3 501.4 493.9 511.2 529.9 532.4 533.1 529.3 523.4 511.8 503.1 493.7 491.7 499.6 475.7 464.7 459.7 460.4 457.0 449.9 444.6 440.0 436.8 438.5 440.6 430.8 426.7 420.0 416.7 420.7 417.3 410.6 409.1 409.2 414.8 415.9
403.4 403.7 405.0 415.3 415.3 416.4 422.0 427.2 439.8 457.4 466.8 465.8 459.6 457.2 460.1 468.4 462.3 452.6 452.6 450.5 456.4 465.8 471.6 479.6 483.6 482.5 481.2 485.1 487.7 480.5 476.2 478.4 482.1 488.7 489.2 494.4 492.8 491.8 498.8 509.0 494.5 489.3 513.0 529.7 533.4 528.9 520.1 507.5 499.8 494.5 483.9 491.9 478.1 462.7 453.3 447.8 448.0 436.8 428.8 424.0 430.3 437.1 442.7 429.8 418.5 409.9 409.1 409.9 410.9 409.7 412.7 416.4 412.4 416.5
388.1 391.7 404.1 403.7 406.8 414.5 421.7 426.8 436.3 456.5 476.3 471.1 463.2 459.3 456.6 454.5 453.3 450.7 449.8 449.2 449.9 452.4 458.9 473.9 477.7 475.6 473.1 482.0 477.6 470.0 467.6 472.9 481.9 478.5 482.6 489.1 492.2 498.0 499.9 496.3 494.0 485.7 489.0 505.7 522.3 523.5 507.8 502.5 492.7 486.0 473.6 465.2 461.0 455.0 451.5 457.0 464.3 445.3 428.9 424.0 420.0 419.9 420.2 420.8 420.5 412.0 410.6 414.3 411.1 412.7 415.2 416.1 413.4 408.2
385.5 395.1 406.2 409.9 415.2 423.6 428.0 429.0 433.9 446.7 476.3 486.8 485.5 473.5 473.8 469.1 468.3 461.6 452.6 451.6 453.1 452.4 453.2 463.3 467.2 468.3 472.7 475.7 466.9 465.5 471.4 478.4 487.7 482.1 482.4 483.2 485.8 490.5 494.9 491.1 487.5 487.2 484.1 484.4 486.6 489.8 487.1 484.5 478.3 473.9 467.7 462.3 458.8 460.7 452.4 448.3 448.4 443.4 434.6 427.1 426.1 424.0 420.1 420.4 416.2 413.2 413.8 415.6 414.0 424.3 423.6 417.3 410.7 398.5
386.3 388.9 399.3 414.8 422.5 426.5 428.0 428.5 429.7 433.1 453.6 470.8 488.6 493.3 489.9 490.1 485.5 488.4 466.1 460.7 466.8 468.6 462.8 460.7 460.2 460.5 464.9 464.7 461.4 463.9 471.1 482.9 491.5 489.1 485.0 482.4 485.2 486.8 486.8 486.1 488.1 493.8 491.2 488.3 486.6 488.6 491.8 498.0 498.7 504.9 497.4 486.6 479.7 483.1 463.0 453.4 450.1 456.9 457.8 454.0 448.0 437.3 436.2 448.3 440.9 423.7 414.7 414.9 415.0 420.2 423.6 415.6 410.8 407.0
378.7 377.0 380.9 387.9 408.9 420.5 421.6 423.6 424.6 428.6 434.6 448.2 461.5 484.8 491.9 500.1 500.3 496.5 489.2 485.2 484.6 482.3 480.2 475.0 471.8 466.0 459.7 461.2 465.6 464.8 466.2 480.7 494.9 501.0 499.1 499.6 499.7 501.1 508.0 504.3 505.9 505.7 507.7 503.6 504.3 517.2 521.6 518.4 516.6 519.4 513.8 502.7 490.4 499.9 486.7 465.7 459.9 460.0 465.7 467.8 459.2 454.1 463.3 470.2 462.5 452.1 427.3 422.1 425.0 423.4 413.5 409.0 409.5 399.8
376.6 373.2 366.2 379.6 389.9 409.7 422.8 425.7 428.1 426.1 434.3 443.4 450.4 456.0 467.7 484.1 490.4 489.6 490.5 495.7 502.9 495.6 489.6 486.6 481.6 476.4 470.7 473.5 475.3 474.8 479.6 488.3 498.3 506.7 510.2 515.3 525.7 527.2 531.2 539.0 532.3 530.9 533.0 525.7 518.8 523.5 532.4 531.7 526.5 527.2 522.2 504.1 498.4 499.3 501.1 487.9 484.0 479.4 480.6 481.2 481.0 470.4 462.2 466.6 471.0 475.6 452.0 462.0 443.4 432.2 423.8 410.2 404.9 392.8
375.4 366.9 362.0 376.8 380.7 399.4 420.7 425.2 417.1 414.4 432.4 437.0 437.0 446.3 453.8 465.1 469.5 480.9 488.0 495.2 498.4 499.4 498.5 489.4 486.6 488.1 488.5 488.8 495.1 496.1 505.2 516.2 520.6 525.5 535.0 539.6 545.4 547.9 543.0 544.1 544.1 548.5 549.7 551.1 539.3 535.2 534.8 538.5 540.0 533.8 525.3 511.7 510.4 509.1 504.5 500.4 503.5 501.1 494.0 489.2 487.1 481.9 471.2 464.8 462.4 466.7 461.0 475.4 487.7 475.5 442.8 423.6 422.7 407.9
376.8 357.2 369.7 373.8 377.9 388.2 398.3 411.3 404.5 417.5 421.4 423.8 427.2 433.7 439.6 449.7 452.7 459.6 474.4 482.1 482.4 482.3 487.1 484.6 490.3 488.7 489.1 491.6 505.7 516.5 517.1 516.4 516.4 524.3 536.2 548.7 559.4 557.1 554.1 554.4 554.2 556.7 564.7 563.9 558.4 549.8 550.9 556.1 561.6 548.9 536.2 527.6 521.3 519.5 513.9 511.3 508.3 504.9 500.3 498.0 494.6 491.5 478.9 473.6 463.9 462.3 466.0 468.3 483.2 486.5 483.0 467.0 435.6 413.6
381.0 366.2 358.0 372.4 374.8 386.0 397.8 399.6 386.0 402.5 409.2 415.9 417.4 422.2 427.2 434.6 444.6 448.4 455.4 458.0 463.7 471.3 477.1 495.2 496.3 488.1 488.4 493.3 502.2 512.9 514.6 509.6 515.6 526.3 529.8 541.7 548.2 555.2 553.2 556.2 560.0 560.4 567.8 575.7 571.5 567.8 565.1 564.2 571.1 570.9 554.6 536.6 529.3 523.5 515.8 514.0 507.7 509.1 496.5 491.7 493.3 499.8 499.5 492.4 476.2 463.1 463.7 467.4 480.7 491.3 496.6 494.2 482.9 455.2
