data/case_study_destine/merger_hmc_by_domain/geo/RomagnaDomain.dem.txt
ncols   363
nrows   245
xllcorner    10.7858
yllcorner    43.7464
cellsize    0.005011
NODATA_value -9999
[rows 0 to 33 of 245, columns 0 to 76 of 363]
-9999.0 -9999.0 -9999.0 -9999.0 -9999.0 -9999.0 -9999.0 -9999.0 -9999.0 -9999.0 -9999.0 -9999.0 -9999.0 -9999.0 -9999.0 -9999.0 -9999.0 -9999.0 -9999.0 -9999.0 -9999.0 -9999.0 -9999.0 -9999.0 -9999.0 -9999.0 -9999.0 -9999.0 -9999.0 -9999.0 -9999.0 -9999.0 -9999.0 -9999.0 -9999.0 -9999.0 -9999.0 -9999.0 -9999.0 -9999.0 -9999.0 -9999.0 -9999.0 -9999.0 -9999.0 -9999.0 -9999.0 -9999.0 -9999.0 -9999.0 -9999.0 -9999.0 -9999.0 -9999.0 -9999.0 -9999.0 -9999.0 -9999.0 -9999.0 -9999.0 -9999.0 -9999.0 -9999.0 -9999.0 -9999.0 -9999.0 -9999.0 -9999.0 -9999.0 -9999.0 -9999.0 -9999.0 -9999.0 -9999.0 -9999.0 -9999.0 -9999.0
-9999.0 -9999.0 -9999.0 -9999.0 -9999.0 -9999.0 -9999.0 -9999.0 -9999.0 -9999.0 -9999.0 -9999.0 -9999.0 -9999.0 -9999.0 -9999.0 -9999.0 -9999.0 -9999.0 -9999.0 -9999.0 -9999.0 -9999.0 -9999.0 -9999.0 -9999.0 -9999.0 -9999.0 -9999.0 -9999.0 -9999.0 -9999.0 -9999.0 -9999.0 -9999.0 -9999.0 -9999.0 -9999.0 -9999.0 -9999.0 -9999.0 -9999.0 -9999.0 -9999.0 -9999.0 -9999.0 -9999.0 -9999.0 -9999.0 -9999.0 -9999.0 -9999.0 -9999.0 -9999.0 -9999.0 -9999.0 -9999.0 -9999.0 -9999.0 -9999.0 -9999.0 -9999.0 -9999.0 -9999.0 -9999.0 -9999.0 -9999.0 -9999.0 -9999.0 -9999.0 -9999.0 -9999.0 -9999.0 -9999.0 -9999.0 -9999.0 -9999.0
-9999.0 74.6 71.7 69.1 57.9 67.8 70.3 73.0 76.2 79.1 78.2 76.9 76.6 75.5 77.0 77.7 77.4 77.3 77.2 77.7 78.4 77.3 77.2 77.2 77.8 77.5 77.3 75.5 73.1 71.9 69.4 68.3 66.5 36.4 51.2 65.5 65.7 66.8 67.7 67.0 70.2 72.3 73.9 73.6 75.1 75.7 75.9 75.2 74.8 74.8 74.4 75.4 74.8 74.4 74.7 75.2 75.3 75.4 75.6 74.5 73.5 72.5 72.4 73.5 72.7 70.9 70.5 70.4 70.7 70.6 70.8 70.4 70.2 70.2 69.4 69.4 69.2
-9999.0 75.8 72.8 70.0 66.9 60.2 70.8 73.1 77.1 79.3 77.8 76.6 76.0 76.5 77.8 77.7 77.5 77.2 77.1 77.2 77.2 77.2 77.2 77.3 78.0 77.8 75.6 73.4 71.4 69.5 67.9 66.0 43.7 50.3 65.6 66.2 67.3 67.5 67.8 70.1 70.9 71.8 72.2 74.1 74.8 75.2 74.6 74.6 74.7 74.3 74.2 74.2 74.1 74.3 74.4 74.2 73.7 73.5 73.2 73.6 74.0 72.3 72.6 73.2 71.2 70.6 70.2 70.1 70.2 70.2 70.1 70.2 70.2 69.9 69.6 69.9 69.3
-9999.0 74.8 74.3 70.1 67.4 62.1 67.2 74.0 74.1 76.1 76.1 75.8 76.2 78.4 78.0 78.2 78.1 77.3 77.2 77.2 77.3 77.5 77.4 77.5 78.1 77.0 74.1 72.9 71.2 68.9 67.1 62.7 41.9 55.9 66.6 67.6 67.7 67.6 70.2 70.9 70.8 72.4 73.9 75.1 76.2 74.5 75.0 74.9 75.0 74.2 73.3 73.7 74.0 73.7 73.7 73.9 73.6 72.8 72.4 72.3 71.6 71.2 71.1 70.6 71.3 70.6 70.4 70.4 70.2 70.1 70.2 70.2 70.2 69.7 69.8 69.9 70.4
-9999.0 78.0 76.6 73.0 70.4 67.3 64.7 70.1 74.3 77.2 76.9 77.7 76.8 77.8 78.2 78.3 78.3 77.7 78.0 77.8 77.8 78.2 77.4 77.7 76.1 73.8 71.6 69.7 68.1 65.9 63.1 53.8 36.3 47.9 67.6 68.5 68.1 69.9 70.9 70.9 71.6 72.8 73.8 75.7 75.7 74.9 75.1 75.5 75.3 74.5 73.9 73.4 73.4 73.1 72.4 72.6 72.8 72.7 72.4 71.5 71.5 71.2 71.0 70.3 70.2 70.3 70.4 70.1 70.3 70.2 70.5 70.4 70.3 69.8 69.5 69.9 70.4
-9999.0 76.9 78.1 75.1 71.4 66.1 63.6 70.9 74.8 76.8 77.1 77.5 78.3 79.5 80.0 79.0 77.9 78.0 78.7 77.7 78.0 77.6 76.1 74.3 73.0 71.2 69.7 65.6 57.8 53.0 50.7 48.9 53.2 41.3 68.0 68.8 70.4 72.0 72.0 73.6 74.1 74.2 76.4 77.2 77.7 76.3 76.0 75.3 74.6 74.4 73.3 73.2 73.7 73.5 73.4 72.9 72.3 72.0 71.5 71.3 71.1 70.6 70.8 70.5 71.0 71.1 70.7 70.2 70.8 70.5 70.4 70.4 69.8 69.5 69.3 69.5 69.4
-9999.0 75.9 75.4 74.1 70.2 63.1 67.2 72.0 75.6 78.0 77.4 78.3 77.9 77.4 78.3 78.3 78.1 76.8 77.1 77.4 76.5 75.2 73.8 71.5 70.5 67.5 58.7 52.9 51.1 54.3 61.4 64.2 48.5 38.7 65.2 68.4 70.4 71.3 72.7 73.0 74.0 74.4 74.7 76.9 76.3 75.6 75.7 74.8 74.7 73.9 73.8 73.4 73.4 73.9 73.5 72.8 72.3 72.3 71.9 71.8 71.2 71.2 71.2 71.6 71.4 71.1 71.1 70.4 70.5 70.1 69.6 69.7 69.7 69.3 69.3 69.3 69.2
-9999.0 76.7 73.6 69.6 66.6 57.2 68.5 71.9 75.1 77.9 79.0 77.9 77.4 76.9 76.3 77.8 75.4 75.0 74.5 74.0 72.9 71.4 70.1 69.5 63.4 56.0 50.2 54.5 65.7 69.9 68.5 61.4 43.3 57.8 68.0 68.4 70.3 71.0 72.2 72.7 74.1 73.5 73.9 73.9 74.1 75.8 75.5 75.1 75.3 74.9 74.5 74.4 73.9 73.3 73.0 72.8 72.6 72.6 71.6 71.3 71.2 71.2 71.4 71.2 71.1 71.0 70.6 70.6 70.3 70.2 70.0 70.2 69.8 69.6 69.4 69.2 69.1
-9999.0 74.5 72.2 68.4 60.2 65.1 71.4 74.4 77.4 77.8 77.0 75.6 73.9 72.4 72.2 71.6 71.8 71.7 70.5 70.1 69.0 67.8 63.3 51.2 50.2 54.2 65.8 73.3 72.5 71.4 69.0 55.0 51.0 35.4 58.4 68.6 69.4 69.9 71.5 72.2 72.6 72.1 71.6 72.5 73.1 74.3 77.0 76.1 75.8 76.9 75.4 75.1 73.6 73.2 72.7 72.4 72.7 72.5 71.4 71.7 71.7 71.9 71.6 71.2 71.2 71.0 71.1 71.2 70.5 70.3 70.3 70.2 69.5 69.4 69.7 69.4 69.4
-9999.0 73.4 70.4 65.2 62.8 70.4 73.2 76.9 78.0 76.5 74.5 72.1 71.3 70.6 68.2 67.6 66.0 66.2 63.5 62.9 58.5 52.0 50.2 52.6 64.1 71.5 75.1 74.4 73.4 70.6 60.0 51.5 66.9 55.0 37.7 47.4 61.3 67.2 68.4 70.0 70.2 70.5 72.3 74.0 74.3 76.1 77.0 78.5 79.3 79.5 77.1 75.2 74.5 74.2 73.6 73.0 72.6 72.9 72.8 72.4 73.0 74.4 73.2 72.2 71.7 71.8 72.1 71.3 70.8 70.3 70.2 70.3 69.8 69.8 70.2 69.8 70.6
-9999.0 71.3 66.2 62.4 73.4 76.2 77.8 80.8 77.4 72.7 71.1 68.7 64.7 60.8 59.8 61.3 62.1 64.4 64.6 66.6 52.1 55.0 65.3 70.1 73.0 75.1 75.6 73.9 72.9 69.9 52.2 62.3 68.4 62.0 62.2 57.6 40.4 35.5 48.6 68.5 70.6 69.7 70.6 70.5 70.7 72.2 73.5 75.0 75.5 76.3 75.6 74.5 74.3 73.3 74.0 72.8 72.7 72.6 72.3 72.6 74.1 74.8 74.6 74.3 74.1 73.9 72.3 72.0 71.5 70.7 70.5 71.1 71.4 71.3 70.7 70.4 70.5
-9999.0 61.3 62.3 71.6 74.3 76.8 78.2 78.1 75.0 70.8 65.5 59.4 64.5 68.3 69.3 70.0 70.8 70.9 69.5 58.0 57.9 72.0 73.9 74.7 76.3 77.4 75.8 74.3 73.5 68.3 55.1 69.3 68.7 61.1 65.9 68.2 66.1 66.3 40.1 56.8 71.7 70.6 68.4 68.8 69.0 71.1 72.7 74.5 75.3 74.4 75.3 75.0 74.4 73.6 74.5 73.3 73.2 73.0 72.7 72.5 73.8 73.7 74.0 73.3 73.6 74.0 73.1 72.7 72.2 72.1 71.4 71.1 70.5 70.6 71.0 70.5 70.2
-9999.0 63.4 69.8 72.2 75.2 78.3 78.8 77.8 75.1 71.1 68.4 69.9 70.8 71.8 71.6 71.0 71.6 70.2 58.6 65.2 74.7 75.9 76.3 75.8 75.2 73.9 74.2 74.5 73.9 63.0 61.0 71.2 68.2 57.7 67.0 69.0 68.8 68.8 60.3 37.2 68.3 70.0 68.9 68.2 69.2 70.5 71.6 74.3 75.0 74.7 73.7 73.5 73.9 74.3 73.4 73.8 73.7 73.1 72.8 73.1 73.6 73.1 73.3 73.4 73.7 73.5 72.9 72.3 72.1 72.3 71.6 71.2 70.3 70.9 70.8 70.3 69.5
-9999.0 69.2 72.4 74.3 77.1 78.4 78.6 76.2 63.8 59.8 55.1 56.3 58.0 59.9 60.8 63.2 65.3 65.2 69.4 77.5 77.3 74.9 73.5 73.1 72.1 71.7 71.4 70.6 70.6 56.1 65.3 69.1 62.0 63.6 69.1 70.2 70.7 70.0 63.6 39.8 67.1 67.3 68.5 68.1 68.9 70.8 71.9 73.7 74.8 75.7 74.7 73.9 73.8 74.0 74.2 76.0 75.1 74.3 74.4 73.6 73.4 73.4 73.3 74.1 73.5 72.8 72.6 72.2 72.0 71.3 71.2 71.3 71.0 70.5 70.6 70.5 70.0
-9999.0 57.1 60.2 66.3 72.0 74.9 66.8 61.4 67.8 73.3 73.5 75.4 77.2 78.1 77.0 78.1 77.5 77.5 76.6 76.2 75.7 73.2 72.7 72.2 69.1 68.0 66.6 66.3 64.7 47.5 61.8 57.8 62.5 69.4 71.5 71.1 71.0 68.8 46.7 44.2 69.0 69.7 70.4 68.6 69.5 70.0 72.2 74.8 75.6 75.5 74.9 74.5 74.0 74.3 76.8 78.2 76.6 75.4 75.6 75.7 74.9 73.9 74.1 73.7 73.1 73.2 73.3 72.4 72.5 71.4 71.6 71.9 70.8 70.9 70.5 70.6 70.9
-9999.0 75.5 76.0 72.3 66.9 66.5 68.7 76.0 78.7 78.3 78.1 77.9 77.7 75.6 75.5 74.6 74.0 74.2 73.3 72.2 71.7 70.9 67.3 61.9 63.4 65.4 65.2 65.1 55.3 51.8 58.1 67.4 70.6 72.0 72.1 71.5 63.6 37.0 50.0 67.8 69.5 71.8 72.5 70.0 69.9 71.8 73.8 74.9 76.4 75.8 76.0 76.0 75.8 75.7 76.8 79.3 78.5 77.5 77.5 77.3 76.7 75.8 76.1 74.6 74.5 73.9 73.3 72.7 72.8 72.6 71.6 71.3 71.8 70.8 70.7 71.1 71.9
-9999.0 78.4 78.9 78.1 78.1 77.1 76.3 77.4 77.1 77.3 76.1 75.5 74.6 75.0 74.6 72.6 71.7 70.2 70.6 70.0 67.9 63.5 65.2 71.2 71.0 71.8 71.6 70.0 51.3 57.9 63.8 71.5 73.2 72.5 69.6 58.0 42.4 57.3 68.2 68.2 69.0 72.2 70.2 69.5 70.3 72.1 74.3 75.7 76.6 76.3 76.4 76.9 75.9 77.2 78.9 82.2 81.2 78.3 77.4 77.2 77.1 76.2 76.2 75.9 74.7 74.1 74.0 73.2 73.1 73.9 72.3 71.5 71.7 71.2 71.3 71.2 71.5
-9999.0 79.6 76.9 75.4 74.6 73.7 73.4 73.8 74.1 74.6 73.1 72.1 71.6 68.1 63.6 64.1 64.0 63.5 63.0 62.1 66.2 68.3 70.9 73.3 74.6 74.6 74.3 62.2 48.9 61.8 69.6 73.9 72.0 71.3 64.5 41.8 61.2 66.7 68.2 69.6 71.7 69.6 69.7 71.0 71.7 72.5 75.0 76.4 76.6 76.3 76.6 78.2 76.7 77.8 78.9 81.2 81.9 80.3 78.2 77.7 76.9 77.5 77.5 77.4 76.7 75.3 74.8 74.2 73.0 73.2 72.5 71.9 71.8 71.6 71.6 71.4 71.2
-9999.0 77.1 75.2 72.4 73.4 72.2 70.1 69.7 70.0 69.4 68.4 65.8 63.1 65.0 70.4 72.1 71.6 71.0 71.4 69.9 72.1 71.9 72.4 75.2 76.8 77.7 73.8 53.5 62.2 69.3 73.7 72.9 72.2 71.1 60.4 52.7 68.6 68.5 69.8 71.7 70.2 69.9 71.2 72.6 64.6 58.6 64.3 69.5 73.0 74.8 75.6 78.0 77.9 77.8 80.0 80.2 81.1 78.1 65.4 66.8 68.6 67.9 72.1 75.2 73.9 72.9 75.4 75.1 64.6 58.8 57.0 63.1 70.5 71.5 70.7 67.8 64.0
-9999.0 75.7 74.4 69.0 64.4 69.3 69.4 69.6 69.3 68.7 67.2 70.2 70.0 71.5 73.9 75.3 75.1 74.6 73.7 74.2 74.5 75.3 76.2 77.5 77.9 77.6 69.7 56.7 72.1 73.5 75.8 74.2 73.5 70.4 46.8 57.2 68.7 70.9 71.4 70.1 70.5 71.3 72.8 72.2 56.6 69.9 70.5 66.3 63.8 61.9 60.7 61.5 62.3 65.2 67.8 69.7 74.4 64.1 68.9 76.0 76.3 73.4 68.9 67.5 65.9 59.8 69.9 75.9 69.1 73.1 71.3 63.4 58.2 57.3 57.7 57.7 62.2
-9999.0 74.3 66.6 67.2 73.7 75.2 74.8 75.4 74.9 73.4 73.4 73.3 63.3 65.8 69.0 71.4 71.8 67.1 61.6 63.1 63.8 63.9 67.5 67.5 69.5 71.1 61.3 70.9 76.5 76.0 74.9 74.7 73.2 71.6 56.6 48.3 70.0 71.4 70.6 71.3 71.8 73.3 74.8 72.5 58.4 76.0 77.7 77.2 77.3 77.2 77.6 77.9 77.3 76.5 76.5 73.7 71.9 70.7 80.1 80.2 80.3 80.3 80.4 79.9 78.5 73.7 59.7 61.5 67.2 70.5 71.8 75.4 74.5 73.3 73.7 74.0 73.9
-9999.0 73.4 64.6 72.1 75.6 77.1 77.2 78.4 78.0 77.1 77.2 73.2 62.6 70.0 71.3 71.7 71.6 73.5 76.3 77.3 77.1 75.2 74.4 73.6 70.8 71.7 73.8 79.0 79.0 77.7 75.5 74.0 74.8 72.0 57.8 38.2 65.3 70.0 70.1 71.4 72.6 74.8 75.6 61.5 67.0 77.4 77.9 78.2 78.1 77.6 78.2 79.6 79.3 79.3 81.4 82.4 81.2 80.4 81.2 80.6 80.9 80.8 80.2 80.3 79.6 79.7 77.8 74.2 69.3 69.2 61.5 58.4 63.0 74.6 74.7 74.9 74.4
-9999.0 72.6 64.8 74.0 77.1 80.4 81.2 80.4 80.6 80.5 80.3 66.5 73.6 80.4 79.5 79.4 79.2 79.6 78.8 79.1 78.5 78.7 78.9 78.5 79.0 79.0 79.3 79.9 80.2 77.3 75.4 74.7 73.4 69.4 57.0 57.0 46.8 68.0 70.1 70.8 71.9 74.4 75.6 60.5 75.1 77.6 77.8 78.6 79.1 78.8 79.7 79.9 79.9 81.3 81.6 80.5 80.5 80.7 80.7 80.5 81.6 80.4 80.5 80.2 79.5 79.6 79.5 78.9 78.8 78.7 77.7 73.1 58.7 70.8 75.9 74.5 74.2
-9999.0 63.7 69.3 75.1 77.6 81.0 81.3 81.1 81.0 80.7 72.8 63.9 79.5 81.0 80.2 79.6 79.4 79.4 79.5 79.5 79.2 78.5 78.8 78.8 78.6 79.2 79.7 80.1 79.7 77.9 76.3 74.5 73.2 71.6 65.1 58.9 42.7 66.4 71.1 70.5 72.2 74.0 75.2 63.0 70.6 79.5 78.8 80.4 79.0 79.1 80.3 79.3 80.2 80.2 80.4 81.1 80.0 76.7 77.8 82.3 80.6 80.8 77.7 71.7 68.7 73.7 65.5 62.3 66.2 72.8 79.2 78.1 72.4 60.9 61.8 66.2 71.0
-9999.0 71.5 74.5 76.2 79.2 81.6 81.3 81.3 81.1 79.0 63.8 76.6 80.5 80.6 81.1 80.2 79.8 79.9 79.7 79.8 79.7 78.8 78.6 79.3 79.6 79.1 79.8 79.7 79.8 78.0 76.1 74.4 72.5 75.1 72.6 49.0 60.9 70.1 70.6 70.9 72.2 67.1 61.8 60.6 78.4 80.3 80.8 80.4 80.2 81.5 78.4 67.5 64.6 66.8 67.6 67.6 69.1 69.5 64.7 70.4 70.3 68.1 63.9 68.4 70.4 67.4 68.0 75.7 72.0 61.9 66.1 74.1 77.9 76.7 74.2 67.5 61.5
-9999.0 75.8 77.4 79.8 81.1 81.5 82.0 81.7 81.7 67.9 71.2 81.0 80.4 81.1 81.2 80.4 80.9 80.5 80.5 79.8 79.7 79.3 78.5 80.3 80.2 80.1 79.5 79.2 79.0 76.7 74.7 73.2 72.8 72.6 57.6 42.7 70.0 70.4 71.1 71.2 71.8 56.4 60.2 70.3 77.5 78.5 78.5 81.4 82.0 76.3 66.0 70.3 80.4 82.3 82.9 81.6 82.5 80.9 80.2 74.6 73.5 73.3 77.1 79.5 79.3 77.9 77.3 77.4 77.3 76.5 70.9 63.8 63.2 72.1 73.6 71.6 70.6
-9999.0 78.5 81.3 82.2 82.2 82.5 81.6 81.7 76.6 64.8 80.4 80.8 80.7 81.3 81.4 80.3 80.6 80.9 80.8 80.0 80.0 79.2 79.4 79.3 80.2 79.4 79.4 79.3 78.0 75.8 74.0 72.4 72.1 57.1 46.9 67.8 70.1 70.5 71.1 72.2 70.0 56.8 74.5 75.8 77.4 77.2 78.0 71.9 68.2 69.4 77.5 82.0 82.3 82.9 82.1 81.9 81.4 80.9 80.0 80.4 80.2 79.7 78.7 78.0 77.7 79.0 78.4 78.7 78.0 77.8 80.3 80.4 71.9 67.3 66.6 65.9 67.9
-9999.0 82.0 83.2 82.9 82.4 82.6 82.4 81.8 65.8 74.8 81.9 81.0 80.5 81.7 81.3 80.5 80.6 81.1 81.6 79.5 79.5 80.7 80.3 79.8 79.2 79.4 79.5 79.1 77.2 75.2 73.8 72.2 72.0 54.7 56.0 70.5 70.7 70.7 70.5 70.3 55.7 62.5 72.6 75.0 75.4 75.5 68.3 66.0 80.8 84.3 83.0 82.0 81.7 81.0 80.5 81.8 80.9 80.0 79.1 79.8 78.8 77.5 77.0 76.6 76.3 77.2 77.8 77.8 77.5 77.8 79.0 79.0 77.6 76.2 75.8 75.5 76.0
-9999.0 83.4 83.8 82.9 83.3 82.7 82.3 74.2 66.8 81.3 82.0 81.7 81.5 81.5 81.4 80.7 80.7 82.0 81.3 80.4 81.1 81.5 80.8 80.5 79.5 79.2 79.4 79.3 77.1 75.4 73.7 72.3 72.3 67.8 54.3 45.5 50.1 42.8 44.6 41.1 60.0 72.5 74.3 73.8 74.5 73.5 60.2 76.6 79.2 81.9 82.2 82.2 80.5 79.2 79.0 79.2 79.9 79.3 78.4 78.8 77.5 76.9 76.7 76.8 76.2 76.2 76.2 76.3 77.5 76.8 77.5 75.9 74.4 75.7 75.3 75.6 76.0
-9999.0 84.0 83.5 83.7 84.1 82.8 82.7 71.5 64.4 81.0 81.7 81.8 81.4 82.5 81.7 81.5 82.0 82.3 81.4 82.8 85.8 84.5 82.2 80.8 80.0 79.7 79.5 78.8 77.3 75.6 73.4 72.6 72.6 70.8 70.4 71.0 62.7 62.7 70.7 63.5 45.1 43.5 51.5 72.0 57.4 59.1 64.6 76.6 77.5 78.7 80.1 80.6 79.3 78.5 78.0 78.2 78.9 78.1 77.4 78.0 77.1 76.4 77.0 76.4 77.1 78.3 76.3 76.1 74.6 71.3 72.9 67.3 71.2 74.3 75.0 75.5 75.2
-9999.0 84.8 84.2 84.7 84.7 83.7 83.5 70.4 74.4 81.7 83.1 83.1 83.2 84.2 84.0 83.8 82.8 84.0 83.2 84.0 85.8 83.8 83.8 81.9 81.6 86.3 79.6 79.4 77.5 75.9 73.9 72.1 70.1 69.9 69.8 69.2 68.6 69.2 69.2 69.4 63.7 65.2 46.0 53.3 57.0 71.8 74.2 75.6 77.1 78.5 79.7 79.7 79.0 78.3 77.4 77.9 77.2 77.4 77.4 77.2 76.9 76.2 76.3 76.4 76.3 76.7 76.4 67.0 59.3 61.0 61.7 62.4 59.4 57.8 61.3 66.3 60.7
-9999.0 85.4 86.5 87.1 86.1 84.6 81.4 65.9 81.0 83.0 83.9 85.1 84.6 85.2 85.1 85.2 84.6 85.1 83.7 85.4 83.9 83.3 82.3 82.8 82.0 80.8 81.2 80.8 78.4 76.4 75.2 73.5 72.4 70.8 70.6 70.7 71.0 71.2 71.5 73.3 71.6 71.8 63.0 53.8 55.3 60.0 73.5 75.2 76.8 78.2 79.1 79.6 78.5 77.7 78.3 78.1 76.9 77.2 77.1 76.4 76.7 76.3 77.0 77.0 76.6 76.2 65.6 60.4 74.3 75.7 75.4 75.4 74.8 72.5 69.1 65.1 67.8
-9999.0 85.9 86.7 86.8 85.7 85.4 74.8 68.8 80.5 84.1 86.7 85.2 85.4 85.4 85.2 85.8 85.1 84.3 84.1 84.1 84.0 82.9 82.1 82.2 83.0 84.5 82.4 81.3 80.0 77.4 75.8 74.9 73.8 72.2 71.5 71.2 71.2 72.6 72.9 72.4 73.1 72.4 56.2 50.3 55.9 65.6 72.5 74.2 76.7 77.5 78.4 80.7 78.9 79.0 78.6 77.8 77.4 76.7 76.3 76.9 76.6 76.7 76.7 76.2 75.3 66.6 59.5 74.3 77.0 75.9 75.7 75.3 74.9 74.1 74.4 73.8 72.1
