data/case_study_destine/merger_hmc_by_domain/geo/RomagnaDomain.dem.txt
ncols   363
nrows   245
xllcorner    10.7858
yllcorner    43.7464
cellsize    0.005011
NODATA_value -9999
[rows 136 to 169 of 245, columns 154 to 230 of 363]
257.8 239.3 215.7 203.5 196.0 236.2 266.3 200.5 177.3 161.1 145.3 136.6 124.9 107.5 116.8 144.1 162.3 208.0 238.3 232.7 262.3 229.9 205.2 244.9 280.2 219.6 217.5 253.0 231.0 206.6 234.3 267.2 236.6 245.0 199.7 176.3 219.0 241.7 196.3 163.8 126.4 100.1 99.3 118.9 134.4 174.6 182.4 138.5 157.1 155.3 142.3 132.6 126.6 119.0 117.3 115.5 110.2 103.3 100.2 101.0 101.8 103.0 102.5 101.3 96.5 80.6 55.5 58.6 65.1 61.8 55.7 51.1 56.3 67.0 78.1 79.3 80.7
299.1 274.5 264.3 254.7 222.4 171.9 164.7 147.8 134.2 124.4 117.8 110.5 118.4 139.6 206.7 207.0 157.2 171.7 198.2 211.3 249.7 286.3 270.5 286.7 289.2 251.9 233.6 209.4 238.1 219.5 188.9 229.6 243.5 222.1 193.7 207.3 230.9 231.1 201.5 152.3 97.8 104.8 121.3 135.5 187.4 191.6 169.9 162.7 152.4 164.5 169.3 154.9 148.8 137.1 125.6 120.6 115.6 105.9 102.7 102.6 102.9 100.6 97.6 95.8 88.1 63.0 72.2 86.6 87.5 83.6 77.7 76.0 79.9 80.9 82.3 83.1 83.7
377.4 326.5 287.2 239.9 182.3 130.2 128.8 128.1 127.2 131.3 135.1 156.2 195.3 236.1 233.6 180.9 198.7 202.3 215.9 277.7 288.1 288.9 259.2 254.9 228.3 236.4 200.7 181.0 213.5 199.0 166.6 176.3 173.8 164.8 156.5 155.8 153.9 148.8 139.6 124.1 95.8 112.1 136.5 166.7 208.6 201.8 221.1 170.1 178.0 195.8 193.0 172.7 147.2 150.5 148.4 133.5 126.0 112.3 101.5 92.9 91.7 93.3 73.6 72.6 67.6 63.1 89.1 92.0 94.5 91.7 89.7 87.2 86.8 87.5 87.7 87.0 86.7
227.8 202.5 182.3 141.3 140.8 154.9 176.6 194.4 248.6 236.5 180.0 220.6 227.6 258.1 219.6 203.8 202.7 237.4 261.8 262.8 238.7 291.9 244.1 199.8 182.0 180.2 177.8 161.0 155.5 123.0 121.8 120.9 122.0 133.9 127.8 124.8 119.7 111.2 103.4 106.0 98.0 118.2 157.6 225.5 235.2 227.2 188.4 190.8 220.7 203.2 173.8 162.0 179.5 166.6 162.7 151.1 126.8 113.0 83.4 78.7 77.1 78.0 74.1 74.2 70.8 88.3 93.8 96.0 98.3 97.5 96.2 94.4 93.6 92.5 90.9 89.9 88.7
162.8 151.7 162.1 169.5 208.0 213.6 244.9 255.7 303.0 245.4 227.9 318.4 340.9 324.9 305.9 237.4 237.7 275.6 271.4 251.7 209.8 222.1 195.9 172.6 160.2 132.1 131.6 126.4 125.7 124.8 148.5 153.1 144.8 123.5 126.5 128.1 120.5 119.0 129.4 107.1 116.6 155.6 196.0 262.9 224.0 210.9 236.2 213.7 192.7 204.4 208.5 187.8 204.3 172.4 140.3 119.2 101.1 84.7 90.1 93.8 86.1 99.7 99.2 74.7 90.2 98.0 99.9 101.6 103.1 101.0 99.4 97.4 95.6 94.9 92.5 91.6 90.9
180.3 208.0 254.7 266.1 318.6 278.7 304.0 332.2 317.4 248.6 230.4 301.5 388.0 443.2 423.2 358.0 329.0 291.1 256.6 217.3 196.2 180.0 157.2 139.7 140.0 153.2 149.2 167.5 177.0 169.0 182.7 186.6 176.3 171.4 164.4 157.4 153.9 147.4 115.5 136.5 143.7 161.7 190.1 231.7 241.6 258.9 235.0 226.1 224.5 234.4 231.5 223.4 173.3 125.6 114.8 102.7 86.1 92.7 107.3 106.4 109.7 113.9 107.3 85.6 79.5 100.7 106.3 106.9 106.2 103.9 101.7 99.2 98.1 96.3 94.6 93.2 91.5
237.8 270.9 327.4 366.0 408.3 343.9 375.7 414.5 334.6 286.1 266.3 270.2 297.0 356.9 440.6 451.7 440.4 411.5 346.1 271.8 176.4 163.7 182.4 202.9 205.0 232.8 179.9 237.7 210.4 184.9 233.4 249.1 240.3 221.6 207.2 175.4 147.7 118.2 138.2 214.0 194.7 146.8 160.4 179.1 223.4 262.3 219.8 190.8 191.3 165.4 216.7 176.7 126.0 117.0 98.0 87.7 89.7 111.5 112.3 115.5 124.3 120.7 115.4 99.8 85.8 87.3 100.1 110.1 109.2 106.5 103.6 102.6 100.4 98.4 96.2 94.5 92.6
306.2 322.5 327.1 335.5 421.2 444.6 457.6 421.2 314.8 311.1 375.3 357.9 339.1 362.0 404.1 327.4 335.3 328.3 265.9 191.8 172.9 279.9 343.5 311.5 293.7 240.2 199.3 232.9 209.6 230.1 255.6 219.7 204.9 186.3 182.8 169.6 134.0 133.6 187.3 226.1 179.0 187.2 188.7 205.9 213.8 257.5 244.6 210.1 214.3 159.9 151.1 120.7 97.9 95.0 99.4 113.6 115.4 119.2 126.9 135.7 131.6 127.3 125.2 123.8 118.9 111.6 87.9 109.1 111.6 109.6 107.1 104.7 102.9 100.7 97.9 96.1 93.6
409.3 413.0 440.0 409.7 439.1 505.6 439.7 367.7 393.0 403.0 453.8 444.1 422.9 431.8 407.3 333.9 271.2 230.6 209.2 162.8 208.2 309.6 432.2 447.5 372.4 297.8 265.1 268.9 276.4 282.2 277.9 265.4 232.5 223.6 195.9 150.0 130.5 174.0 215.9 226.8 226.0 235.9 273.3 251.5 245.5 231.5 191.1 170.1 158.0 149.8 122.5 96.9 95.0 110.8 126.3 127.2 131.7 142.9 150.1 149.5 148.3 147.7 150.2 144.5 130.2 98.1 87.0 108.8 113.7 111.2 109.6 107.4 105.0 102.9 101.0 99.0 94.4
432.5 477.1 478.2 491.7 527.0 535.0 443.6 439.3 502.8 517.6 497.5 472.8 478.4 398.9 372.4 355.1 267.2 225.8 189.9 181.8 241.6 309.8 387.7 431.0 417.4 414.9 404.3 367.1 324.0 270.7 239.0 248.0 205.8 162.3 142.5 172.4 166.5 199.7 245.9 217.9 219.7 256.7 238.2 231.4 211.4 188.6 187.9 196.4 151.5 136.1 119.6 99.8 98.9 125.1 136.2 142.4 162.5 171.1 184.4 204.3 187.4 173.4 151.1 137.7 103.9 96.7 91.0 104.5 124.2 123.5 116.9 115.2 112.0 108.3 105.4 100.5 96.7
411.3 427.6 437.2 480.8 510.2 526.8 530.4 550.7 539.5 507.0 424.3 374.7 373.6 398.4 320.3 276.6 220.7 187.0 196.8 230.0 267.2 314.5 389.6 413.7 407.1 417.1 476.0 441.5 435.8 364.3 257.7 191.7 180.7 191.7 210.3 246.8 209.2 196.6 247.1 214.3 198.8 185.5 209.0 198.2 206.6 221.7 177.9 151.8 134.8 106.1 104.4 115.9 129.2 146.6 159.3 181.5 215.6 228.4 231.5 225.7 201.9 168.2 143.1 124.2 95.8 103.9 93.0 129.1 161.8 148.1 131.5 124.5 117.2 113.9 107.2 102.6 99.0
372.3 391.3 423.6 457.6 497.5 560.1 600.9 538.8 516.8 446.1 404.5 407.5 346.5 332.2 287.0 231.0 204.2 258.5 301.1 308.7 291.6 297.2 376.5 441.8 410.9 402.1 373.6 378.6 356.7 266.0 194.8 243.5 271.5 308.2 315.3 322.9 288.9 240.1 267.5 234.8 201.1 202.2 181.1 175.0 158.0 167.7 156.8 147.4 125.5 103.5 131.6 148.4 161.3 170.9 206.7 220.8 241.6 225.4 186.4 189.6 184.3 145.7 131.4 110.7 97.2 116.3 104.7 125.4 184.1 157.5 146.7 133.6 125.5 126.3 115.9 105.5 102.9
461.9 501.4 473.0 469.2 547.8 614.3 550.0 501.7 508.0 507.0 411.2 352.3 329.9 269.8 221.4 231.6 284.9 302.9 349.9 405.7 398.3 388.5 442.4 448.1 344.6 291.9 257.9 218.7 220.6 218.2 243.6 277.8 349.9 428.9 397.3 403.7 377.2 324.6 316.1 279.7 265.5 263.8 255.8 221.6 168.5 127.8 127.2 118.4 108.1 111.9 159.1 186.5 215.8 221.9 223.5 189.5 176.3 177.9 171.4 144.2 131.3 128.5 113.5 105.5 122.3 145.1 118.3 114.0 189.4 179.8 163.4 156.3 141.7 137.8 132.3 115.9 113.0
481.5 568.5 585.8 558.9 642.4 594.7 498.9 465.7 475.4 481.0 396.3 316.0 253.4 228.1 278.1 382.0 392.5 379.5 382.1 430.2 496.8 480.5 476.9 442.2 383.5 298.0 226.3 257.0 305.0 307.4 310.8 304.8 360.6 431.4 466.0 474.4 474.3 389.0 321.9 289.1 247.8 208.7 187.2 156.0 127.5 116.2 121.5 133.8 154.8 180.8 218.5 243.2 199.8 177.7 158.9 149.1 137.3 115.4 119.9 109.6 107.4 108.6 120.8 171.5 173.2 147.4 122.2 118.3 183.3 198.8 205.3 192.6 160.2 145.9 150.5 126.3 127.0
492.2 513.5 577.6 663.3 662.0 549.6 489.4 431.7 411.6 463.6 385.1 268.3 256.8 318.8 411.9 456.4 477.6 497.9 497.9 497.4 522.7 471.4 391.5 396.7 342.6 253.4 287.2 333.1 356.9 381.9 380.6 400.3 387.3 339.1 402.8 355.0 374.9 329.8 231.8 185.0 170.0 145.5 130.1 128.7 140.1 162.0 193.7 208.7 234.7 217.4 205.8 220.5 174.6 131.9 125.5 123.9 127.3 128.6 117.6 141.4 149.4 172.5 195.3 181.8 152.5 192.6 153.1 111.9 131.5 203.6 212.3 177.0 166.5 144.2 177.3 157.4 145.4
587.8 603.6 618.8 641.1 610.1 613.0 560.8 505.2 416.3 371.1 382.6 273.8 280.2 336.2 383.8 397.2 434.4 490.1 513.4 449.1 435.4 375.3 347.5 282.7 266.1 299.0 405.9 423.9 420.4 409.8 428.7 384.0 318.1 282.6 333.6 298.2 268.0 214.8 151.0 138.0 136.5 134.5 144.8 173.6 181.5 228.5 292.6 297.9 302.2 250.1 203.0 160.5 133.3 128.1 164.0 185.8 174.2 176.0 153.8 180.0 203.7 207.1 176.7 167.3 212.7 222.8 184.5 130.0 143.3 209.5 218.7 200.8 156.3 173.7 210.8 176.0 152.3
639.5 595.6 589.4 617.7 524.5 573.3 509.1 452.1 421.3 372.7 288.1 272.8 388.1 414.9 383.2 444.9 496.7 508.9 488.5 428.9 375.5 307.6 304.2 343.4 395.5 397.8 468.0 483.8 455.1 354.6 375.0 330.5 342.9 291.9 221.8 233.5 195.8 169.1 149.1 185.9 193.6 186.8 202.8 225.8 203.1 256.3 339.9 307.3 327.9 260.7 206.4 140.9 164.9 188.1 220.8 215.5 220.4 201.3 177.9 216.9 234.0 185.4 211.2 219.6 221.2 205.4 179.3 122.6 175.8 227.2 171.1 169.4 167.0 235.5 229.4 177.3 170.9
562.7 530.9 580.8 563.3 484.9 536.3 518.3 407.5 323.4 279.8 322.7 400.9 490.6 495.4 451.3 502.5 569.4 489.5 419.8 412.0 319.8 342.9 406.1 466.0 491.1 484.2 415.1 418.0 424.3 361.8 292.1 293.8 251.1 193.4 163.0 159.9 162.2 169.9 195.9 234.6 244.1 208.7 255.2 313.3 253.7 226.1 268.1 331.9 279.4 267.7 212.4 142.5 180.9 261.3 303.9 289.4 255.7 201.2 201.5 233.8 250.9 202.7 251.4 214.3 208.8 203.2 151.8 141.9 237.7 206.6 216.4 236.9 188.6 225.9 195.7 176.5 169.8
506.3 514.5 542.9 517.7 450.4 490.6 494.4 385.5 282.9 338.3 396.4 450.0 526.5 511.0 533.6 598.5 598.2 479.0 404.1 335.5 379.4 454.8 477.2 490.4 477.2 454.7 374.8 362.3 340.3 337.8 254.3 211.7 181.9 179.3 211.6 229.1 237.2 255.0 232.9 331.1 365.1 292.3 263.6 369.7 310.2 264.1 335.5 287.5 221.8 213.6 195.4 147.0 176.9 247.1 344.9 358.7 267.6 240.7 278.9 292.5 250.2 230.6 275.6 246.1 208.6 185.0 149.6 155.3 246.0 219.3 238.8 228.0 245.0 229.9 227.4 242.3 208.0
450.8 447.4 446.9 432.1 408.0 418.8 429.4 390.6 297.8 387.2 455.7 434.2 526.1 581.7 657.0 579.1 558.9 433.3 361.0 424.5 512.0 524.4 531.4 473.0 402.1 430.2 384.2 320.5 318.4 259.1 185.1 192.0 230.9 273.2 322.7 331.3 350.1 325.3 228.3 323.3 395.0 385.7 283.2 344.0 381.7 354.0 302.1 270.0 312.2 273.1 224.5 172.8 156.6 187.3 273.1 291.8 263.5 324.2 370.0 367.8 320.3 301.8 285.7 245.3 226.5 199.2 155.4 160.9 241.0 239.6 212.3 183.6 197.6 224.5 225.4 270.0 246.7
560.9 514.6 486.7 460.5 464.5 457.3 403.9 318.4 324.2 408.4 521.0 479.5 540.8 616.0 652.7 579.0 496.1 409.4 402.2 471.1 553.2 503.0 443.9 457.2 365.1 384.8 353.5 283.0 220.8 191.5 220.4 278.7 340.1 344.9 400.7 424.7 354.5 268.2 268.5 310.3 378.0 420.9 339.6 400.5 445.8 341.6 339.8 322.8 262.2 244.7 253.2 220.0 171.4 179.4 273.5 278.0 319.3 369.2 453.7 449.0 410.9 361.9 312.5 280.9 230.8 219.8 193.6 165.4 235.2 216.1 192.0 177.2 164.0 163.2 180.9 197.7 227.5
689.9 632.9 646.9 605.6 581.4 483.4 376.0 335.6 451.5 459.1 557.1 536.0 620.8 639.7 555.2 510.4 438.2 400.5 512.3 560.5 495.7 421.5 385.7 413.6 387.4 316.4 313.1 230.2 207.7 257.0 335.7 419.2 367.6 405.0 471.0 411.4 328.5 300.1 375.3 327.8 339.5 409.6 423.1 429.4 413.6 422.0 376.7 293.9 319.3 355.4 326.7 228.7 171.2 181.8 282.5 292.3 328.8 393.0 434.4 502.4 483.8 438.4 408.4 346.4 310.4 272.7 204.7 186.2 218.5 256.5 227.3 210.7 188.6 164.4 167.1 150.6 159.8
603.0 581.3 586.6 586.4 565.5 439.6 332.7 385.8 483.2 559.8 593.2 630.8 700.8 616.4 550.4 459.0 430.6 494.7 575.0 529.4 439.0 424.9 408.4 372.6 334.9 373.1 250.9 215.9 309.3 346.5 341.1 407.9 475.9 441.0 426.7 345.0 311.0 341.6 384.7 402.7 365.5 376.0 450.2 472.1 461.4 486.5 425.9 408.2 435.7 394.3 306.8 215.7 174.7 203.6 275.0 328.3 303.0 364.3 401.2 408.6 475.6 485.0 445.6 399.7 340.3 262.3 211.9 251.0 267.7 268.1 235.3 214.6 206.8 228.4 219.7 172.9 153.1
533.7 492.0 474.0 450.6 431.7 380.6 340.9 444.0 502.2 549.0 639.6 729.9 655.6 581.5 481.3 454.0 525.2 589.4 603.3 490.0 525.7 561.8 516.6 463.5 356.2 279.7 223.0 268.9 353.3 417.8 420.7 455.8 478.3 377.8 359.0 376.1 408.2 392.2 376.6 406.0 463.8 455.5 487.0 416.1 417.6 430.9 399.1 379.9 353.0 299.2 214.4 186.1 186.8 283.9 297.5 370.7 333.7 313.9 367.5 421.9 411.0 372.1 350.2 320.8 293.4 221.4 257.5 333.2 353.6 314.1 294.3 270.0 268.0 289.7 268.8 224.1 167.5
669.3 598.3 590.8 565.5 480.2 365.7 374.6 495.8 581.8 574.6 617.3 627.4 586.5 498.3 476.8 533.5 612.2 689.4 637.6 537.4 612.3 576.0 440.9 364.7 262.4 231.8 272.0 402.5 485.5 489.1 546.3 510.5 403.3 397.3 421.9 439.4 424.4 488.4 437.5 475.8 471.7 443.6 435.3 349.0 360.3 422.4 384.9 291.6 218.0 199.1 201.0 226.8 250.9 268.9 342.6 398.6 368.8 322.5 363.2 438.1 405.4 310.6 314.2 257.3 228.8 243.3 287.3 362.0 387.4 350.9 313.9 300.5 298.2 261.6 208.5 164.7 132.5
562.8 519.9 488.4 472.2 438.7 374.8 375.5 489.0 606.1 709.6 675.4 607.0 519.9 518.5 575.7 614.6 658.0 726.3 627.0 644.3 606.9 539.7 538.5 440.8 309.5 252.6 377.9 450.2 552.3 602.1 548.2 472.7 432.0 495.3 489.4 469.8 467.9 540.3 542.1 465.0 404.2 344.0 360.6 383.4 292.5 287.0 260.6 215.2 227.3 247.3 298.5 362.4 389.2 291.1 354.9 384.6 378.6 400.3 430.8 457.0 399.5 326.0 255.7 278.8 304.9 334.0 325.2 304.7 281.6 275.0 292.8 275.6 227.5 193.7 164.5 137.6 120.8
563.7 557.2 561.6 544.6 458.3 366.1 460.4 571.9 667.7 636.4 586.6 541.1 591.9 636.4 702.9 688.2 712.7 630.9 601.8 568.4 534.5 480.4 494.8 461.7 343.0 261.8 402.2 503.6 600.1 623.3 517.8 457.7 521.8 585.6 585.6 585.7 580.3 541.7 524.4 462.4 430.2 374.4 297.0 275.2 235.1 237.0 215.9 242.1 314.6 307.1 338.2 425.2 438.5 372.3 399.9 374.2 395.2 454.5 440.6 405.4 341.7 271.3 308.5 378.3 390.1 325.9 253.1 251.6 231.3 206.4 201.7 231.7 209.3 173.8 154.7 119.0 141.6
739.1 687.3 634.7 512.5 407.6 412.2 528.3 579.1 676.3 678.6 639.6 560.3 656.2 665.9 695.9 743.8 653.1 583.5 497.9 468.2 454.6 406.6 406.4 386.8 387.3 267.5 309.6 439.1 554.0 590.9 521.8 511.8 549.3 650.4 593.1 524.7 508.3 446.5 488.7 449.2 387.7 325.2 261.6 309.8 320.2 247.2 247.5 255.9 372.7 416.2 379.6 431.0 486.1 429.1 420.2 503.5 422.5 467.6 426.5 335.1 307.1 312.4 410.4 445.5 374.4 286.1 253.5 246.6 226.7 194.9 179.5 172.1 165.1 155.0 132.9 145.1 232.1
656.3 657.1 558.2 466.6 391.6 443.1 499.6 575.6 694.4 689.1 624.1 568.1 640.5 688.1 743.8 707.5 614.0 542.0 555.5 502.0 458.6 455.3 453.4 426.4 354.4 287.7 253.3 375.4 491.6 567.8 588.8 584.4 576.9 592.1 510.4 467.7 453.8 410.8 432.3 387.4 298.4 278.0 362.6 431.5 289.1 268.6 375.6 285.4 307.9 409.9 457.8 514.9 466.5 473.0 511.7 523.9 449.6 510.4 421.6 420.9 351.4 306.6 434.4 425.6 348.4 334.4 372.8 361.7 330.7 275.8 213.7 170.2 150.6 128.3 148.9 229.2 272.1
531.4 493.2 478.1 408.6 462.5 523.2 547.0 636.2 732.9 685.2 675.6 601.2 631.3 666.7 721.1 708.4 640.5 612.7 570.4 536.9 578.6 561.3 551.3 430.2 356.1 265.6 304.1 371.0 413.7 458.9 514.4 590.6 656.4 616.3 560.4 578.4 543.9 481.8 365.3 312.1 296.0 405.6 481.9 391.9 261.2 349.5 398.4 317.3 287.6 349.8 434.6 507.1 532.1 508.6 593.6 549.0 511.9 556.5 507.7 420.1 335.1 393.5 433.0 425.2 447.3 406.0 325.1 268.5 240.4 213.6 161.1 140.6 142.9 151.9 180.4 248.0 254.2
458.9 455.6 483.1 475.3 572.4 655.7 642.0 660.3 760.1 736.7 679.3 621.6 666.5 728.4 771.4 782.0 774.2 718.6 645.0 640.7 562.7 486.6 413.4 400.1 314.1 276.0 381.9 440.6 460.3 476.1 477.9 546.2 616.4 540.2 545.9 548.2 456.8 398.4 319.9 307.3 354.3 482.7 470.4 377.4 273.7 342.1 420.8 305.5 365.3 395.1 378.2 486.5 552.2 579.1 620.0 595.4 559.1 487.7 418.6 370.9 448.0 479.5 435.7 342.2 388.2 408.8 365.9 297.4 219.5 154.5 144.3 176.7 203.3 168.2 218.5 299.5 349.2
539.0 644.2 646.5 565.4 583.8 705.3 781.3 770.5 786.9 746.7 735.1 638.6 694.8 730.8 735.7 676.4 721.4 747.5 704.0 671.4 654.6 592.8 473.4 367.5 276.7 327.3 380.0 389.9 406.8 433.2 503.3 573.9 597.3 503.4 441.8 425.4 354.2 326.7 360.5 474.6 507.3 491.2 486.5 391.9 277.0 399.3 420.1 351.1 476.9 492.8 428.6 455.5 506.0 609.9 590.6 538.7 520.0 428.0 437.3 458.5 505.5 410.8 340.0 289.6 306.6 344.9 294.0 217.2 160.1 159.4 201.3 257.9 241.8 186.5 199.5 288.7 375.1
584.0 711.2 737.7 668.7 581.4 632.6 687.8 718.6 811.0 778.7 679.8 671.0 705.0 707.1 631.5 636.4 664.8 608.7 592.9 540.4 548.0 579.2 530.9 367.7 291.0 392.3 427.9 487.9 502.2 488.5 515.2 588.4 511.4 454.1 409.9 362.9 329.7 445.7 480.3 527.1 598.1 518.8 429.4 344.5 300.8 450.1 375.5 377.1 428.4 474.2 536.0 566.4 585.1 575.4 509.4 476.3 464.9 484.7 547.7 569.9 530.3 480.5 437.1 365.8 265.2 229.5 191.9 169.8 187.6 204.6 301.9 357.1 314.0 261.0 203.3 285.7 356.6
589.1 721.6 735.0 660.1 653.0 659.1 671.5 747.5 787.5 717.9 728.3 720.1 642.4 586.4 588.8 651.0 541.3 497.9 542.1 437.0 431.7 438.8 421.9 298.5 333.3 458.9 513.4 568.6 631.5 650.9 650.0 659.8 573.2 477.3 360.2 351.3 429.3 477.5 587.2 617.4 568.8 491.2 407.3 306.3 336.6 469.2 384.9 449.9 511.9 546.2 529.3 508.1 549.0 484.0 450.9 417.2 478.9 493.8 509.2 497.5 463.4 465.0 421.6 321.5 197.1 175.3 202.5 275.6 321.9 261.2 245.3 338.2 345.2 287.6 224.0 244.7 334.0
