data/case_study_destine/merger_hmc_by_domain/geo/RomagnaDomain.dem.txt
ncols   363
nrows   245
xllcorner    10.7858
yllcorner    43.7464
cellsize    0.005011
NODATA_value -9999
[rows 204 to 237 of 245, columns 77 to 153 of 363]
939.3 861.2 737.9 653.5 580.0 517.3 517.2 487.8 482.5 492.4 484.0 494.3 514.1 551.9 568.2 638.2 614.6 601.9 511.2 515.6 594.7 580.7 493.4 446.8 415.8 374.6 320.5 289.5 333.7 348.8 327.5 306.5 307.0 295.0 297.2 277.2 268.1 264.6 288.8 281.6 257.0 245.0 243.7 234.2 229.2 238.9 248.9 256.0 262.0 260.4 252.3 278.1 267.8 267.2 270.4 277.7 269.8 262.7 293.5 283.7 278.3 271.6 300.5 329.2 292.8 324.8 329.5 324.4 392.0 453.8 495.3 533.7 644.3 731.4 686.6 597.7 549.1
859.8 776.1 641.3 570.4 522.4 488.0 456.4 431.3 442.2 448.0 472.8 493.2 542.9 546.7 556.0 561.1 592.8 599.1 475.3 493.5 565.9 564.0 510.4 439.0 420.2 400.1 319.1 294.7 337.2 376.1 365.3 350.1 341.4 383.0 332.6 307.6 285.5 290.7 331.6 331.7 295.7 293.2 267.9 257.5 245.2 231.3 227.1 236.8 249.6 251.8 237.0 231.3 242.3 258.5 258.7 260.7 254.3 260.0 275.7 267.4 255.5 285.8 310.3 284.1 269.6 293.2 325.3 354.9 364.8 404.1 483.1 577.1 646.2 632.2 579.3 495.0 467.8
690.7 691.5 604.0 518.2 433.8 379.0 362.7 350.3 394.3 380.6 439.4 513.9 530.1 515.0 527.9 503.5 524.3 462.0 426.8 406.5 433.1 468.0 505.8 400.0 347.0 315.1 316.6 330.4 375.0 386.2 416.3 408.9 394.6 383.1 301.9 311.0 397.6 402.3 376.2 318.9 356.8 328.5 275.3 268.0 269.2 255.5 241.4 229.2 225.3 227.2 222.4 223.5 223.4 236.7 239.8 246.3 244.6 253.3 264.6 253.3 237.9 260.0 260.5 265.4 303.8 344.5 372.4 395.6 420.4 433.4 465.4 560.3 616.3 535.9 469.0 435.3 492.6
537.9 548.3 533.3 491.0 433.2 379.5 325.7 327.3 376.6 416.0 498.4 516.1 456.4 502.1 477.6 463.6 503.5 497.5 453.9 438.8 396.5 368.3 434.4 353.5 324.2 340.1 359.0 393.4 394.7 428.1 463.4 417.6 456.0 388.2 343.6 311.3 445.0 446.6 351.3 387.9 377.9 298.4 327.1 328.9 309.1 275.3 276.1 276.9 266.7 254.5 255.6 245.6 231.5 223.8 219.4 219.7 224.9 230.4 236.2 221.5 224.1 214.7 234.9 240.2 257.8 306.7 332.3 375.9 366.8 364.0 413.5 471.0 565.0 562.7 458.9 412.3 480.7
444.6 388.2 395.6 431.8 392.5 331.1 294.4 328.9 337.2 474.2 509.0 390.9 416.6 452.9 494.2 515.8 597.5 650.6 547.2 476.9 461.5 415.8 363.1 331.2 362.7 401.3 435.2 457.4 451.8 487.1 485.7 450.9 437.9 429.9 391.4 321.2 443.9 432.1 388.6 401.1 324.5 326.1 370.7 307.4 305.5 340.9 360.6 350.8 319.7 302.4 330.1 295.3 290.0 250.9 243.7 234.9 231.0 248.3 251.5 319.8 325.6 268.9 238.1 224.3 209.4 248.8 295.1 310.6 304.5 368.2 417.8 465.2 536.0 534.8 522.7 472.4 394.6
582.8 427.0 319.1 287.2 317.7 275.5 284.8 323.0 383.2 441.7 369.9 326.4 363.3 434.8 522.3 575.2 602.4 662.1 628.4 552.5 533.6 454.4 350.7 389.9 451.6 453.2 508.4 545.1 541.5 549.4 530.9 506.9 457.3 423.8 363.3 330.6 424.2 479.5 436.3 401.4 316.1 366.8 333.1 315.9 359.2 406.9 432.0 405.6 355.3 337.3 367.8 340.5 325.6 288.6 279.4 279.6 272.0 313.3 344.0 344.4 402.6 363.7 325.6 251.2 209.2 220.6 263.7 316.6 344.2 403.4 424.1 466.2 521.5 590.4 584.8 527.5 495.9
573.3 469.4 418.5 294.9 234.3 301.2 403.8 487.4 459.5 347.0 287.0 329.1 353.9 410.7 486.1 549.9 630.3 688.2 617.9 478.9 436.5 400.0 348.7 406.8 464.8 517.2 566.6 617.8 636.5 626.7 580.8 547.0 502.3 451.4 400.0 355.7 390.2 497.5 482.6 373.7 346.4 430.8 377.1 332.7 388.8 439.6 467.7 423.8 375.4 381.7 415.9 394.2 358.1 330.9 329.7 304.2 283.3 336.5 430.6 399.3 441.9 424.5 357.2 298.0 248.4 205.9 251.4 358.4 450.7 421.7 382.1 464.7 556.6 637.7 593.5 520.5 493.4
476.6 375.6 320.9 253.9 255.7 354.3 446.6 450.8 326.2 259.3 296.4 354.3 412.7 441.0 446.7 481.6 566.8 625.8 577.8 473.1 398.9 346.3 376.5 430.9 479.0 526.2 588.1 640.2 700.4 686.2 642.3 599.9 551.6 495.1 442.6 382.7 375.7 477.4 536.9 401.0 350.8 438.8 479.9 378.4 373.2 414.4 462.5 432.7 399.7 438.0 479.0 483.7 456.4 396.4 400.9 346.0 303.0 332.0 421.7 431.7 442.2 376.7 321.4 287.8 277.7 231.9 217.1 354.0 429.4 357.0 381.4 444.7 523.0 590.3 550.8 458.1 347.9
404.8 306.0 258.1 200.2 268.1 343.7 388.9 274.4 256.1 276.6 307.1 405.3 504.1 569.3 604.7 599.7 623.5 543.7 474.9 423.3 393.3 359.2 385.3 444.2 508.7 565.6 591.6 642.3 718.5 773.1 728.7 646.7 599.0 543.9 465.6 412.0 370.7 460.5 492.6 409.5 342.8 435.8 462.1 472.5 413.0 419.4 466.8 430.1 460.7 473.8 533.7 556.9 517.0 488.4 492.7 405.6 383.0 353.6 355.9 412.6 429.4 380.3 324.0 270.4 245.4 206.8 227.6 309.6 300.0 317.5 408.3 517.0 575.1 472.0 414.4 326.9 302.0
260.0 235.6 197.6 197.6 267.5 307.7 245.6 305.0 359.6 350.8 328.7 345.0 421.8 485.9 566.1 605.8 588.4 534.4 503.5 509.3 522.1 429.3 382.8 459.4 538.5 517.3 552.9 599.3 656.4 730.5 799.2 782.7 676.3 557.0 492.2 460.6 406.3 452.4 464.8 398.6 368.8 365.4 371.7 453.3 518.2 452.8 499.7 486.7 505.5 538.9 585.1 621.5 585.8 594.0 600.5 534.1 492.7 455.1 394.4 436.6 432.0 386.2 341.0 332.9 304.1 252.9 213.5 219.7 237.4 319.1 425.0 453.0 475.3 420.7 330.7 277.8 359.5
198.5 178.2 177.3 230.2 289.1 246.2 266.6 390.9 441.9 502.4 508.8 467.6 511.7 568.5 590.8 561.7 510.2 555.1 503.0 428.3 410.9 401.7 385.5 439.1 437.8 456.6 494.3 540.6 596.7 642.6 714.5 797.4 756.2 681.0 627.9 539.0 445.3 428.1 489.7 447.3 419.5 418.9 412.2 406.8 533.4 533.6 554.7 566.7 565.6 604.1 638.6 683.1 704.1 690.5 714.2 646.4 630.4 523.6 473.1 519.3 451.0 355.5 329.6 307.0 294.3 286.8 264.8 217.2 201.4 258.7 351.4 308.2 319.7 290.6 268.4 332.1 424.8
186.8 161.6 195.2 222.8 218.6 228.8 285.3 322.4 403.4 523.4 641.1 668.6 679.9 655.6 552.6 486.4 453.5 494.9 443.0 452.9 510.7 542.8 411.1 393.7 395.7 421.5 477.8 538.1 558.2 598.4 661.7 737.9 768.5 786.5 748.7 602.8 503.8 532.4 553.3 564.7 503.8 490.6 441.0 402.2 427.2 518.6 589.8 592.1 625.4 685.4 710.0 749.4 766.1 743.9 781.4 789.7 695.8 572.6 591.2 574.9 475.7 445.1 390.1 350.1 321.7 358.3 303.6 276.5 196.3 210.9 230.6 266.3 291.0 330.7 348.9 423.3 554.8
204.2 157.1 167.9 182.5 243.3 302.8 356.0 412.9 489.1 592.3 726.4 849.6 813.4 660.5 570.2 557.5 514.4 457.1 421.0 472.5 559.0 614.3 491.2 419.2 451.8 424.8 446.8 475.8 508.1 561.4 619.7 687.1 675.3 636.4 611.2 529.7 579.7 672.4 729.6 715.2 644.8 612.8 543.3 496.8 478.6 448.3 474.0 503.3 574.8 685.8 788.6 829.1 831.3 836.4 871.5 858.3 775.3 738.7 741.1 684.7 642.6 585.7 481.2 396.6 423.0 419.3 387.6 360.4 241.6 211.8 217.5 307.3 366.2 446.0 503.4 489.5 549.3
180.1 164.2 208.8 267.9 298.0 372.7 418.3 500.1 596.9 704.3 798.0 905.5 873.9 742.5 776.9 641.2 550.1 490.5 461.2 534.6 588.6 617.3 493.3 416.8 481.8 508.1 519.0 506.3 511.5 546.5 605.1 663.9 665.4 598.9 547.9 561.8 599.4 682.8 781.4 878.9 827.4 716.3 695.9 642.4 545.2 490.2 550.0 561.3 592.9 658.4 746.7 853.7 934.1 938.3 947.2 920.8 868.8 824.1 745.0 640.4 643.2 665.6 549.9 505.1 515.9 511.3 500.4 400.1 304.3 265.6 195.7 276.2 356.1 421.8 507.8 546.3 489.9
167.4 265.8 311.1 318.4 379.9 396.3 395.5 469.0 541.6 622.6 618.9 763.5 916.7 881.4 799.3 668.7 555.0 487.4 490.5 587.5 657.0 630.5 538.4 428.8 443.4 488.8 511.3 530.8 550.5 573.2 620.9 647.2 629.5 578.7 575.6 675.8 685.4 723.6 768.3 854.4 913.4 905.0 819.3 762.6 668.1 637.8 676.6 628.2 642.2 684.9 772.9 855.7 882.0 943.8 981.8 978.7 928.8 856.9 738.0 612.9 508.1 505.5 561.4 619.9 670.8 620.6 568.0 485.1 449.2 355.9 210.7 250.5 356.5 415.7 469.2 430.6 380.0
185.1 215.6 258.9 300.8 327.9 303.8 298.2 322.2 373.1 427.7 553.0 715.7 807.4 817.5 778.3 694.1 568.9 497.4 500.4 580.4 637.6 621.6 518.7 434.3 460.4 501.8 523.0 542.2 550.4 564.3 583.0 581.2 620.1 601.1 577.4 630.1 684.4 687.6 738.9 805.4 872.9 894.9 876.3 864.0 832.2 777.9 729.0 688.2 720.4 734.8 740.1 758.0 783.2 862.0 895.1 860.4 865.4 806.3 755.3 657.5 540.0 440.9 389.4 454.1 546.7 610.3 530.0 516.0 537.8 379.7 201.5 231.0 297.0 368.1 414.8 382.7 345.4
150.2 160.9 176.6 191.8 210.0 242.4 260.6 301.8 351.1 414.3 500.8 521.0 610.3 715.0 672.5 647.9 556.9 514.9 573.6 608.0 604.8 545.8 477.7 487.6 502.7 511.7 564.1 581.7 539.4 518.9 509.0 530.7 574.5 586.5 598.3 624.7 636.5 650.5 627.0 669.5 733.9 741.0 703.7 749.6 824.7 788.1 697.1 637.5 679.9 669.8 644.8 651.9 706.0 746.7 754.4 736.8 749.4 736.7 695.5 621.7 567.7 508.5 414.2 328.2 404.0 473.0 510.7 413.2 359.1 332.4 231.2 201.3 240.7 264.6 262.8 264.2 279.3
137.4 146.3 162.9 195.9 251.2 287.2 329.9 359.5 372.5 373.1 379.0 482.0 609.2 703.7 667.4 578.6 603.1 606.4 624.6 617.1 593.5 551.8 520.1 523.0 544.5 515.3 521.7 521.3 484.6 438.7 445.8 477.6 509.9 544.2 582.7 560.9 552.4 558.1 527.9 563.3 579.1 570.1 544.8 598.3 665.5 672.1 642.2 589.1 626.0 675.8 567.6 573.3 573.8 622.4 586.4 610.1 569.2 580.9 628.2 557.1 471.2 393.5 325.1 281.9 315.9 385.5 438.7 442.9 325.2 244.6 192.3 212.7 259.7 310.1 369.2 421.8 441.5
130.3 144.5 191.6 262.9 335.8 350.8 340.7 345.0 308.1 292.4 352.8 455.4 591.3 690.8 707.1 707.0 688.7 596.4 522.2 487.7 473.3 497.2 537.1 548.3 522.2 463.1 457.9 456.5 415.3 383.1 399.8 423.0 468.5 520.6 575.7 532.2 477.3 441.5 442.4 443.5 449.8 431.5 446.9 499.3 533.6 550.1 546.7 607.1 643.3 648.2 574.7 465.7 466.9 480.0 477.2 497.5 430.5 492.1 563.1 567.3 530.2 473.3 376.3 284.4 249.6 309.4 341.8 314.6 210.7 199.5 239.2 306.5 357.4 445.0 552.1 645.0 608.9
123.0 126.0 150.7 229.4 264.6 240.4 249.6 258.5 236.5 364.1 495.8 563.3 614.8 649.2 692.8 746.9 610.0 498.2 464.0 392.1 383.0 425.7 470.6 510.0 488.2 408.4 375.2 391.9 387.3 338.9 350.3 402.2 476.7 543.1 589.3 539.9 475.9 406.3 368.0 360.6 364.3 351.6 420.1 416.6 424.5 455.9 540.9 639.7 723.1 657.0 564.0 494.4 414.2 367.9 335.6 349.5 331.8 387.5 437.6 462.6 506.6 533.8 418.5 304.9 209.3 184.2 187.4 206.4 199.9 260.1 330.4 399.6 462.5 530.1 615.7 710.8 658.6
114.7 115.2 122.2 153.4 165.5 158.1 173.2 182.5 231.0 352.9 460.0 527.6 504.8 511.5 625.9 662.4 550.5 426.8 384.7 335.5 327.2 392.2 411.7 460.9 411.8 346.8 303.6 318.7 350.2 308.1 339.9 405.7 483.0 548.7 598.3 536.8 472.8 412.5 345.8 302.4 294.2 337.8 390.7 356.8 322.1 395.3 492.9 617.8 697.3 638.8 562.2 496.1 456.4 415.8 404.5 324.6 280.2 303.9 335.6 330.4 414.9 462.6 390.2 226.6 166.8 212.8 259.6 305.4 357.7 400.2 400.5 437.2 499.7 568.0 647.1 731.7 696.0
107.1 108.2 112.7 118.6 127.5 136.5 147.2 157.7 194.2 257.3 296.3 348.1 379.3 482.0 562.8 523.3 424.5 377.7 343.7 291.8 300.9 347.6 390.8 404.0 369.6 344.6 275.7 273.6 273.1 294.4 348.2 420.8 504.6 615.9 618.2 552.0 491.4 460.9 393.7 305.2 251.9 280.3 325.6 270.6 306.2 387.3 465.7 550.7 619.7 630.0 579.4 562.6 548.8 500.6 428.9 366.8 338.9 293.2 245.1 244.8 339.9 389.4 365.8 216.8 180.1 215.7 273.2 342.2 404.5 489.4 553.6 563.3 566.0 608.1 680.3 750.1 759.5
102.0 103.8 108.4 115.3 123.0 130.4 134.8 140.5 157.0 187.7 222.1 287.9 370.7 418.9 425.4 393.0 350.4 287.3 266.2 258.2 306.7 306.5 342.8 356.4 298.7 312.1 253.9 238.4 261.6 316.0 381.6 460.0 569.5 685.4 660.2 554.3 472.9 402.0 343.8 324.5 332.8 235.7 278.7 235.9 294.1 363.2 402.8 469.2 513.8 521.4 514.1 521.5 564.4 550.7 498.9 472.0 438.3 366.4 320.2 256.0 214.2 251.1 275.9 203.8 170.1 212.1 287.1 358.0 457.6 543.0 609.9 677.7 716.7 734.2 745.5 792.4 737.6
98.7 100.0 103.6 108.5 114.7 120.5 123.4 129.8 138.0 158.0 213.6 278.0 288.1 325.1 324.9 314.9 303.5 230.7 229.0 301.4 278.6 283.0 330.2 309.2 247.1 242.2 220.7 253.4 308.3 373.5 429.3 513.2 631.8 700.9 663.6 569.6 504.2 436.6 433.3 460.5 379.9 237.7 244.8 215.7 258.6 313.3 413.1 439.4 389.6 410.3 422.7 473.9 516.8 540.1 576.0 550.5 493.2 420.7 344.0 268.6 207.7 173.7 177.2 172.4 170.1 259.7 320.5 402.7 483.9 528.5 543.4 576.1 634.0 721.0 809.5 879.9 840.7
97.2 98.0 98.3 100.0 107.2 111.6 114.8 119.0 119.6 128.7 166.6 196.2 232.1 251.2 237.5 269.2 229.1 194.8 248.8 271.9 237.0 270.3 322.9 286.2 228.0 208.4 236.8 285.5 351.0 421.8 490.9 586.1 623.0 652.1 591.7 513.3 462.1 459.5 474.5 503.7 432.1 304.9 234.1 198.6 271.5 372.7 379.0 329.1 295.7 342.3 405.1 410.7 432.9 454.4 498.7 473.8 421.5 363.9 303.7 247.9 190.7 154.6 168.5 180.1 248.0 279.7 259.8 324.1 358.9 388.8 426.3 471.4 518.7 600.9 697.5 798.7 889.5
95.5 94.9 93.3 81.7 98.9 102.4 104.6 106.0 110.2 118.1 130.1 152.6 179.3 198.8 191.7 194.3 184.0 196.4 211.6 216.2 267.1 301.1 285.7 228.7 198.2 244.3 301.3 335.1 378.0 475.1 552.2 556.9 515.5 575.4 564.9 454.0 403.8 407.0 443.7 475.6 477.7 472.8 406.6 221.5 243.9 314.9 274.6 240.0 288.3 336.1 360.3 337.5 358.6 400.9 441.6 392.8 363.8 322.2 279.1 232.9 187.1 152.4 178.3 214.7 239.0 279.3 310.1 310.3 331.5 332.0 325.4 372.0 459.6 540.9 612.8 709.2 809.0
80.1 86.8 77.0 83.1 95.1 96.7 97.5 97.8 99.2 106.6 115.0 124.4 136.6 148.1 154.7 165.0 238.8 242.9 247.6 272.5 295.2 303.7 257.6 206.8 210.8 249.9 304.0 358.3 420.5 505.2 572.7 480.3 425.6 533.6 551.0 423.9 347.5 357.1 393.9 453.2 463.8 365.0 358.3 253.4 188.8 218.1 200.7 223.4 286.9 295.1 284.1 286.8 329.7 378.8 417.2 393.3 353.0 302.3 254.0 210.9 171.5 154.3 194.5 230.1 303.0 377.8 416.5 438.4 500.1 500.8 415.6 363.1 427.3 521.8 590.6 654.6 727.8
85.6 83.5 83.2 90.5 92.7 91.6 92.2 94.1 97.2 101.8 109.2 116.4 123.5 129.3 135.6 149.4 167.9 201.2 218.0 238.6 253.5 243.4 218.2 322.4 286.1 304.1 353.5 387.4 426.3 474.8 507.9 461.8 376.2 436.7 523.4 479.8 347.3 291.2 332.3 428.5 431.4 370.7 259.7 217.7 171.8 167.3 198.0 240.5 244.8 241.8 270.8 316.8 357.7 406.2 456.8 461.9 403.4 352.3 290.1 168.8 162.9 206.8 257.1 260.8 294.4 371.0 440.7 528.3 600.4 552.8 471.0 447.4 432.5 479.2 554.2 621.0 699.3
90.0 90.7 91.1 91.1 90.7 91.4 90.7 92.7 95.7 101.6 107.6 111.9 118.5 124.8 127.1 135.0 151.8 160.2 163.6 186.2 180.6 156.8 226.9 306.8 366.2 398.0 427.5 370.4 358.5 388.3 436.0 411.4 353.0 386.3 509.0 482.6 427.4 353.7 263.8 324.3 346.8 328.8 279.0 170.9 197.3 205.0 195.9 203.7 223.2 297.2 343.8 378.2 397.5 440.6 487.5 477.5 375.8 301.1 199.0 161.9 251.3 319.6 329.8 346.6 347.7 359.4 435.5 522.3 588.4 613.8 567.8 558.1 548.7 527.3 515.1 566.8 666.4
86.8 87.9 88.0 89.5 90.8 90.3 90.7 91.0 95.4 98.4 104.0 107.7 110.9 104.6 103.7 116.8 141.8 156.0 177.5 174.4 145.3 158.8 196.8 210.3 241.8 338.3 384.2 274.4 297.8 363.7 403.8 346.2 301.9 289.0 384.4 376.5 364.3 410.2 311.7 224.5 286.6 258.8 198.5 160.4 255.2 290.5 271.8 250.5 271.0 331.6 382.5 398.3 452.0 489.5 406.6 358.5 296.9 194.4 153.2 213.8 295.3 387.7 435.4 451.1 475.7 441.9 476.9 517.8 594.6 653.8 676.7 659.5 659.5 662.1 662.3 653.3 668.8
87.7 88.8 88.7 89.2 90.4 90.0 91.7 91.9 95.3 96.2 97.9 98.7 89.9 93.8 115.0 132.5 137.4 153.5 158.8 138.1 133.8 176.3 183.3 162.7 175.6 213.9 248.3 242.6 294.5 342.3 375.4 359.2 306.2 248.1 252.7 275.9 250.8 317.9 310.3 240.7 178.8 200.2 158.9 140.5 215.1 243.2 214.2 250.2 268.6 255.5 306.9 402.2 474.9 451.3 326.4 278.9 219.4 142.0 182.1 231.5 284.4 362.6 416.4 440.7 486.9 514.8 544.1 583.9 643.2 719.9 777.3 795.3 773.5 790.3 799.6 786.7 779.8
67.3 65.0 62.7 63.0 61.4 66.3 75.0 74.9 77.8 86.8 89.7 82.8 89.9 103.1 106.7 111.2 117.4 133.8 126.4 122.0 135.3 164.0 157.5 147.1 144.4 180.4 180.2 202.4 261.6 292.0 289.4 343.6 347.0 293.0 230.2 188.0 165.1 216.0 222.2 185.0 155.0 131.5 96.9 100.2 131.9 150.0 171.7 188.0 224.8 269.1 335.4 439.3 457.4 394.9 283.2 209.8 173.9 140.3 174.0 243.9 292.2 334.8 396.5 430.6 483.6 512.7 548.5 591.3 614.7 671.3 702.5 695.9 755.7 841.9 894.9 911.2 902.1
80.7 61.7 81.4 87.2 85.2 72.9 61.5 72.6 84.7 82.2 79.0 91.0 98.7 102.0 103.4 106.2 110.5 113.5 115.1 115.8 124.2 121.5 119.3 127.6 130.1 159.4 162.5 149.4 185.0 212.4 251.3 310.8 346.2 317.8 304.8 246.8 162.5 121.1 117.6 113.8 110.7 107.4 155.2 145.7 103.6 126.4 143.1 184.4 237.9 245.2 271.1 348.5 335.3 274.6 184.0 131.4 140.7 166.3 283.0 343.7 358.8 382.3 406.7 454.0 496.7 525.6 551.6 568.5 540.6 588.8 580.6 667.8 757.8 841.9 896.1 870.0 845.8
87.6 72.2 71.1 90.6 91.3 91.6 88.8 80.3 65.6 72.1 82.1 90.1 95.1 99.2 101.0 103.4 107.9 110.6 111.7 110.5 108.9 108.4 108.5 114.0 115.5 120.0 123.5 133.2 173.1 195.8 209.9 251.9 279.2 256.5 243.8 230.2 164.1 93.5 137.1 172.8 198.8 277.7 334.1 302.6 199.1 109.3 106.8 137.3 195.0 180.5 205.6 214.7 234.1 191.8 127.4 188.6 225.5 233.2 264.5 311.8 357.1 390.7 416.6 427.3 445.9 472.0 503.1 512.0 480.4 459.5 520.4 584.0 643.8 677.8 716.8 767.2 809.9
