data/case_study_destine/merger_hmc_by_domain/geo/RomagnaDomain.dem.txt
ncols   363
nrows   245
xllcorner    10.7858
yllcorner    43.7464
cellsize    0.005011
NODATA_value -9999
[rows 136 to 169 of 245, columns 231 to 307 of 363]
81.4 80.9 80.1 78.9 78.2 76.8 75.3 71.8 67.9 59.9 41.3 66.6 70.1 72.6 74.4 74.5 74.2 74.7 74.3 74.3 75.0 74.4 73.8 74.7 74.4 75.2 74.3 70.8 68.0 65.9 63.9 56.5 37.9 59.0 58.3 60.1 60.3 61.7 63.1 64.9 67.2 70.0 69.7 66.2 63.1 61.6 56.4 46.0 47.8 50.0 51.5 52.3 53.7 54.5 55.6 56.5 56.2 53.0 44.4 51.3 55.9 59.5 58.6 55.6 51.3 47.7 53.8 56.4 58.7 57.0 52.8 46.5 47.9 53.8 56.3 59.9 59.9
83.9 81.2 79.7 78.4 78.0 77.7 75.1 70.0 65.7 42.8 58.2 70.4 73.5 74.8 75.4 75.2 74.9 75.4 75.5 76.6 76.1 75.5 75.2 75.8 76.1 76.4 74.1 70.5 68.1 65.5 63.8 50.2 47.1 59.0 59.4 60.8 61.2 62.6 63.9 66.3 69.4 71.1 69.0 65.3 60.9 55.1 47.3 55.5 57.1 57.2 57.6 57.5 58.2 59.4 60.3 59.7 56.4 52.1 42.1 52.6 56.8 60.7 59.1 56.6 49.1 52.0 55.1 58.3 60.6 57.2 52.8 44.0 34.9 50.2 54.9 58.2 60.2
85.7 83.9 81.7 79.3 78.9 78.6 75.0 70.2 59.5 46.9 69.1 74.4 76.1 76.7 76.0 76.2 76.9 76.5 76.8 77.9 77.9 77.2 76.9 77.5 77.6 76.9 73.4 69.9 67.5 65.8 63.6 40.0 56.0 60.3 61.1 61.3 62.1 64.2 65.9 68.5 71.0 71.5 68.3 63.9 59.0 47.0 55.9 58.9 61.1 62.1 63.0 63.2 63.5 63.1 61.4 59.0 55.5 50.0 45.8 54.8 58.3 60.2 57.9 55.8 46.0 53.5 55.7 59.2 61.0 57.9 54.2 50.1 37.0 44.0 52.9 55.8 60.7
88.0 85.6 82.9 81.1 79.8 79.1 74.9 67.9 45.1 59.7 72.6 75.5 77.3 77.6 77.8 77.8 77.8 77.8 79.3 79.2 79.0 78.5 78.7 78.5 77.3 76.1 72.6 70.0 67.8 66.8 59.4 38.2 61.4 61.3 61.6 61.4 63.4 65.6 68.5 70.7 72.3 70.1 66.9 62.9 56.1 51.8 58.7 62.0 65.2 66.1 67.0 66.9 64.9 62.5 59.1 56.7 52.8 42.6 53.2 56.9 60.3 59.5 56.8 50.7 49.5 54.3 56.9 60.1 60.5 60.0 56.7 47.1 38.2 29.6 46.3 55.6 61.6
88.9 86.8 84.8 82.0 80.2 79.1 74.7 56.9 49.2 68.5 72.0 74.1 75.5 77.0 78.8 79.0 79.0 79.3 80.1 80.5 79.8 79.3 79.5 77.5 76.3 74.7 72.1 69.7 67.7 66.6 54.3 47.0 63.1 62.0 62.5 62.2 64.6 67.1 70.1 72.0 72.2 68.5 64.2 60.7 51.0 56.7 61.6 64.6 67.3 67.1 67.2 67.9 63.9 60.0 55.9 50.9 43.5 52.3 56.9 59.3 60.9 58.5 56.0 46.5 55.0 56.8 59.5 61.2 61.0 60.1 58.7 54.6 44.8 35.4 31.5 46.2 56.9
89.6 87.2 85.5 83.2 81.5 80.5 75.9 58.0 53.1 43.9 56.1 72.0 73.5 75.2 76.5 79.1 80.6 80.5 80.5 81.1 81.4 80.9 80.1 77.8 76.2 73.8 72.1 70.1 67.6 65.9 48.6 56.3 63.1 63.1 63.0 63.3 65.0 68.5 71.0 71.8 70.1 66.6 62.4 51.0 56.9 60.8 63.7 67.2 69.1 68.6 68.9 68.1 63.8 59.2 51.7 51.4 53.3 57.0 60.1 61.5 60.3 58.5 48.6 55.1 57.9 60.5 62.3 62.0 61.2 61.1 60.3 56.9 52.6 40.8 32.6 33.3 46.9
90.3 87.7 86.6 84.2 82.7 81.7 80.6 76.6 64.0 66.6 49.0 58.6 69.9 72.7 74.0 76.8 80.2 81.7 81.5 81.8 82.0 80.5 79.0 77.6 76.3 74.2 73.2 71.5 67.6 65.7 39.8 62.1 63.9 64.4 64.4 64.9 66.9 70.3 72.1 71.0 66.7 64.1 58.0 56.9 64.2 65.5 67.6 70.1 70.5 70.0 69.3 68.0 64.6 61.0 58.4 58.6 60.4 61.7 62.4 61.0 59.1 54.2 52.2 59.4 61.0 62.7 63.3 62.2 61.4 60.9 60.7 59.6 55.9 44.9 40.1 32.3 33.3
90.4 88.1 87.2 85.9 85.0 84.1 82.9 80.8 78.0 75.8 66.4 57.7 44.8 63.0 71.6 75.1 77.9 80.6 82.3 82.3 83.2 81.2 79.2 78.2 76.5 75.5 74.0 70.8 68.9 64.8 40.3 64.9 64.6 66.5 65.6 67.1 70.5 72.5 73.2 69.1 63.9 55.6 53.4 63.1 66.8 69.7 71.0 71.0 70.7 69.5 68.9 68.7 66.7 65.5 64.1 63.9 65.1 64.5 62.1 59.7 53.1 52.6 59.5 60.6 62.7 64.5 63.4 62.6 61.5 61.2 60.7 60.5 59.4 52.7 43.1 39.6 32.7
91.3 88.9 88.3 88.2 86.6 86.1 85.0 84.2 81.1 79.7 78.7 76.0 59.7 57.6 57.4 72.5 75.6 79.3 82.6 82.6 83.9 82.6 81.1 79.6 77.0 74.8 73.7 70.6 68.4 57.2 47.0 66.4 66.0 67.2 67.4 70.0 71.3 72.8 73.7 70.2 66.2 63.9 64.9 67.8 70.2 71.6 72.5 71.1 71.0 70.0 69.6 69.7 69.1 69.4 69.1 68.5 66.8 63.8 62.3 54.8 54.1 61.1 62.4 63.7 65.2 65.3 64.4 63.1 62.4 61.6 61.1 60.5 60.1 57.6 46.3 43.2 44.9
93.0 91.9 91.4 89.7 89.1 87.7 86.8 86.7 84.5 86.4 83.5 80.5 75.0 67.2 55.6 64.2 75.5 78.8 81.9 83.6 84.2 84.5 82.3 80.5 77.0 74.1 72.8 69.7 68.6 45.7 59.7 66.4 67.4 67.7 68.8 71.5 72.9 73.6 75.1 73.4 70.6 69.9 70.4 71.2 72.6 73.4 72.5 71.5 72.0 71.0 71.0 71.0 70.4 70.0 70.8 69.5 66.6 64.2 56.9 53.6 61.5 63.0 64.9 66.0 66.3 65.7 64.5 63.2 63.0 62.0 60.8 60.6 60.4 59.9 51.2 45.9 48.9
96.0 94.9 95.0 94.1 91.8 90.1 89.7 88.2 86.6 86.6 87.2 85.5 82.9 79.5 59.4 64.2 73.8 79.2 81.9 84.9 85.5 85.8 85.0 82.1 78.7 75.2 72.2 70.9 68.3 39.6 63.3 67.2 68.6 69.0 71.1 73.7 74.7 75.6 76.6 76.5 76.2 76.0 74.7 74.3 73.8 73.2 72.2 72.1 71.9 71.7 71.7 71.9 72.1 72.1 72.2 69.2 66.7 63.5 50.6 63.1 65.0 66.5 68.2 68.4 68.1 66.0 65.0 63.9 62.9 62.4 61.6 61.5 60.8 60.4 59.0 50.8 46.1
100.8 100.6 100.6 97.8 95.6 93.2 92.4 91.0 90.3 90.7 89.0 89.6 89.0 84.4 72.2 56.6 59.3 80.1 83.3 88.0 88.2 86.1 84.5 82.2 79.1 75.0 73.0 71.7 64.7 39.3 65.9 68.2 69.2 70.4 72.2 74.7 76.3 77.3 79.1 78.7 78.3 77.1 76.2 75.1 74.9 73.6 73.3 73.0 72.4 72.2 72.8 72.7 73.2 73.6 72.4 69.4 67.1 57.6 60.0 65.5 67.8 70.1 69.9 69.1 68.2 67.4 66.1 64.9 64.0 63.6 63.0 62.2 61.5 61.6 60.9 59.3 58.0
112.1 108.7 106.8 103.4 99.4 96.6 95.5 94.1 93.7 92.9 91.5 90.6 88.8 86.4 81.1 72.3 50.6 81.3 86.1 89.5 89.1 86.3 84.5 81.9 77.8 75.3 74.6 71.8 61.2 45.6 67.7 69.3 70.3 71.6 73.5 76.6 77.7 78.5 80.1 79.0 78.4 77.3 76.5 75.3 74.5 73.9 74.1 74.6 73.4 73.0 73.4 73.9 75.0 75.3 72.2 69.6 66.3 55.3 65.8 68.2 70.6 71.2 70.3 69.7 69.0 68.3 66.8 66.1 65.2 64.8 64.4 63.1 62.2 62.1 61.7 61.2 60.5
122.5 116.8 115.0 110.1 103.0 99.6 98.2 97.5 96.8 95.7 95.2 93.2 90.9 88.9 84.9 77.4 55.9 81.3 91.4 91.7 90.0 87.8 84.0 80.2 77.0 74.9 73.3 71.2 47.8 55.8 68.3 70.9 71.5 73.2 75.1 77.9 78.7 81.2 81.3 79.6 78.4 77.2 75.6 75.6 76.5 75.3 75.5 75.6 74.7 74.6 74.9 75.1 76.2 75.7 72.5 69.9 60.0 63.6 68.9 71.2 73.2 72.6 71.6 71.6 70.6 69.3 67.8 67.1 66.5 66.3 65.2 64.2 63.3 62.7 62.5 62.8 61.8
137.0 128.1 126.0 118.5 109.2 102.9 100.9 100.8 100.2 99.3 98.0 95.3 93.1 91.6 88.7 83.9 62.6 85.0 91.6 92.2 90.6 88.6 85.1 81.1 76.7 73.9 72.9 72.2 52.1 60.4 70.4 72.3 73.5 76.2 77.6 79.1 80.8 82.6 81.5 80.1 78.9 77.6 77.4 77.3 77.0 76.9 77.0 76.2 76.3 76.0 76.6 76.3 77.5 76.2 72.7 68.8 56.4 68.5 72.1 74.9 75.3 74.4 73.6 72.8 71.2 70.1 69.1 68.0 67.3 67.1 65.5 64.3 64.2 63.4 63.2 62.6 62.2
159.1 140.8 136.0 123.7 113.1 107.4 104.9 104.5 103.2 101.1 99.6 97.9 96.6 94.2 87.8 75.5 70.7 89.4 92.5 93.4 91.0 88.3 84.6 82.1 78.7 75.6 73.2 70.4 54.5 56.0 74.5 75.4 75.1 77.1 79.2 81.4 81.9 83.3 82.3 80.8 79.9 79.4 78.8 78.3 78.1 77.3 77.8 78.0 77.5 77.4 78.0 78.5 77.9 77.6 73.9 69.2 60.8 70.4 74.2 76.7 75.9 74.7 74.2 73.4 71.5 71.4 69.7 68.5 68.5 67.4 66.4 65.4 64.7 64.2 63.8 63.2 62.9
167.4 163.7 142.5 126.5 117.1 110.9 108.2 107.1 105.3 103.0 99.3 97.5 85.6 72.9 74.6 69.8 83.0 95.3 93.9 93.7 91.3 88.7 85.0 80.3 78.7 77.2 74.6 64.6 56.6 70.6 76.0 76.0 77.5 80.0 80.2 83.1 83.4 84.2 83.8 82.6 81.2 80.4 79.5 80.1 78.9 79.1 78.8 79.1 79.4 79.8 79.8 78.9 78.8 78.0 74.4 69.8 60.8 72.0 75.0 77.5 76.5 75.3 75.0 73.9 72.5 72.2 70.1 69.5 69.0 67.8 67.8 67.0 66.8 65.8 65.1 63.8 63.6
220.8 197.2 154.8 133.1 121.0 111.3 110.3 109.2 102.1 92.5 78.4 75.3 76.3 92.6 92.6 72.4 89.5 96.9 96.3 94.9 92.6 88.3 85.2 80.7 78.2 77.1 76.9 60.1 62.8 73.8 76.6 77.1 77.9 79.8 81.4 84.4 84.6 84.8 82.6 81.7 81.4 81.3 80.7 80.2 80.5 80.2 81.2 81.2 82.0 81.4 80.1 79.5 79.5 78.8 74.6 71.2 60.7 70.9 75.5 77.4 77.7 76.5 75.7 74.8 73.8 72.7 71.3 70.4 69.6 68.8 68.5 68.0 67.0 66.1 64.6 64.3 63.7
226.5 208.5 162.9 133.0 115.7 108.5 88.7 88.1 83.2 88.2 98.5 103.1 100.1 100.2 100.0 80.7 82.4 100.8 98.7 96.6 93.4 90.7 85.4 82.0 78.6 76.7 75.3 51.0 61.5 70.3 76.2 78.5 78.8 80.1 81.4 84.1 86.2 85.2 83.4 82.4 81.4 80.9 80.8 80.6 81.2 81.4 82.2 83.7 83.4 83.3 82.4 81.3 81.5 80.5 77.0 73.1 60.7 71.8 75.0 77.5 79.1 78.1 76.9 75.9 75.4 74.0 72.7 71.6 70.7 69.9 69.2 68.2 67.5 66.5 66.1 66.1 65.8
217.9 177.1 139.9 119.4 98.1 90.8 92.4 94.0 108.1 120.4 115.1 111.3 107.2 106.9 101.3 76.7 77.3 99.0 100.6 98.8 95.4 93.0 88.8 83.5 80.0 76.5 74.4 59.4 51.4 50.6 67.7 77.7 78.4 79.2 82.8 85.6 88.1 86.0 84.1 82.7 82.1 81.9 81.3 81.9 82.5 82.9 83.1 84.2 84.0 84.0 82.9 82.5 82.6 83.2 79.7 75.7 68.0 67.9 75.6 77.8 79.8 79.2 78.4 76.7 75.7 74.5 73.9 72.3 71.1 69.8 69.4 69.3 68.4 67.4 67.5 67.1 66.6
194.6 140.3 121.6 100.4 99.2 114.8 122.1 139.5 145.6 143.7 137.4 131.1 117.5 114.2 108.1 89.2 80.3 98.4 103.8 100.0 97.4 94.7 91.2 86.8 82.7 78.6 77.3 77.5 74.0 52.9 64.9 78.0 79.4 80.6 83.8 88.8 89.6 87.8 85.9 84.8 83.1 82.7 82.4 82.3 82.9 83.5 84.3 85.0 86.1 84.8 84.2 83.1 84.0 84.5 81.2 77.3 72.7 64.5 75.7 78.0 81.0 80.3 79.5 77.9 76.6 75.1 74.1 72.9 72.2 71.5 70.6 70.6 68.9 68.6 68.6 68.2 67.6
147.8 125.9 108.5 95.5 117.7 134.0 155.0 180.3 174.1 165.0 145.6 132.2 125.5 121.2 116.7 101.1 84.1 100.5 104.4 101.6 99.0 97.0 93.1 89.6 85.7 82.3 80.4 76.9 64.9 57.0 76.2 79.3 79.4 81.8 85.3 88.6 89.4 90.3 87.7 85.5 84.8 82.9 83.2 83.6 84.4 84.5 85.6 86.5 87.5 86.8 86.2 84.2 84.0 85.7 82.8 79.3 75.2 69.4 75.0 78.5 80.8 80.8 80.6 78.4 76.8 76.4 74.7 73.5 73.5 73.4 72.9 71.8 70.8 70.7 70.0 69.4 68.8
131.6 114.3 101.0 103.0 138.0 185.8 204.6 206.9 186.9 160.8 150.5 139.4 129.8 114.7 96.8 87.2 99.6 107.3 105.4 103.5 101.0 98.6 95.4 92.1 87.9 86.6 84.5 76.8 55.5 62.9 77.7 81.9 82.4 84.3 87.5 88.8 89.2 90.2 88.2 87.1 87.1 84.5 85.4 87.3 86.3 86.0 87.1 87.3 88.5 89.0 88.4 86.9 85.6 86.3 85.3 82.0 78.3 71.2 75.1 78.8 80.8 82.3 81.7 79.7 78.0 76.6 76.1 74.8 74.3 74.8 74.4 73.4 72.4 71.3 70.3 70.3 69.3
124.9 113.3 122.4 157.2 210.9 241.1 236.0 209.4 187.7 171.8 158.9 144.8 116.9 88.5 97.0 107.8 113.1 110.3 108.1 106.2 103.2 99.6 98.9 96.8 91.9 88.8 86.5 81.4 56.4 58.5 81.5 85.1 85.8 87.6 89.8 90.8 91.2 91.1 88.8 87.7 86.8 87.7 87.9 88.6 87.5 87.3 88.1 88.3 89.7 89.5 89.4 89.0 88.3 87.9 87.8 84.5 80.3 74.3 73.8 79.6 81.7 83.7 83.3 81.0 79.4 78.4 77.3 77.4 76.4 76.6 75.9 74.9 73.6 73.0 72.6 71.6 69.5
109.8 147.7 180.5 217.7 255.4 247.0 218.9 210.3 180.9 164.7 152.7 117.9 94.7 100.4 119.7 134.1 146.9 133.9 125.1 116.5 110.5 108.7 112.9 108.2 101.2 92.6 89.6 75.1 57.0 59.0 83.3 87.4 87.4 92.4 94.3 98.7 99.4 93.1 91.0 88.2 94.7 93.5 89.4 89.4 89.4 92.7 89.8 90.6 90.4 91.1 91.5 90.8 90.4 90.1 90.4 86.3 82.7 77.6 74.1 81.5 83.2 86.0 85.1 82.6 80.8 80.4 80.0 79.5 78.9 78.0 77.2 76.0 74.5 73.5 71.6 69.9 67.4
126.5 217.4 239.3 200.1 221.5 213.3 221.6 190.8 171.0 154.0 141.4 123.1 98.7 109.8 152.3 194.9 169.1 155.3 144.6 130.8 126.5 124.8 122.2 114.5 103.1 95.2 91.3 81.5 60.5 58.4 79.1 88.5 92.3 106.7 99.4 119.6 121.9 102.9 110.8 98.3 104.9 96.6 91.7 90.9 103.5 95.2 93.2 100.8 94.0 92.7 93.1 92.5 92.8 92.5 93.1 89.3 81.9 73.6 75.8 82.9 85.5 87.0 85.9 84.2 83.8 83.5 81.7 80.5 79.6 78.1 76.2 74.5 73.0 71.5 69.6 68.0 66.1
218.1 298.0 272.1 209.5 170.9 173.6 173.4 173.2 157.0 144.3 132.3 111.2 108.8 152.5 209.9 202.8 203.8 184.0 168.9 145.5 140.3 133.5 127.0 117.0 99.9 95.0 91.3 75.6 68.5 79.4 86.2 90.9 113.0 142.8 108.0 131.4 155.9 136.0 148.8 150.4 125.6 100.1 98.6 105.8 107.3 97.1 103.2 109.5 99.2 96.2 94.4 94.3 95.8 96.2 94.0 89.5 80.3 72.9 79.2 85.6 87.3 88.7 88.0 86.7 85.6 84.5 82.4 82.1 79.4 76.0 73.9 72.8 71.4 68.9 67.0 64.3 59.7
289.4 241.7 205.8 197.9 224.4 241.1 214.6 203.0 159.5 141.6 124.9 109.4 159.8 236.3 259.5 235.6 213.6 186.4 178.5 155.9 137.8 128.7 125.5 117.1 102.5 97.1 91.7 83.0 64.0 83.8 92.0 99.5 148.3 169.4 122.6 137.3 188.6 202.1 210.1 170.8 134.1 109.9 112.6 148.8 135.0 103.8 121.2 127.1 104.5 98.2 97.6 98.0 97.4 98.0 94.0 86.5 77.3 73.9 82.8 88.0 90.0 91.3 90.2 89.0 86.1 84.7 84.0 80.7 77.6 74.1 71.9 69.6 65.7 61.0 61.1 64.1 66.4
272.1 217.8 214.8 235.4 300.5 262.1 212.7 166.6 139.8 122.3 115.0 145.2 223.4 282.1 267.5 265.8 226.9 199.0 169.9 141.1 141.9 128.5 116.3 107.7 101.9 96.2 79.4 72.9 67.6 87.1 96.0 114.6 156.5 203.0 164.1 145.2 228.4 272.0 219.8 177.8 142.8 119.2 133.4 166.5 130.7 110.9 127.3 123.8 100.3 99.2 98.8 99.7 99.9 97.1 94.2 84.2 75.8 76.7 86.4 89.9 93.7 93.4 91.9 89.4 87.1 85.6 84.0 79.4 74.9 70.0 63.9 64.6 68.4 69.9 70.5 71.1 71.3
249.7 238.8 280.9 271.2 321.4 283.1 205.6 141.1 116.4 130.6 180.2 217.0 247.8 253.4 225.6 260.2 244.2 200.3 157.9 167.7 151.0 135.9 117.6 105.1 96.5 94.0 72.5 83.1 98.1 111.4 105.4 136.9 201.3 231.3 213.9 147.1 184.7 272.1 306.3 241.5 178.0 133.0 164.1 159.5 124.8 155.4 162.5 115.7 102.1 101.3 100.7 100.4 99.5 97.6 95.6 88.9 80.3 77.0 87.0 95.7 98.7 98.8 92.9 89.5 88.0 86.0 83.4 80.6 76.9 70.1 73.3 74.4 75.7 75.6 75.8 75.9 76.2
348.4 295.1 279.9 333.9 286.4 240.8 170.9 127.4 130.7 162.3 216.4 275.9 239.7 197.2 184.3 176.6 170.9 177.2 200.9 177.4 156.2 148.2 114.9 97.5 73.5 73.6 73.0 83.8 122.3 141.8 122.6 117.5 132.7 154.2 199.6 171.3 150.9 194.2 246.3 257.9 192.6 172.0 176.9 149.9 151.8 188.4 181.4 126.5 105.7 103.6 103.6 102.7 101.0 98.5 94.9 90.2 82.2 80.6 98.1 103.6 105.5 109.7 98.3 93.6 90.2 88.2 87.2 84.1 80.2 78.8 78.6 80.1 81.3 81.5 81.9 81.9 81.5
371.9 321.2 308.3 262.3 224.8 189.7 133.3 149.3 214.5 225.6 253.4 302.4 262.4 208.1 223.7 205.7 222.5 238.9 217.8 185.0 166.7 156.0 116.2 83.7 76.1 90.7 105.2 126.3 153.1 183.6 150.1 113.1 146.7 171.4 204.7 232.0 190.4 167.2 186.1 210.0 243.9 222.5 196.7 193.1 196.7 171.1 139.7 122.9 109.1 106.8 105.7 104.8 102.6 99.1 97.4 93.0 84.7 87.7 111.5 103.3 121.8 152.8 113.8 97.3 93.1 90.2 89.6 88.9 86.1 85.0 84.9 85.4 86.5 85.7 84.8 84.6 84.1
410.0 341.1 274.9 295.2 262.1 172.3 135.7 185.8 262.0 279.6 317.9 311.1 244.1 227.5 284.9 280.9 286.6 270.2 224.7 196.5 174.6 154.1 121.9 85.4 80.0 83.4 128.6 155.6 195.1 178.0 154.2 128.0 132.3 143.7 183.8 240.6 269.8 217.6 220.4 265.3 242.2 186.6 162.4 171.8 193.6 178.1 147.1 123.3 113.5 110.3 109.1 107.9 103.5 98.7 96.2 90.4 83.4 133.1 124.0 109.0 136.8 146.5 122.3 119.2 94.9 94.2 93.7 92.2 91.2 91.1 89.9 89.5 89.7 87.9 87.6 87.0 86.3
411.3 403.4 374.4 357.9 283.1 169.1 144.6 204.5 273.8 349.3 355.5 306.0 278.7 283.8 315.0 283.4 231.7 201.1 193.3 194.6 189.9 173.6 109.2 85.1 99.7 137.8 181.1 201.4 222.2 219.8 204.6 144.7 129.7 156.6 173.0 202.1 269.3 265.4 222.9 283.2 263.5 198.4 173.0 160.5 145.1 151.3 149.9 130.3 117.9 113.5 111.5 109.2 106.4 91.8 85.8 88.2 91.9 144.1 114.0 120.2 146.0 166.4 148.9 123.3 99.8 99.4 95.5 94.8 94.6 93.6 92.6 92.5 92.1 90.8 89.8 88.9 86.9
