data/case_study_destine/merger_hmc_by_domain/geo/SardegnaDomain.dem.txt
ncols   348
nrows   489
xllcorner    8.1125
yllcorner    38.8330
cellsize    0.005002
NODATA_value -9999
[rows 33 to 65 of 489, columns 219 to 291 of 348]
179.9 163.8 159.2 155.0 172.1 157.0 142.0 125.9 120.2 116.1 107.3 102.3 99.9 99.8 94.8 107.8 130.4 132.6 63.0 107.4 155.1 117.2 116.9 137.5 181.9 183.6 254.9 263.2 194.0 144.2 131.6 122.7 137.6 149.0 201.8 220.0 262.5 227.4 209.4 182.6 176.4 179.3 183.8 119.2 64.4 -9999.0 -9999.0 -9999.0 -9999.0 -9999.0 -9999.0 69.2 93.2 130.0 156.6 180.3 267.8 327.7 333.9 328.8 357.6 306.9 217.4 151.4 79.0 -9999.0 -9999.0 -9999.0 -9999.0 88.6 107.6 -9999.0 -9999.0
168.5 186.2 174.4 156.6 144.8 163.0 171.6 152.5 129.3 112.1 110.7 121.6 124.7 104.8 94.7 86.6 91.1 90.0 64.3 117.7 116.1 100.9 127.5 164.2 228.0 236.8 247.0 255.8 194.8 166.1 152.2 129.5 157.6 212.3 229.1 239.1 213.7 225.8 237.2 219.1 205.5 216.2 195.0 114.0 63.6 -9999.0 -9999.0 -9999.0 -9999.0 78.5 77.7 69.7 101.2 126.6 156.4 216.5 298.9 256.1 306.1 333.9 371.4 376.7 277.9 134.3 78.9 98.7 55.2 51.2 76.5 73.2 -9999.0 -9999.0 -9999.0
193.5 193.8 179.3 154.5 171.8 183.0 181.7 162.2 136.0 114.8 127.3 141.9 153.0 139.3 127.2 96.6 72.3 60.2 59.8 74.6 85.3 101.4 124.1 151.2 199.6 248.8 251.6 229.1 185.3 195.9 166.9 143.5 158.3 199.0 205.3 179.6 172.6 185.2 205.6 255.9 260.5 261.2 218.8 139.5 66.6 -9999.0 -9999.0 -9999.0 51.5 90.2 126.0 79.1 103.7 128.1 155.8 226.3 263.1 198.4 232.5 237.1 241.6 226.3 185.8 127.3 157.2 112.2 63.5 76.4 93.7 86.2 -9999.0 -9999.0 -9999.0
201.4 177.0 178.4 177.5 196.4 155.7 143.3 132.4 119.1 124.2 150.7 170.8 164.9 151.3 130.8 95.1 59.2 76.5 91.3 86.4 104.1 121.0 127.3 145.6 179.6 231.1 246.8 216.6 203.7 199.3 175.8 162.5 185.5 202.5 164.1 136.7 138.9 164.2 233.7 287.3 301.2 315.1 259.6 164.8 63.6 44.5 40.2 40.1 53.9 132.8 158.1 106.7 118.2 138.3 147.5 223.0 196.7 175.5 189.4 174.5 168.2 146.2 144.5 142.7 122.6 94.5 72.8 91.1 82.0 64.0 -9999.0 -9999.0 -9999.0
186.3 196.3 210.7 188.4 154.3 130.9 125.7 128.1 124.6 140.3 151.5 173.3 166.7 142.6 122.5 72.7 82.5 111.7 127.1 106.0 128.9 156.2 162.2 175.9 196.7 221.8 216.1 192.9 187.1 204.0 152.7 144.1 177.6 186.3 143.1 118.4 129.6 168.6 224.8 243.7 270.8 290.3 219.6 146.2 63.3 45.8 40.3 42.1 64.8 123.8 151.2 121.0 131.8 149.1 115.1 168.5 155.3 146.9 129.5 121.4 149.4 136.3 106.7 91.5 75.6 -9999.0 -9999.0 63.5 74.0 67.4 -9999.0 -9999.0 -9999.0
199.1 180.7 166.3 145.1 149.6 182.6 176.7 165.6 136.2 169.9 162.8 187.8 185.3 166.3 127.8 67.5 101.1 124.6 145.4 141.4 130.6 162.5 170.5 192.7 211.1 210.4 186.2 181.6 169.8 160.4 130.0 127.0 156.3 139.7 124.9 105.8 132.6 172.4 182.3 181.3 210.6 182.8 115.9 75.7 52.1 42.8 40.8 41.5 55.8 83.6 128.8 97.1 106.3 125.3 99.0 102.2 95.8 96.1 126.7 152.1 165.2 139.1 121.5 82.5 63.0 -9999.0 -9999.0 53.2 65.0 56.8 -9999.0 -9999.0 -9999.0
180.2 161.3 141.0 151.1 196.7 211.9 181.3 165.0 161.7 178.5 180.8 180.1 182.2 169.8 111.5 74.2 112.5 149.4 159.1 168.6 151.9 170.9 188.2 187.3 194.9 186.6 170.5 169.9 174.8 148.5 117.4 113.9 133.7 117.8 100.4 122.6 156.8 152.1 126.5 163.0 145.7 128.6 142.8 99.7 52.7 44.0 41.6 41.5 46.4 67.2 103.2 79.7 78.1 78.5 75.2 72.2 85.5 109.8 137.9 171.9 189.6 158.6 117.1 67.1 -9999.0 -9999.0 -9999.0 -9999.0 -9999.0 -9999.0 -9999.0 -9999.0 -9999.0
170.0 154.6 186.4 229.5 261.8 228.5 189.1 168.8 174.4 176.2 187.1 178.8 159.7 163.7 91.8 79.4 129.0 149.2 152.7 167.5 168.3 174.3 183.8 187.0 171.3 159.4 154.8 168.7 182.5 169.2 114.6 105.3 112.1 96.8 91.3 107.1 111.8 111.9 97.0 131.1 90.9 133.3 140.3 71.1 45.6 44.6 43.6 42.9 42.6 51.6 69.2 57.1 55.0 58.2 60.6 70.8 97.8 135.5 167.2 172.7 179.1 140.8 95.8 -9999.0 -9999.0 -9999.0 -9999.0 -9999.0 -9999.0 -9999.0 -9999.0 -9999.0 -9999.0
168.1 220.0 271.9 287.7 258.4 211.5 180.1 191.3 192.8 205.1 189.9 180.5 177.2 139.7 97.4 76.7 118.9 148.4 155.4 170.5 189.0 192.1 202.8 190.3 157.2 137.7 134.8 137.7 151.1 137.1 102.7 86.5 99.0 88.2 80.0 82.6 83.2 78.2 73.2 77.2 79.8 84.0 70.9 47.5 47.0 58.4 59.4 54.0 44.6 44.6 47.3 49.4 51.6 55.5 61.9 68.0 79.7 106.1 129.4 128.7 111.0 95.8 75.0 -9999.0 -9999.0 -9999.0 -9999.0 -9999.0 -9999.0 -9999.0 -9999.0 -9999.0 -9999.0
201.4 254.3 289.7 295.3 242.3 220.3 198.2 231.1 227.1 227.2 211.2 192.9 170.8 146.1 119.5 94.4 107.6 144.8 166.3 192.7 207.3 202.8 201.3 185.3 158.9 148.7 154.2 150.3 125.4 102.7 90.8 82.3 78.4 73.8 67.9 67.0 63.1 60.3 57.4 58.5 56.3 50.2 47.6 49.2 49.9 52.5 52.6 49.2 46.9 49.8 52.2 56.5 63.0 65.4 80.7 97.1 102.4 108.8 127.0 129.7 120.7 104.7 64.4 -9999.0 -9999.0 -9999.0 -9999.0 -9999.0 -9999.0 -9999.0 -9999.0 -9999.0 -9999.0
247.0 279.3 310.3 280.8 241.1 210.2 225.3 250.3 239.0 202.8 188.0 173.9 151.8 156.8 154.2 128.0 98.9 101.1 132.5 163.4 177.2 171.5 171.9 166.5 151.7 143.9 139.1 135.8 131.8 114.1 88.9 79.0 71.8 66.7 63.2 62.3 59.5 56.1 53.6 51.5 50.1 48.6 48.5 49.9 51.4 55.7 68.1 73.5 69.4 67.0 68.7 64.0 70.5 80.0 87.6 117.2 146.6 174.2 179.7 132.1 83.6 72.8 67.2 -9999.0 -9999.0 -9999.0 -9999.0 -9999.0 -9999.0 -9999.0 -9999.0 -9999.0 -9999.0
246.1 261.4 298.0 299.4 279.8 235.4 249.1 253.3 217.0 184.1 171.9 162.8 155.8 151.0 129.6 105.5 84.8 95.8 93.3 92.0 110.4 134.7 145.6 155.8 157.5 156.5 149.7 133.6 124.1 110.0 109.7 101.0 86.4 85.1 84.5 78.2 68.6 62.2 61.3 60.7 58.6 68.5 69.6 60.1 57.0 87.2 121.6 151.1 136.8 111.2 109.0 95.1 95.1 116.2 121.5 136.0 154.4 211.4 174.9 132.1 80.6 55.2 -9999.0 -9999.0 -9999.0 -9999.0 -9999.0 -9999.0 -9999.0 -9999.0 -9999.0 -9999.0 -9999.0
301.8 298.0 318.1 327.8 307.5 268.3 275.1 266.6 220.0 190.3 187.5 183.4 153.0 138.1 124.7 99.5 104.8 127.8 137.3 138.1 111.9 121.7 130.0 141.8 156.3 165.2 154.1 139.3 129.5 124.9 118.3 114.1 102.3 97.4 92.5 75.7 89.3 97.9 91.6 95.9 90.6 79.5 69.3 88.6 62.6 115.5 169.6 183.1 182.0 193.6 192.5 169.3 136.1 149.7 173.2 186.4 194.4 205.2 179.4 146.6 86.1 49.3 -9999.0 -9999.0 -9999.0 -9999.0 -9999.0 -9999.0 -9999.0 -9999.0 -9999.0 -9999.0 -9999.0
346.5 329.4 345.8 337.6 297.0 275.7 262.0 254.9 222.0 200.9 215.2 247.2 259.4 250.0 244.6 167.8 116.9 160.3 160.3 143.3 143.2 143.0 140.9 134.1 143.8 160.5 171.1 169.8 170.7 153.9 153.0 155.7 127.8 133.4 105.3 90.9 115.4 121.6 110.1 91.4 75.4 69.2 73.4 93.4 68.9 123.1 198.7 214.4 197.8 212.1 220.0 203.2 189.5 207.4 281.8 250.8 234.3 214.5 151.6 100.0 70.3 49.3 -9999.0 -9999.0 -9999.0 -9999.0 -9999.0 -9999.0 -9999.0 -9999.0 -9999.0 -9999.0 -9999.0
386.6 384.1 369.4 317.7 275.8 251.9 239.8 225.2 216.4 224.8 233.2 280.2 319.8 305.7 265.6 232.7 139.3 188.6 195.4 177.7 155.9 161.9 164.2 143.1 168.0 176.1 198.3 223.7 198.7 176.8 173.6 162.9 159.6 148.2 109.5 114.8 154.6 136.8 110.9 87.5 77.1 86.3 95.6 102.0 67.0 162.9 228.1 220.8 187.7 213.4 190.9 224.0 281.1 264.2 241.6 211.4 181.7 173.4 119.4 103.4 81.5 61.2 -9999.0 -9999.0 -9999.0 -9999.0 -9999.0 -9999.0 -9999.0 -9999.0 -9999.0 -9999.0 -9999.0
400.9 371.7 327.7 301.7 323.2 313.4 331.1 326.9 258.3 255.4 264.5 296.6 315.0 282.7 220.6 163.0 130.5 147.8 163.4 173.9 169.1 180.0 164.3 149.8 172.0 188.7 210.1 247.0 255.1 229.1 203.3 180.3 184.8 160.1 150.6 162.3 179.5 131.3 108.4 90.3 91.9 107.8 114.5 95.9 70.2 139.2 168.2 143.3 133.2 148.0 194.0 228.7 355.4 323.1 233.6 202.5 199.4 187.4 154.8 138.2 115.0 68.7 -9999.0 -9999.0 -9999.0 -9999.0 -9999.0 -9999.0 -9999.0 -9999.0 -9999.0 -9999.0 -9999.0
426.0 405.2 366.1 346.9 400.8 383.3 353.3 309.5 311.9 313.5 342.8 348.7 278.8 212.4 157.8 137.2 150.4 167.7 176.3 177.6 176.4 173.0 163.7 165.9 225.3 185.8 200.4 226.7 269.1 268.7 229.9 200.9 208.5 192.1 181.4 172.4 155.9 135.3 115.2 104.8 101.3 103.2 108.2 79.4 83.5 107.6 113.6 124.0 114.0 170.2 204.4 229.2 354.9 364.6 293.5 249.4 249.9 231.2 180.2 174.2 133.4 -9999.0 -9999.0 -9999.0 -9999.0 -9999.0 -9999.0 -9999.0 -9999.0 -9999.0 -9999.0 -9999.0 -9999.0
497.5 450.0 465.0 467.2 480.0 462.2 413.5 365.9 377.5 394.3 373.0 325.3 274.8 184.1 158.5 186.1 213.5 217.0 198.4 212.6 212.8 189.9 166.8 185.1 243.0 202.6 201.7 211.2 224.6 230.6 221.0 219.9 227.2 231.6 225.3 199.1 157.4 142.4 136.5 129.9 112.0 107.2 91.9 73.2 108.0 188.1 210.2 210.4 227.7 216.8 259.6 340.6 373.1 423.6 382.9 338.8 301.0 231.1 157.6 128.3 90.1 -9999.0 -9999.0 -9999.0 -9999.0 -9999.0 -9999.0 -9999.0 -9999.0 -9999.0 -9999.0 -9999.0 -9999.0
577.6 564.8 566.2 519.8 475.4 457.7 457.3 435.3 408.4 373.9 319.4 238.6 209.3 173.6 204.1 300.5 298.1 234.1 251.7 286.7 271.6 228.5 174.1 211.5 252.6 228.6 202.3 201.1 218.4 237.0 234.5 250.6 262.5 279.0 273.9 246.0 186.2 185.8 156.3 126.6 126.6 108.8 79.2 81.6 131.0 201.6 227.1 245.3 300.7 323.4 351.8 450.3 448.8 305.9 282.4 244.6 205.8 167.0 110.9 74.8 -9999.0 -9999.0 -9999.0 -9999.0 52.3 66.5 59.4 88.1 79.9 -9999.0 -9999.0 -9999.0 -9999.0
549.7 582.4 561.0 516.7 491.0 443.2 410.7 406.6 401.4 349.0 299.3 270.3 256.0 178.4 272.5 322.6 274.7 269.9 326.3 364.5 313.6 237.6 178.0 208.7 279.7 287.7 248.7 208.4 214.8 245.9 263.4 279.7 288.2 279.7 220.9 202.9 181.9 156.7 145.2 130.6 130.6 107.9 78.5 85.4 164.5 179.8 201.1 235.0 268.4 332.7 422.4 563.5 482.9 282.6 199.2 148.4 134.2 109.9 77.8 -9999.0 -9999.0 -9999.0 -9999.0 -9999.0 50.4 74.8 86.5 83.6 -9999.0 -9999.0 -9999.0 -9999.0 -9999.0
508.4 554.0 521.4 464.3 463.8 378.8 321.7 327.7 374.9 328.2 278.0 236.9 197.6 207.2 225.6 227.6 250.2 286.8 355.0 362.2 309.4 232.6 214.7 285.9 318.8 315.3 262.0 225.3 212.4 260.6 260.3 279.8 277.1 244.2 237.4 223.3 203.1 186.3 151.5 147.2 157.9 96.4 85.3 91.9 114.3 129.7 182.0 249.9 278.2 337.3 371.3 480.1 428.2 280.0 175.0 102.3 76.0 61.5 -9999.0 -9999.0 -9999.0 -9999.0 -9999.0 -9999.0 80.7 113.6 129.1 80.3 -9999.0 -9999.0 -9999.0 -9999.0 -9999.0
448.7 455.3 459.2 404.5 327.0 342.8 341.5 306.1 272.7 244.4 244.0 217.0 190.9 192.5 211.5 241.9 284.7 300.6 332.7 354.1 335.9 221.4 208.5 267.6 317.3 333.2 292.3 247.6 230.9 217.5 238.7 275.3 294.3 296.6 311.4 262.9 252.6 298.5 224.0 200.4 175.6 110.7 96.8 94.8 107.6 160.1 240.9 277.4 323.0 321.0 285.0 315.4 252.2 157.5 95.8 71.9 51.6 45.1 -9999.0 -9999.0 -9999.0 -9999.0 -9999.0 -9999.0 101.1 157.1 164.5 -9999.0 -9999.0 -9999.0 -9999.0 -9999.0 -9999.0
396.2 379.5 343.3 279.6 256.6 302.3 303.8 272.4 247.2 210.2 193.0 191.2 195.8 212.3 227.1 285.9 267.4 275.4 306.2 345.2 332.0 220.4 230.8 296.1 357.9 382.6 382.0 315.0 273.6 242.7 240.7 309.2 376.1 403.1 372.4 298.8 317.0 327.0 319.4 292.3 212.6 125.1 140.6 117.8 123.5 134.0 187.3 240.1 268.5 264.3 223.7 183.3 123.4 97.0 81.6 58.7 51.9 48.3 43.4 43.5 65.1 91.7 97.4 92.1 93.8 118.7 120.0 -9999.0 -9999.0 -9999.0 -9999.0 55.8 -9999.0
304.2 278.6 246.9 214.0 219.0 224.9 227.5 202.5 194.2 195.8 193.0 207.1 269.7 314.1 354.7 336.1 321.0 323.5 351.6 328.6 245.4 215.7 287.9 381.7 434.1 439.1 453.8 392.7 331.7 278.9 270.4 326.7 402.7 429.7 364.5 331.2 286.9 274.9 247.1 235.4 178.9 129.6 114.1 111.3 144.1 176.6 182.7 185.8 179.0 172.5 141.6 115.0 106.4 88.1 79.1 69.9 67.7 59.5 47.0 58.6 107.3 108.7 103.1 90.0 92.3 88.7 70.9 56.5 64.9 71.8 88.0 96.3 59.4
230.7 216.5 201.5 213.7 215.3 220.5 242.2 269.1 234.2 216.3 198.0 194.2 259.8 350.5 388.3 365.3 373.4 384.9 367.3 295.3 234.1 228.9 256.0 308.3 426.6 492.9 501.1 488.7 478.0 417.5 398.9 445.1 422.5 345.3 341.0 318.5 298.4 264.8 236.0 196.2 153.9 137.8 111.9 119.6 163.4 189.3 219.3 194.6 153.4 140.0 140.1 145.6 137.9 126.3 130.8 109.2 94.8 60.8 53.8 76.9 94.2 114.5 105.8 106.1 103.7 85.8 81.7 101.8 124.8 130.6 142.1 160.4 102.7
254.9 262.5 222.6 235.2 259.9 263.0 277.2 295.8 270.3 249.3 224.4 213.7 223.4 293.8 347.5 374.1 389.6 386.5 351.0 273.1 227.5 271.7 330.2 363.0 447.5 496.6 468.3 485.5 486.8 533.1 535.3 545.3 468.3 397.1 409.6 340.7 325.7 287.5 306.4 265.3 145.8 129.3 143.3 125.2 153.8 170.3 188.9 188.4 207.6 234.1 257.1 236.8 215.9 190.9 167.1 141.6 103.7 63.9 62.4 76.4 78.8 110.5 116.2 126.5 139.9 117.3 109.1 124.0 139.3 179.0 205.4 140.6 93.8
267.1 249.3 220.7 243.7 259.3 279.8 288.9 290.8 285.8 267.8 244.2 251.7 272.0 284.7 310.3 315.2 335.6 339.9 313.8 250.8 276.7 374.0 429.4 410.8 414.7 424.2 427.8 442.1 436.4 466.6 507.3 576.5 525.3 517.2 485.4 404.4 367.4 359.4 333.9 257.9 141.9 140.6 163.5 138.0 155.6 174.6 198.2 216.5 259.0 313.7 364.6 399.0 343.4 239.8 149.0 113.1 87.2 69.0 62.2 67.1 79.0 91.2 103.4 117.7 132.3 133.0 147.8 164.7 206.6 210.7 183.6 116.4 82.1
230.5 242.7 248.7 230.5 234.4 255.8 267.0 274.3 276.7 281.9 257.1 258.3 280.9 320.5 350.5 350.7 381.8 400.1 352.9 284.3 328.8 357.3 366.1 381.8 405.7 413.4 432.2 418.2 425.6 432.0 445.8 439.5 395.3 433.9 383.7 288.6 302.5 293.9 250.5 184.7 141.6 139.9 159.5 175.7 236.4 246.7 276.3 301.3 356.1 369.7 403.2 364.9 303.5 240.0 154.9 105.1 85.3 73.5 77.2 82.0 90.2 105.0 126.9 136.7 152.8 207.9 273.6 249.5 234.8 168.7 129.9 107.4 89.0
269.1 292.6 273.8 265.8 257.3 252.9 262.4 295.1 315.2 297.3 271.9 256.6 253.8 292.3 361.6 345.1 317.4 335.4 323.6 358.1 428.6 438.1 429.5 444.5 462.8 464.5 456.2 409.5 427.7 467.5 398.9 351.6 364.5 257.7 229.8 197.6 219.8 211.7 181.4 153.0 144.5 169.7 191.2 224.6 300.3 304.4 323.1 327.6 383.5 403.0 304.5 261.8 189.2 162.6 140.5 103.3 87.8 89.0 112.7 135.5 150.7 178.8 203.0 210.6 209.2 324.3 324.8 191.9 163.5 152.5 103.5 87.5 78.9
260.3 286.9 289.1 290.4 296.6 294.0 300.4 359.4 393.1 352.3 290.7 285.9 266.2 264.2 292.2 289.2 290.7 304.0 317.2 357.3 400.0 436.4 448.4 466.7 477.8 472.2 480.2 396.0 338.3 365.1 287.5 268.4 293.4 217.2 192.4 189.6 169.2 160.6 160.9 182.4 243.3 285.3 238.3 264.8 310.1 306.4 276.8 273.0 234.5 248.9 183.2 148.5 130.6 129.9 144.0 109.5 102.0 105.0 123.8 216.8 284.3 345.1 320.6 241.2 259.0 257.1 208.4 134.0 115.7 113.6 89.5 68.6 70.1
280.4 273.4 277.9 326.5 357.5 337.0 396.4 436.6 441.1 416.1 393.0 344.4 286.3 261.7 264.5 291.9 330.9 310.0 316.4 367.8 425.2 447.3 433.6 442.8 451.0 430.3 384.2 340.6 278.7 256.0 237.5 218.2 221.3 223.9 260.9 318.1 277.4 227.9 210.1 216.3 295.5 311.3 274.0 294.4 290.3 278.8 186.9 182.3 140.0 130.5 130.8 120.5 109.7 101.5 103.0 97.9 101.0 116.0 135.3 140.1 233.3 307.5 208.4 157.7 170.6 193.7 245.3 129.2 96.9 83.5 73.6 56.4 61.2
298.5 304.3 308.6 370.9 397.0 414.3 455.4 493.4 488.6 471.5 400.7 306.6 287.0 306.4 300.4 326.9 333.8 331.7 346.0 342.8 381.1 417.1 414.6 437.3 461.2 491.1 521.6 462.3 372.3 309.0 278.3 293.2 305.0 307.0 294.4 354.0 320.2 283.5 260.0 249.6 254.3 301.8 311.5 279.3 223.3 153.6 124.6 110.1 105.1 108.9 115.6 112.5 101.3 88.3 83.4 82.0 86.6 96.1 95.5 91.5 133.3 214.7 162.5 117.8 145.7 156.9 234.1 159.4 97.6 87.2 72.9 62.8 -9999.0
307.4 386.7 362.5 394.3 436.2 457.8 479.3 517.3 530.3 465.5 337.9 307.9 392.1 384.0 331.6 326.0 328.6 340.4 357.3 376.7 381.0 391.3 411.3 525.8 606.4 626.5 641.2 597.1 433.6 364.4 448.6 494.3 440.2 428.3 422.6 414.4 391.8 370.7 327.1 311.0 278.6 310.1 327.1 282.5 177.3 125.9 106.6 97.1 91.0 95.3 88.8 90.6 85.0 78.9 73.2 77.0 87.3 83.9 76.8 74.3 89.8 145.5 153.3 95.1 86.4 125.8 151.8 161.0 135.6 86.2 75.3 55.2 -9999.0
