data/case_study_destine/merger_hmc_by_domain/geo/SardegnaDomain.dem.txt
ncols   348
nrows   489
xllcorner    8.1125
yllcorner    38.8330
cellsize    0.005002
NODATA_value -9999
[rows 66 to 98 of 489, columns 219 to 291 of 348]
396.3 438.4 406.0 433.6 477.8 490.3 491.1 501.6 487.9 380.6 334.6 407.7 446.6 433.7 383.9 331.9 320.4 332.0 351.8 377.2 387.1 416.3 439.9 473.5 568.4 689.8 665.9 574.4 481.8 494.0 592.4 627.4 643.3 606.1 587.8 557.5 476.2 441.7 365.5 304.9 265.5 243.4 220.1 209.0 157.0 121.1 100.7 88.6 81.1 80.9 76.2 70.6 70.8 65.7 67.7 78.5 80.1 71.5 64.8 62.2 69.1 78.2 81.9 67.8 61.9 89.4 135.0 144.8 109.3 84.3 54.6 -9999.0 -9999.0
454.6 456.4 449.9 461.5 494.3 505.6 511.2 520.4 452.8 445.4 451.7 525.8 523.5 460.5 386.8 346.0 327.0 327.1 338.6 354.9 382.9 436.0 467.3 486.4 518.7 552.7 556.4 485.6 457.8 506.1 521.0 570.8 621.8 581.0 572.6 601.5 545.4 421.6 294.8 215.3 202.0 151.3 141.6 137.2 129.3 118.6 106.7 86.1 73.9 70.0 66.7 61.9 60.8 59.5 61.8 64.5 66.6 63.6 56.7 54.5 54.8 54.2 54.7 49.0 49.1 85.1 131.6 104.8 82.6 67.2 -9999.0 -9999.0 -9999.0
498.9 490.6 492.8 492.4 483.2 512.1 551.5 562.9 547.1 548.6 584.5 606.8 511.0 433.7 360.6 337.2 343.0 349.2 362.8 370.6 389.0 409.9 425.7 484.0 479.8 453.1 440.5 424.0 422.4 442.6 431.8 429.0 411.6 392.8 413.8 430.8 379.8 293.3 204.0 166.9 153.4 131.7 116.1 112.5 104.8 96.8 105.3 88.5 69.7 63.9 62.2 59.8 55.8 53.0 52.2 53.4 49.9 48.7 47.7 47.3 45.7 46.9 44.2 41.9 -9999.0 -9999.0 110.6 85.7 62.3 47.5 -9999.0 -9999.0 -9999.0
526.7 539.1 534.0 552.6 573.7 567.7 594.7 617.5 630.9 635.3 631.3 541.7 436.7 402.6 365.1 357.2 385.9 404.0 410.0 389.9 389.4 402.2 428.8 458.0 443.1 426.7 417.3 400.9 407.0 402.6 381.4 392.1 392.9 327.6 314.7 279.0 240.7 203.7 167.5 139.1 122.2 115.0 112.8 106.8 94.2 84.1 79.7 75.5 68.1 60.3 57.1 54.9 53.2 49.1 47.3 43.4 42.0 43.2 42.0 -9999.0 -9999.0 -9999.0 -9999.0 -9999.0 -9999.0 -9999.0 73.2 82.9 -9999.0 -9999.0 58.5 -9999.0 -9999.0
537.7 587.0 674.2 705.5 638.9 633.3 657.3 660.8 695.5 697.1 620.2 494.8 430.8 393.5 364.9 376.2 415.8 481.7 472.0 423.0 439.9 477.5 524.3 482.9 438.0 431.5 421.6 394.0 388.2 355.3 344.0 352.7 368.0 343.5 268.2 192.4 174.7 161.3 143.6 126.3 112.2 100.4 96.4 92.3 82.7 76.5 71.4 67.4 63.1 60.9 55.6 51.1 50.2 48.3 43.8 42.7 41.8 42.3 41.8 -9999.0 -9999.0 -9999.0 -9999.0 -9999.0 -9999.0 -9999.0 -9999.0 -9999.0 -9999.0 -9999.0 -9999.0 -9999.0 -9999.0
595.8 665.9 703.6 670.4 649.3 671.0 681.1 697.9 759.0 776.2 684.8 577.4 441.1 384.9 373.8 413.2 467.3 528.0 527.5 513.9 526.7 513.9 475.9 454.2 435.6 424.6 394.8 370.6 381.6 345.4 317.3 323.1 337.7 329.1 283.8 201.2 154.7 132.0 126.6 116.2 104.6 91.9 85.3 81.5 76.6 73.0 70.6 63.5 60.8 57.7 54.0 51.5 49.6 48.5 43.9 42.5 43.1 -9999.0 -9999.0 -9999.0 -9999.0 -9999.0 -9999.0 -9999.0 -9999.0 -9999.0 -9999.0 -9999.0 -9999.0 -9999.0 -9999.0 -9999.0 -9999.0
647.2 659.2 691.6 689.3 698.3 693.4 690.0 708.0 745.4 780.5 659.7 540.9 438.8 402.8 418.2 441.9 501.8 591.9 611.2 553.8 495.7 473.8 440.7 439.4 444.6 430.4 381.4 332.6 355.9 312.8 291.5 284.2 306.7 311.8 264.6 213.3 203.6 162.6 126.2 111.3 104.4 94.3 88.1 83.5 78.1 76.8 79.4 84.0 75.3 65.5 61.2 55.2 51.0 45.9 42.2 42.4 41.8 -9999.0 -9999.0 -9999.0 -9999.0 -9999.0 -9999.0 -9999.0 -9999.0 -9999.0 -9999.0 -9999.0 -9999.0 -9999.0 -9999.0 -9999.0 -9999.0
658.4 637.4 656.2 707.1 746.4 741.6 720.5 739.6 758.4 718.2 581.3 512.5 439.8 468.6 511.2 552.7 623.6 648.1 521.0 462.3 439.9 427.8 422.3 417.2 411.9 397.1 373.2 355.2 312.6 327.1 302.1 273.9 283.2 283.5 275.9 287.0 290.7 202.0 148.3 127.3 118.0 106.9 101.9 95.2 87.9 95.9 101.4 95.4 100.4 109.7 91.1 76.5 61.7 50.7 44.5 44.2 42.1 42.8 -9999.0 -9999.0 -9999.0 -9999.0 -9999.0 -9999.0 -9999.0 -9999.0 40.2 40.2 40.3 39.2 -9999.0 -9999.0 -9999.0
606.7 599.8 631.8 712.5 764.3 781.6 777.1 774.7 790.0 752.2 668.8 560.6 472.7 548.7 563.4 576.9 605.5 513.7 451.8 441.0 440.7 429.7 420.3 403.8 399.7 397.0 378.8 368.3 363.7 358.8 315.5 292.6 252.1 254.0 258.8 240.0 212.8 172.9 152.7 143.9 134.9 126.3 125.9 122.3 132.0 166.2 151.0 135.5 137.8 119.3 97.5 84.0 67.7 58.0 49.0 49.3 48.0 47.0 51.6 51.6 51.9 46.1 47.1 44.0 43.9 41.0 41.0 40.5 40.4 40.6 39.4 -9999.0 -9999.0
577.0 602.9 651.9 703.1 750.4 763.8 795.0 796.0 762.7 720.1 636.9 519.5 527.7 569.2 519.6 452.4 436.7 443.2 463.7 461.6 439.8 419.1 416.1 399.4 384.6 392.5 386.6 369.2 360.9 334.1 319.2 291.9 256.0 238.0 239.5 221.9 209.7 210.9 216.5 238.6 219.6 221.9 221.0 225.7 238.2 240.9 175.8 141.5 141.6 126.9 104.6 83.5 71.9 63.1 56.8 56.6 60.0 50.7 46.4 48.7 49.1 45.6 44.5 44.9 41.4 41.7 44.2 51.6 50.7 45.6 41.6 41.8 -9999.0
577.0 586.3 600.6 637.4 647.9 663.0 673.1 695.2 673.6 606.0 522.1 498.1 502.0 458.9 432.6 422.0 417.9 436.5 443.1 444.4 430.0 410.5 398.8 384.9 369.9 362.7 361.9 369.4 369.3 347.4 332.0 294.0 255.7 237.4 229.7 234.9 251.6 270.5 281.7 280.8 244.5 216.6 235.1 268.0 286.8 229.0 143.9 130.8 149.6 118.1 99.2 87.7 77.5 72.0 68.3 62.9 53.4 48.9 46.9 47.0 44.6 43.9 51.4 47.9 42.4 51.6 81.2 74.0 56.6 45.2 41.7 41.2 41.1
665.6 650.9 653.0 669.4 645.9 624.2 635.2 629.2 612.7 557.3 466.6 454.8 452.4 504.0 526.3 477.8 440.8 417.8 409.9 414.7 413.6 412.9 398.0 379.0 373.6 362.2 352.9 343.6 318.4 315.9 308.5 263.4 243.7 256.5 247.0 230.4 237.2 271.4 288.5 270.7 228.8 201.3 226.6 263.5 246.0 166.3 120.7 107.4 101.8 97.9 88.0 87.9 87.7 87.6 66.9 54.9 50.8 49.2 48.1 46.0 45.8 45.1 44.1 44.0 49.1 60.8 74.1 66.2 52.1 45.4 42.7 42.6 43.1
708.7 750.6 726.3 668.7 640.9 609.0 598.8 608.1 616.9 556.3 459.6 517.6 520.5 572.8 551.4 510.2 477.2 454.2 421.7 400.9 386.0 374.4 371.5 392.5 396.8 382.0 394.7 361.2 312.2 282.1 265.7 255.1 278.6 283.2 270.2 255.8 227.6 223.5 230.2 191.2 147.2 182.9 214.9 214.4 203.0 160.7 102.1 89.6 82.9 88.5 85.0 75.6 75.5 65.9 55.6 56.0 58.9 53.4 49.0 49.0 49.1 48.9 47.1 46.0 46.8 51.8 62.4 52.0 47.6 48.5 51.8 73.6 71.1
837.9 856.1 771.3 677.1 634.3 623.0 599.5 557.1 567.1 506.9 467.7 540.5 561.9 568.8 519.8 481.5 460.9 436.1 416.0 399.0 383.3 379.3 351.9 369.1 380.8 401.7 370.3 326.6 325.8 305.7 273.9 284.5 314.6 322.9 335.8 323.2 277.6 208.2 149.0 137.9 120.9 128.6 140.5 183.9 164.0 103.2 82.1 73.3 70.6 74.9 67.6 62.9 61.1 57.6 66.6 80.1 81.1 71.7 66.1 60.7 54.9 52.2 53.7 53.3 49.4 48.1 49.7 51.1 53.8 61.0 66.6 94.7 96.0
949.9 840.5 714.2 630.1 587.7 578.9 559.1 541.2 532.5 497.9 535.0 558.1 558.4 545.3 520.6 515.3 488.9 472.2 456.4 440.0 400.4 373.8 364.1 337.8 345.6 360.2 363.8 361.7 355.8 330.5 317.9 315.9 319.8 325.5 349.9 315.0 237.4 178.3 187.2 202.8 153.1 117.6 112.7 97.3 86.4 76.9 75.6 73.8 69.6 67.5 68.1 69.8 67.8 66.6 76.3 82.9 69.2 65.4 70.7 80.0 60.7 64.7 63.5 52.1 54.0 51.4 50.3 54.6 64.5 98.0 89.4 102.5 101.9
892.3 769.5 675.4 620.3 588.0 605.0 599.1 577.1 555.9 545.1 560.3 555.6 558.5 572.6 574.9 563.1 527.7 509.4 491.3 455.4 417.4 399.5 382.2 355.3 339.9 336.0 337.4 346.1 347.7 337.3 322.1 314.7 303.9 287.8 303.0 291.1 226.1 210.8 253.6 260.7 221.5 178.2 143.3 110.2 96.3 86.7 85.8 79.6 71.6 73.3 73.0 69.1 67.2 66.6 65.6 63.5 61.9 61.1 61.9 58.9 55.7 60.7 52.3 53.2 57.1 53.7 52.5 57.1 70.5 102.3 143.0 167.9 145.3
951.4 826.6 704.6 664.6 637.4 594.1 572.1 555.5 539.3 542.6 547.8 548.4 557.1 565.8 553.5 536.9 514.1 486.8 466.4 450.5 425.0 407.4 382.3 376.7 374.3 359.5 334.4 321.7 325.0 334.6 326.0 297.1 283.3 285.1 293.0 284.5 264.9 277.1 284.7 250.9 211.8 163.5 134.6 113.6 101.5 97.6 92.0 78.9 78.1 79.4 74.4 70.9 67.5 65.8 66.7 65.8 63.2 61.3 58.2 56.4 54.4 54.0 52.5 53.1 57.1 56.5 53.1 60.3 94.3 159.1 218.5 260.4 272.1
1019.5 886.7 818.2 799.5 686.6 591.3 563.2 546.5 532.3 532.1 538.9 541.3 549.6 551.4 512.8 497.8 480.9 460.5 443.6 438.6 437.6 415.9 378.8 365.1 355.3 345.5 338.1 334.5 323.0 314.7 300.0 286.2 300.1 295.4 312.3 293.8 284.0 282.8 269.0 256.3 232.4 180.0 129.4 110.6 94.5 88.3 83.4 81.6 93.6 89.0 79.1 75.0 74.3 71.6 70.6 68.3 64.8 62.6 59.5 57.5 56.5 58.2 58.3 62.1 72.4 75.9 58.2 59.4 75.9 96.4 127.0 165.3 232.7
1052.6 998.6 888.9 756.1 656.4 606.9 589.7 551.6 529.6 525.8 525.5 530.7 531.0 531.4 509.5 484.2 473.3 449.9 426.1 427.7 425.3 412.1 403.5 385.5 377.9 383.0 379.8 359.1 326.4 306.8 307.6 302.6 284.3 263.6 263.6 250.8 264.4 291.3 272.6 255.2 223.1 164.7 131.5 109.2 91.3 91.0 102.9 106.9 107.2 111.4 107.2 98.1 87.3 77.7 74.2 70.8 66.0 65.1 65.5 68.1 67.1 64.5 66.9 73.7 84.4 97.3 72.5 59.6 70.1 90.1 119.7 159.4 163.6
1009.2 954.3 821.1 783.5 750.3 683.4 590.4 557.4 541.3 534.3 517.2 512.1 510.1 522.8 511.1 484.6 464.7 446.9 429.0 421.1 415.7 407.0 403.9 406.1 412.1 381.8 352.9 334.2 317.8 314.2 316.6 300.2 278.8 249.5 229.5 204.8 223.0 201.9 162.5 146.1 139.7 116.4 98.6 99.0 107.1 126.8 151.1 140.7 138.1 153.4 128.2 104.4 90.2 81.7 82.5 81.2 79.8 81.8 85.2 103.5 110.3 79.7 74.6 91.2 133.7 98.5 75.7 63.9 70.5 114.9 161.1 240.6 221.1
797.9 766.2 698.5 703.2 730.6 680.3 602.3 567.2 581.8 565.5 541.1 518.1 499.5 483.1 445.6 425.2 422.5 408.4 398.9 412.7 413.3 407.3 418.8 423.2 402.4 373.9 353.7 338.2 326.3 317.6 310.8 300.8 268.6 215.5 187.4 166.5 145.1 125.7 113.5 112.8 109.6 106.7 105.2 105.1 110.3 115.8 121.4 128.4 138.3 147.5 128.0 105.7 93.6 88.6 98.7 114.4 113.7 131.0 126.4 122.9 93.5 80.4 83.4 97.5 134.9 127.1 80.3 68.0 72.8 117.9 210.6 206.3 213.5
676.9 659.4 635.0 632.4 660.9 663.9 552.9 570.7 597.4 571.4 529.4 528.7 543.1 520.6 476.7 471.2 465.4 429.6 396.4 377.9 381.9 399.9 406.3 393.6 361.7 345.5 334.4 320.1 289.3 266.1 242.0 248.1 232.4 184.4 168.1 151.2 135.5 126.9 119.3 125.1 134.3 157.2 141.6 111.2 120.4 129.2 139.6 162.9 191.6 163.4 126.7 111.2 113.3 102.0 97.0 102.9 111.9 128.2 158.7 116.4 91.0 89.0 105.8 144.0 163.5 130.2 83.9 70.3 82.4 144.9 168.7 161.7 244.1
631.1 602.1 578.1 607.2 638.2 581.4 507.6 595.1 630.6 589.6 503.1 508.3 537.0 568.5 561.0 493.1 427.0 413.0 390.9 363.5 356.8 367.4 383.1 382.6 356.5 317.5 275.2 238.2 222.0 204.9 184.9 180.0 173.6 163.0 152.5 153.4 151.5 133.7 131.9 155.0 220.1 253.0 143.0 135.4 145.5 177.7 201.7 231.5 234.2 158.3 136.0 147.7 145.4 129.5 116.1 122.1 129.8 129.0 124.6 127.9 102.7 111.9 147.6 191.9 135.2 94.2 82.6 120.6 84.2 98.5 125.1 193.4 185.3
650.8 625.7 566.1 553.6 605.3 563.0 501.0 619.2 632.1 559.8 471.9 502.3 538.0 496.2 437.9 410.5 371.2 360.5 366.5 346.9 337.1 337.5 342.8 337.7 316.2 289.5 269.6 262.4 237.3 223.4 217.2 193.6 188.7 181.9 157.2 142.6 142.9 151.3 180.9 221.7 288.5 252.4 148.9 184.9 189.8 290.3 357.9 377.9 244.3 196.0 230.4 262.9 209.2 144.8 139.9 176.7 209.5 154.6 184.9 185.1 126.8 198.2 230.5 223.7 146.7 85.2 126.1 208.3 157.3 108.5 102.3 121.1 109.7
683.1 641.2 564.6 512.7 506.8 529.8 466.6 577.2 536.4 484.0 434.9 464.1 473.1 407.1 373.5 361.8 353.8 336.8 324.8 328.3 319.5 322.1 334.9 337.5 316.4 291.4 264.2 248.9 241.7 259.3 246.1 213.5 211.9 186.5 167.7 156.3 177.0 213.1 267.1 378.8 388.6 215.9 186.3 263.0 213.5 252.1 368.1 382.7 299.1 291.7 338.0 325.0 246.4 183.9 157.3 188.5 209.3 204.2 231.9 201.1 165.1 222.6 175.4 113.8 89.0 88.5 136.7 199.6 194.1 168.1 170.0 183.9 124.2
697.0 630.3 547.3 479.4 471.8 504.8 402.0 413.2 434.7 397.6 397.1 395.5 370.2 379.8 370.6 353.8 325.4 314.9 310.7 318.5 336.7 347.6 354.4 365.8 356.7 324.8 306.7 274.5 256.1 273.5 263.5 246.2 227.2 195.4 210.8 228.4 246.3 259.8 381.5 463.2 351.1 192.5 217.1 325.1 286.7 240.6 289.9 281.1 274.2 304.3 327.5 333.6 300.9 200.8 168.9 190.8 227.2 245.2 260.7 226.3 147.8 163.9 121.3 93.4 88.3 97.4 120.8 155.1 212.1 295.3 298.6 288.4 230.1
656.7 598.8 511.7 458.0 427.7 405.4 384.5 371.6 364.0 382.1 361.6 334.2 354.6 379.4 360.3 344.0 325.8 306.4 314.9 335.4 352.6 353.4 351.2 365.9 371.0 363.3 357.0 306.4 281.4 316.1 325.3 305.2 248.6 275.5 335.8 343.2 341.0 371.4 422.3 449.4 270.3 191.9 232.7 268.9 259.0 272.7 259.7 276.9 286.0 305.1 319.2 324.8 241.6 184.3 206.7 244.9 260.9 292.5 270.8 212.7 127.1 118.3 103.5 101.2 100.3 176.1 173.7 182.2 206.1 300.6 363.6 291.8 226.1
604.0 555.3 526.8 523.3 464.1 407.1 394.6 373.6 342.1 328.8 314.1 313.4 329.4 363.9 375.4 324.0 316.2 298.4 303.8 326.1 332.7 329.3 333.1 347.7 353.0 360.9 381.5 389.3 358.9 406.1 414.9 412.5 277.9 376.0 436.5 461.2 497.7 492.9 474.2 409.1 262.0 295.0 205.0 213.3 275.9 293.1 295.7 308.1 311.5 327.8 329.2 344.1 267.1 245.2 241.2 270.0 335.3 278.2 194.8 140.4 120.6 111.0 111.1 148.4 130.3 203.3 163.6 139.5 160.7 190.2 224.4 215.5 173.0
583.0 591.5 482.7 398.1 362.8 376.1 391.2 376.2 341.5 315.7 301.8 318.5 336.3 335.9 323.2 300.3 289.5 298.8 312.9 312.3 316.8 319.6 328.2 338.4 356.7 369.0 390.2 438.3 457.7 421.1 475.2 473.2 340.4 457.6 513.1 529.5 514.1 478.5 437.5 334.7 324.2 282.8 218.6 214.7 241.8 276.5 308.4 339.9 326.3 350.9 349.6 347.3 339.5 304.6 299.5 311.8 327.2 234.6 175.1 143.4 132.0 129.7 159.1 189.6 209.1 143.9 136.0 151.2 198.3 215.2 255.3 216.1 154.9
430.4 464.1 414.1 362.9 353.6 330.1 334.5 347.6 338.0 311.8 296.9 312.9 305.4 296.6 287.2 283.9 292.9 305.8 328.2 327.6 332.8 346.4 404.9 407.0 433.5 476.1 463.3 484.9 508.1 493.0 503.8 489.6 452.2 511.3 547.4 528.7 496.7 458.5 403.6 379.8 290.5 312.3 247.2 274.9 256.3 240.7 281.8 290.6 301.9 338.0 374.5 374.3 392.6 401.1 398.8 385.9 350.6 284.6 205.7 192.3 174.7 156.7 233.1 272.4 178.7 160.0 210.6 220.7 255.2 282.7 279.2 184.0 149.1
359.7 415.1 439.5 376.1 328.5 313.8 314.1 316.7 317.0 305.7 296.5 284.6 286.8 279.1 280.2 287.9 303.5 312.8 315.9 318.5 335.4 357.5 411.1 489.2 523.9 553.4 534.2 534.8 557.4 558.9 554.8 528.1 521.7 564.8 574.7 555.4 515.4 482.7 385.8 324.2 350.0 318.1 340.1 333.9 286.5 241.7 253.1 272.3 283.9 304.6 348.0 411.5 468.7 520.0 561.0 535.4 441.4 292.3 286.4 324.0 280.2 187.3 257.3 280.3 206.1 159.0 173.4 241.5 270.4 261.1 205.4 175.6 183.8
341.2 339.2 340.3 349.4 351.7 318.7 291.5 288.1 298.2 289.1 286.1 278.2 279.8 276.3 287.6 288.1 293.1 298.0 314.8 353.2 435.1 477.1 448.2 513.7 579.4 588.7 590.0 586.0 592.5 590.5 598.0 530.6 548.1 564.1 556.1 541.3 448.8 372.1 363.4 443.3 393.9 422.7 454.4 361.4 295.0 255.9 273.2 323.2 339.1 357.5 388.7 434.4 501.2 585.6 532.8 488.5 436.5 388.5 387.5 420.5 345.9 229.6 296.8 302.9 260.2 208.2 159.9 183.7 201.6 194.6 198.4 189.9 213.3
282.0 289.1 310.1 341.8 330.6 309.3 288.4 278.8 289.6 284.5 274.6 272.1 272.9 282.9 296.6 311.5 331.0 346.2 315.9 378.0 502.2 544.4 540.5 551.9 580.4 600.9 596.9 581.2 566.3 572.5 573.6 543.6 541.8 546.1 555.1 504.0 408.6 450.1 510.6 546.7 442.1 521.0 430.9 383.3 343.8 287.6 273.4 291.1 315.4 325.0 363.4 389.1 405.4 410.4 393.7 410.5 449.0 515.0 496.5 472.4 365.5 265.9 244.5 229.7 194.6 175.0 155.7 154.1 160.7 168.1 176.1 193.5 215.7
