data/case_study_destine/merger_hmc_by_domain/geo/SardegnaDomain.dem.txt
ncols   348
nrows   489
xllcorner    8.1125
yllcorner    38.8330
cellsize    0.005002
NODATA_value -9999
[rows 198 to 230 of 489, columns 73 to 145 of 348]
-9999.0 -9999.0 193.4 176.8 123.4 142.4 126.2 93.7 113.3 262.8 288.9 290.8 342.6 368.7 361.7 365.9 386.4 390.9 395.4 400.6 405.1 409.0 415.1 427.4 437.8 448.5 453.2 460.2 461.1 459.6 467.6 483.3 502.1 512.1 518.7 523.4 546.6 562.4 574.2 587.3 601.3 617.3 632.0 642.0 654.4 656.4 665.6 665.9 666.8 661.3 661.7 665.8 675.3 681.8 694.8 704.2 681.3 671.6 650.3 632.1 658.7 702.7 762.1 817.6 824.4 812.1 771.2 743.3 695.1 643.8 650.5 585.6 550.4
-9999.0 -9999.0 185.5 159.5 135.3 133.9 146.7 177.2 179.0 217.2 213.9 235.9 323.1 373.1 381.2 385.9 388.0 395.9 403.0 411.8 416.9 415.2 415.7 423.8 439.2 446.9 455.9 463.9 468.7 474.5 477.8 476.2 482.0 488.7 501.5 525.4 545.7 560.0 575.6 589.2 603.4 616.4 629.0 642.1 656.4 675.0 685.9 686.6 682.9 681.0 690.8 702.8 709.9 705.2 681.8 673.9 646.2 629.2 629.6 620.9 660.1 724.0 784.6 772.9 694.2 638.7 628.3 645.9 646.7 589.8 543.4 524.1 501.2
-9999.0 -9999.0 76.4 95.6 90.1 100.9 113.8 144.8 132.1 142.8 165.9 213.3 273.1 339.4 365.2 374.1 383.7 395.7 402.5 407.3 413.7 419.9 426.4 431.3 435.8 445.6 453.1 461.1 470.1 480.3 493.6 500.6 503.9 508.5 519.1 528.7 550.0 572.6 589.5 597.7 605.8 618.7 636.8 653.6 668.7 684.3 689.1 696.2 705.1 721.7 747.4 760.0 757.2 741.3 697.8 670.5 643.3 613.6 601.2 611.0 645.3 693.2 728.9 658.8 595.2 563.6 572.5 588.8 583.9 557.4 528.1 482.6 463.6
-9999.0 -9999.0 140.6 175.7 149.4 105.0 112.8 134.2 159.2 201.3 256.8 248.3 267.1 327.7 366.7 377.5 387.9 393.7 398.3 400.7 406.1 415.6 424.7 435.0 446.5 454.8 462.1 467.8 473.1 483.2 497.8 509.5 519.2 529.7 540.8 548.1 553.6 570.8 594.6 619.2 629.5 633.6 643.0 666.3 683.3 700.5 712.5 719.4 728.4 752.6 783.8 784.6 763.9 742.2 712.3 667.2 632.0 610.5 599.6 589.8 576.8 581.5 586.5 557.5 547.0 537.5 540.9 543.0 539.8 513.8 467.4 442.6 440.4
-9999.0 117.7 159.4 188.9 201.1 154.0 165.2 207.8 263.1 278.9 310.9 320.0 341.3 357.1 362.2 370.5 371.4 377.9 384.6 378.8 392.6 407.0 423.2 438.4 454.1 465.5 469.6 476.8 487.8 491.7 501.2 513.6 530.6 548.3 560.7 571.6 576.0 585.5 608.0 623.4 643.4 651.3 661.6 685.0 707.7 718.2 745.0 756.9 752.5 747.4 752.6 742.8 763.2 790.9 716.8 652.7 617.0 611.1 611.6 606.5 584.5 521.4 507.2 517.7 525.5 516.4 512.2 506.6 485.9 447.8 423.8 420.2 422.1
-9999.0 119.2 155.8 200.7 202.0 199.7 208.1 228.1 268.1 295.1 299.6 297.1 302.1 329.9 343.6 348.1 342.0 349.4 349.1 354.1 362.9 385.7 436.1 449.7 453.4 469.4 483.0 492.5 502.1 512.4 511.7 519.4 540.0 565.8 585.2 601.1 607.4 614.4 639.4 651.8 670.2 682.5 693.4 716.7 740.5 746.1 742.0 752.4 747.1 685.8 681.3 693.0 724.9 703.4 648.4 608.9 597.8 596.3 597.3 572.8 517.9 496.2 481.7 488.8 503.5 496.3 473.8 452.3 432.7 419.7 413.6 409.7 410.2
107.5 182.2 165.3 184.4 193.0 212.3 217.7 232.1 289.1 298.6 293.7 284.1 299.9 343.6 345.3 350.1 357.1 350.6 349.8 353.5 368.3 392.2 438.2 470.2 465.3 470.5 490.9 510.8 522.5 530.1 527.8 533.2 551.9 581.6 602.0 627.0 640.7 657.8 667.4 682.2 696.5 714.5 720.9 740.8 768.3 788.6 770.0 741.1 693.1 646.7 627.8 639.5 656.6 631.6 600.8 588.8 586.1 583.2 557.1 501.6 483.2 477.3 481.5 471.5 469.8 462.5 438.2 430.3 423.7 417.0 409.0 402.0 394.9
129.0 181.7 196.8 196.3 192.0 192.6 218.7 269.8 294.3 287.8 286.2 281.5 316.2 353.5 358.0 359.3 373.5 382.2 373.5 383.9 409.5 439.8 462.1 470.2 473.4 479.0 498.0 520.4 535.9 540.9 537.6 552.1 564.3 572.7 609.1 641.8 663.4 684.5 699.0 708.4 728.4 747.8 750.2 755.8 778.6 798.8 789.4 760.5 715.5 646.7 619.6 609.5 602.9 592.3 567.6 574.2 577.0 564.3 498.6 471.8 465.9 464.7 464.9 461.1 443.5 436.5 424.3 420.1 412.1 404.1 403.0 400.0 395.0
140.7 164.5 185.5 165.4 174.2 197.9 244.5 299.8 301.8 281.1 276.6 285.3 324.3 352.2 360.4 362.2 377.4 386.3 402.0 422.6 436.6 446.7 451.6 459.7 474.9 494.7 503.3 515.5 534.9 541.6 546.4 560.3 580.5 593.8 606.0 640.9 671.6 698.6 731.5 752.8 761.7 782.3 770.6 770.5 774.2 761.3 743.0 745.9 690.1 645.9 625.2 598.8 577.7 554.3 545.0 554.1 545.5 501.7 459.4 449.9 447.7 448.8 448.6 442.8 428.6 422.8 420.8 410.4 407.7 421.8 418.8 413.5 407.1
83.5 120.5 160.0 189.9 209.0 227.0 267.3 283.4 301.7 284.5 275.0 310.8 334.7 333.3 335.8 350.7 369.1 386.8 403.9 414.0 422.7 429.9 441.3 451.4 468.6 485.8 497.4 506.3 523.6 539.0 555.3 571.7 604.7 630.8 632.5 653.4 684.3 710.7 751.4 790.1 800.0 794.5 781.6 780.1 759.9 725.0 695.9 685.9 666.8 639.6 600.3 557.7 541.3 522.1 507.9 509.8 488.0 461.9 442.3 441.9 446.7 440.4 437.4 431.7 427.7 414.6 416.8 419.2 426.3 429.3 419.1 412.4 398.8
133.4 141.7 159.5 206.0 235.5 232.4 247.3 264.4 258.5 280.6 287.5 292.4 305.6 310.2 322.1 342.6 362.3 379.8 393.7 398.2 405.8 415.6 427.4 433.5 446.5 464.4 480.3 505.6 533.9 555.9 573.3 594.1 618.6 647.8 667.4 679.0 703.5 724.3 756.4 798.4 817.6 800.1 753.2 735.8 740.7 720.9 686.3 675.3 646.9 598.8 577.4 536.3 512.0 491.6 480.4 467.4 458.1 455.4 458.1 460.3 460.0 459.2 455.5 447.6 440.8 428.9 433.0 432.5 427.2 422.9 412.0 400.6 392.7
172.3 175.7 185.1 192.6 219.2 218.8 241.6 257.6 234.2 255.0 281.1 300.9 310.2 324.1 334.6 343.0 359.2 373.1 389.1 408.1 419.6 430.2 443.9 449.8 447.2 475.6 498.8 511.7 532.5 560.0 583.5 610.8 636.1 652.6 675.3 693.3 717.8 733.4 755.1 773.0 780.8 775.8 756.3 732.1 714.9 691.9 673.2 667.3 633.9 562.9 535.7 515.4 489.5 482.0 475.2 468.2 472.2 468.3 465.9 465.7 468.3 465.7 463.7 453.2 447.3 435.2 432.6 432.3 428.6 428.5 416.9 399.3 388.6
183.5 183.6 197.3 212.1 234.8 235.1 242.1 237.7 250.8 282.1 296.6 306.2 314.1 322.7 331.5 342.9 363.6 375.0 383.9 407.0 425.3 440.9 454.6 470.6 459.7 489.6 519.2 528.9 546.2 567.0 594.2 622.6 648.9 660.9 673.5 687.6 702.4 717.2 737.5 751.4 761.3 760.4 747.1 717.7 702.1 683.4 662.0 648.5 582.3 540.6 537.1 533.7 494.1 482.9 477.7 479.2 476.7 474.1 470.2 470.9 472.7 469.2 464.0 450.8 451.2 438.3 429.4 429.4 432.3 433.2 421.4 400.2 387.8
172.1 178.4 190.3 219.8 231.7 238.4 231.1 230.9 261.6 278.1 289.2 300.0 306.5 310.9 320.5 333.9 349.5 358.2 359.9 394.8 420.0 445.1 467.5 482.3 498.6 491.1 489.6 530.5 563.1 607.1 616.1 629.7 649.9 663.2 676.8 693.1 706.8 723.2 740.6 753.9 760.6 760.6 746.4 731.9 704.5 680.0 683.2 648.6 575.5 561.0 546.3 525.3 502.3 493.4 484.7 481.1 481.0 477.2 475.8 474.2 472.5 468.2 459.7 447.3 442.3 438.6 431.1 431.1 435.5 432.3 419.1 398.3 393.4
201.0 203.4 210.2 217.5 221.5 214.8 208.7 243.9 250.8 258.4 268.0 281.7 293.4 302.9 314.9 317.4 321.3 317.4 316.6 353.4 398.5 422.5 465.8 515.3 530.4 533.2 515.4 569.1 608.2 608.1 632.8 643.9 651.7 665.6 680.0 696.5 709.6 722.0 735.9 746.9 753.8 758.5 752.4 744.1 723.8 704.9 659.5 604.8 583.0 564.0 534.5 516.6 501.5 493.6 486.8 480.7 479.3 478.1 474.3 471.6 471.0 461.1 450.3 435.7 432.2 431.7 428.4 426.8 429.9 431.0 424.3 404.4 400.2
193.2 204.5 213.2 208.8 197.4 192.3 208.4 229.7 241.7 257.1 266.8 276.9 285.5 289.6 288.5 289.4 293.4 324.1 352.0 366.5 361.2 385.0 445.9 547.5 577.0 531.6 519.2 576.5 634.9 646.2 653.0 671.6 665.9 673.8 695.7 717.4 726.3 730.3 727.7 742.4 752.9 767.5 770.6 753.2 725.3 678.1 601.1 588.6 579.0 560.4 544.3 528.8 508.8 493.7 485.5 479.9 472.6 470.0 469.5 463.7 465.5 458.0 440.6 423.1 422.1 422.2 419.8 420.8 424.0 424.3 416.4 401.1 394.5
174.9 179.8 197.9 181.6 217.6 229.1 223.5 233.5 242.4 242.1 237.2 248.8 248.8 249.3 265.8 287.4 312.3 334.4 381.8 429.8 468.5 408.8 422.1 523.5 577.6 575.4 551.1 605.1 680.3 699.9 672.3 704.6 713.3 714.1 727.2 739.1 751.2 759.5 756.4 755.7 766.8 772.7 751.1 728.7 694.4 646.1 588.4 564.6 552.8 540.7 532.7 524.8 507.8 486.9 474.8 471.6 464.1 459.1 459.3 453.6 457.3 452.3 435.1 421.6 416.4 414.5 415.1 415.2 416.7 420.5 407.2 396.5 391.7
171.1 160.1 158.8 167.4 241.9 236.7 198.7 194.6 206.6 222.9 229.9 238.7 246.1 259.3 271.3 288.7 314.0 351.5 383.1 413.2 486.1 487.5 462.8 477.3 580.9 629.5 619.4 692.9 737.8 731.8 692.7 712.7 737.1 743.0 751.5 764.9 771.0 773.7 773.8 782.7 772.4 742.8 730.0 691.3 653.1 614.1 582.2 563.0 561.1 549.7 533.8 513.6 488.0 472.2 462.1 454.2 452.6 447.5 444.7 445.2 454.0 442.2 423.4 419.7 414.8 412.1 412.8 410.5 410.1 412.6 403.2 398.8 391.4
163.1 159.4 134.3 156.9 164.0 180.4 209.5 226.0 237.1 248.0 263.7 263.3 277.3 285.8 307.1 331.5 341.8 390.9 423.6 446.3 467.2 530.9 544.1 514.9 539.6 605.2 665.1 748.7 789.5 753.7 710.3 715.5 752.2 765.5 766.4 773.8 780.0 780.9 767.9 746.1 735.6 705.3 679.7 655.3 638.4 624.3 607.6 586.7 549.4 538.9 529.8 513.0 496.7 483.9 471.1 457.2 447.1 436.4 427.8 426.3 436.1 421.4 415.3 411.7 409.3 408.9 409.1 402.3 399.0 396.0 397.0 391.1 381.2
112.7 149.9 178.3 189.2 189.1 193.3 210.3 224.9 240.9 257.6 270.5 284.2 300.3 306.2 325.0 347.0 396.8 454.8 488.8 508.4 555.3 613.9 604.4 644.0 591.1 619.4 725.2 804.6 822.7 760.7 729.9 727.3 762.5 782.5 776.5 775.2 779.2 776.5 746.1 729.5 724.2 695.1 677.8 661.2 639.9 633.4 624.7 608.7 581.2 561.2 542.2 524.4 508.8 492.2 472.7 455.9 448.0 445.9 436.2 415.0 404.3 416.2 415.8 412.2 404.5 397.2 394.9 385.2 385.1 383.6 385.8 387.4 379.2
112.8 152.1 168.1 181.6 193.7 206.6 218.1 229.0 240.5 262.1 277.7 290.8 311.1 339.7 342.1 364.6 391.2 438.8 484.4 541.2 587.4 673.9 722.7 745.4 681.3 698.6 740.8 824.3 836.9 764.0 747.6 750.9 788.9 799.7 783.0 771.3 763.8 750.1 726.3 724.9 695.3 676.9 664.1 649.1 625.1 603.6 596.7 588.1 561.7 544.9 526.0 503.1 492.6 480.2 465.1 444.6 438.2 442.1 430.7 407.3 394.2 401.2 408.8 407.8 404.4 398.6 382.6 380.6 381.6 376.2 373.1 374.8 372.8
133.4 151.5 163.3 180.3 190.0 203.8 217.2 230.9 249.8 274.6 288.6 301.1 322.3 348.4 397.0 432.9 420.0 408.6 443.4 513.3 607.9 671.5 779.4 838.5 815.1 839.9 849.6 884.6 872.7 810.2 795.6 780.0 806.6 817.8 798.3 788.8 763.6 722.5 716.2 697.8 659.1 640.6 635.5 622.8 594.9 569.2 549.5 543.0 534.5 517.5 494.2 475.8 461.6 453.2 440.8 437.5 437.0 429.8 419.0 413.8 413.4 403.8 389.0 391.2 395.9 390.8 379.6 380.5 380.5 375.4 371.5 368.1 367.7
147.1 150.4 160.7 173.6 184.1 197.5 213.9 232.1 255.1 276.8 299.6 324.9 360.2 403.6 449.1 505.0 528.6 459.6 441.4 516.3 585.3 630.8 674.2 709.7 763.2 862.7 953.2 961.9 938.2 864.6 802.9 785.6 823.2 837.9 833.6 809.9 749.5 726.1 713.6 682.7 666.0 642.8 627.7 624.3 607.4 579.6 551.0 518.7 504.9 498.2 479.2 459.3 440.1 437.6 435.1 434.5 433.9 429.2 423.1 423.2 424.2 414.8 403.6 389.5 375.1 385.2 375.8 374.0 377.9 373.9 372.5 371.3 370.4
148.5 157.8 170.0 181.7 190.0 198.2 207.9 228.5 257.1 282.9 309.1 340.3 377.8 415.6 465.9 528.3 600.5 595.7 502.4 500.6 523.7 550.3 612.6 663.2 734.4 827.1 916.5 960.0 894.2 853.0 861.4 876.6 881.8 876.0 869.9 807.1 757.1 732.9 698.3 655.6 630.0 604.6 597.3 585.7 581.5 575.6 548.9 526.7 501.9 486.1 470.6 445.9 426.3 422.8 426.9 429.7 431.8 426.8 426.1 421.5 415.2 400.2 395.4 397.0 375.1 368.3 367.9 370.3 373.6 373.4 370.6 374.5 374.2
135.5 138.6 155.4 173.8 181.1 187.2 194.9 223.0 256.0 287.9 319.7 355.7 399.8 449.4 499.9 549.3 628.7 713.7 665.2 624.1 599.0 596.3 615.0 628.8 688.4 749.2 843.2 935.5 897.7 908.7 915.1 934.9 932.3 904.2 877.0 800.6 738.1 692.0 656.3 634.8 585.2 572.0 558.7 542.4 539.3 550.3 543.7 525.3 511.5 499.3 479.9 458.0 441.4 418.6 413.0 420.2 430.0 428.3 422.2 409.0 394.5 394.8 397.2 394.7 383.8 359.2 358.7 365.3 369.4 365.0 361.1 367.6 369.5
124.3 133.8 147.4 159.4 167.1 174.7 189.4 220.8 261.4 292.7 329.2 369.0 415.5 468.8 524.6 584.6 635.2 671.3 728.5 765.0 745.7 693.2 728.9 773.2 746.2 788.5 830.6 896.7 938.3 965.1 968.0 961.9 922.2 861.2 806.7 772.0 738.5 669.6 594.9 581.7 546.6 526.1 529.8 521.0 508.8 512.5 514.9 512.6 504.8 495.6 480.0 457.7 442.9 420.7 415.8 412.1 412.7 419.4 410.7 390.0 386.0 391.3 386.4 382.2 376.7 365.7 354.6 349.3 359.4 359.3 341.8 329.7 357.4
123.5 133.3 144.7 154.2 163.9 179.2 198.7 220.3 243.8 277.4 320.4 366.9 407.3 453.5 492.1 524.2 558.4 619.3 725.7 792.9 812.6 811.8 839.9 915.4 890.6 910.9 976.0 984.3 970.2 990.8 973.0 924.1 843.0 788.4 778.2 732.7 665.8 608.9 556.1 512.0 500.7 491.7 501.8 497.1 488.3 483.3 490.7 494.0 493.4 491.4 475.9 450.2 438.0 424.0 416.1 423.9 415.6 402.9 400.9 388.0 382.1 380.5 385.0 380.5 374.7 366.6 360.4 353.0 338.8 326.6 312.5 279.2 261.2
122.3 130.2 139.4 150.0 163.1 182.6 204.1 225.3 254.7 283.0 311.5 338.3 366.0 389.6 421.0 454.0 477.3 507.4 568.7 640.0 663.8 698.9 790.8 859.9 955.2 1020.6 997.1 926.0 872.4 894.6 891.4 858.6 800.6 713.6 691.0 695.4 656.0 583.5 526.1 491.5 465.7 448.9 460.2 454.3 459.0 458.0 464.6 474.2 479.8 482.0 469.2 451.1 437.0 417.5 412.1 423.0 413.4 398.0 392.6 389.5 383.7 375.2 374.9 377.2 372.8 368.6 363.5 360.3 350.4 349.7 323.6 275.0 227.2
114.2 126.6 138.4 149.8 164.6 181.5 206.4 233.0 258.6 281.4 278.7 294.6 340.6 360.5 390.8 462.8 571.0 599.7 562.2 598.3 617.0 677.4 760.4 862.7 975.6 1042.0 968.2 857.5 764.0 704.8 711.7 768.8 693.1 650.7 607.0 619.2 588.0 549.3 516.6 493.5 471.3 455.6 428.1 429.9 426.4 427.1 438.4 449.5 458.5 458.2 457.5 438.7 429.2 415.5 395.3 394.9 388.9 385.4 386.0 384.7 378.8 375.0 373.5 370.6 369.0 368.8 364.6 360.7 360.6 351.3 308.0 255.6 239.7
115.0 126.6 140.7 153.3 169.0 186.5 198.3 208.7 224.7 230.5 256.2 298.8 353.1 414.2 502.6 516.5 583.9 608.6 645.4 691.9 671.4 733.5 784.6 863.7 931.9 1017.6 992.9 881.3 819.4 696.9 610.5 682.9 679.1 590.1 538.5 567.7 556.6 559.0 542.0 507.0 475.3 443.4 425.8 406.3 397.6 399.3 418.6 434.0 437.6 424.1 421.3 418.9 417.1 404.6 389.0 377.3 374.4 375.5 377.0 379.3 379.7 375.4 371.0 369.2 371.4 366.8 363.3 361.6 361.4 354.1 307.8 271.3 243.4
115.9 127.0 140.0 152.4 165.8 165.3 185.2 216.8 243.1 272.3 280.3 311.8 352.2 370.6 412.0 435.4 463.7 486.8 515.6 542.3 600.0 664.5 748.7 807.9 903.8 980.3 959.1 823.4 713.3 647.0 611.2 570.5 622.4 590.1 540.5 524.0 507.5 502.4 527.4 501.7 471.2 451.2 430.9 411.2 387.0 377.2 400.1 410.5 414.8 406.4 403.6 405.4 405.6 388.9 382.2 370.0 365.4 368.6 368.2 373.0 374.4 372.8 369.1 368.6 368.2 362.8 360.6 360.3 361.9 359.8 354.8 317.5 267.6
120.3 127.2 133.8 138.8 140.2 161.8 172.4 167.5 189.9 256.9 315.4 361.2 396.5 422.4 426.7 462.4 503.3 502.2 610.9 621.0 656.8 749.5 825.8 870.6 932.3 965.3 956.0 865.5 781.3 708.7 694.1 616.3 548.8 498.0 462.1 466.1 465.1 455.3 478.4 486.3 474.8 464.0 431.1 397.4 381.1 365.1 389.2 394.4 405.5 407.1 399.3 397.8 392.2 384.4 373.2 366.5 360.6 366.5 365.1 365.8 368.7 367.0 365.8 365.6 363.6 361.8 361.8 358.7 357.9 352.4 339.8 306.8 326.0
-9999.0 116.9 119.5 109.9 120.2 121.6 124.1 157.2 193.0 226.0 294.0 355.2 409.8 441.2 475.4 514.8 545.0 579.7 640.7 684.2 731.2 789.7 821.4 888.1 914.4 918.8 911.3 812.8 806.2 735.1 664.6 609.3 560.0 504.3 448.5 402.9 411.7 431.9 433.6 448.7 462.3 441.6 406.6 382.6 369.0 364.4 381.2 385.2 391.7 400.5 392.2 391.5 385.1 380.8 374.0 365.9 356.8 364.4 365.6 364.4 362.4 360.7 358.6 358.0 357.5 359.2 356.0 356.4 349.8 325.1 315.7 323.2 321.6
