data/case_study_destine/merger_hmc_by_domain/geo/SardegnaDomain.dem.txt
ncols   348
nrows   489
xllcorner    8.1125
yllcorner    38.8330
cellsize    0.005002
NODATA_value -9999
[rows 264 to 296 of 489, columns 73 to 145 of 348]
27.0 25.9 22.8 27.9 33.7 36.0 38.5 42.0 42.1 42.5 43.7 43.8 44.4 45.0 43.7 44.9 46.4 46.7 46.2 45.0 47.9 48.2 50.2 52.4 53.0 53.4 56.4 60.7 62.1 67.5 69.0 68.5 64.2 61.4 58.2 55.0 54.9 52.8 50.9 44.8 45.3 44.0 39.8 32.1 31.3 36.2 31.2 36.4 42.0 43.6 46.3 52.9 62.5 66.5 72.6 85.8 110.4 149.1 182.8 178.3 202.0 226.9 210.3 264.2 319.5 336.7 335.1 265.5 267.7 299.3 344.6 288.5 198.8
27.0 24.5 24.2 30.6 34.0 31.7 33.1 40.4 42.8 43.9 44.2 44.1 45.3 45.2 42.3 42.8 41.4 42.7 42.5 45.0 45.3 45.7 46.5 49.1 50.4 50.5 52.4 55.8 55.3 57.6 53.5 47.7 46.7 42.2 40.3 41.3 40.8 41.4 42.1 41.6 41.0 37.0 28.7 36.4 37.9 35.1 37.2 42.2 42.4 42.5 48.2 59.8 73.4 83.4 93.6 103.8 117.0 132.4 135.9 144.8 166.0 192.4 232.6 303.2 373.4 453.9 417.1 358.7 337.8 342.9 387.8 302.3 289.5
27.0 26.1 19.8 28.1 29.5 29.6 32.9 36.3 39.3 43.7 44.0 44.0 41.9 42.0 43.6 40.3 39.9 42.1 42.7 43.7 44.2 45.4 45.7 46.9 47.3 44.3 42.4 41.8 40.7 39.7 39.1 40.0 38.8 37.8 37.4 38.0 38.6 38.8 39.3 39.4 39.6 29.9 33.5 40.6 42.3 42.4 42.5 42.8 42.4 43.0 49.0 59.2 80.6 96.1 96.0 106.3 110.4 120.1 129.8 141.7 158.1 193.5 234.5 261.5 352.9 477.4 515.9 534.7 502.7 436.0 416.7 392.3 366.4
27.0 27.0 23.9 18.4 24.7 26.9 27.3 30.9 35.5 40.0 43.4 44.4 41.5 41.1 41.4 43.0 39.5 42.6 42.7 42.6 41.8 42.6 43.3 45.0 41.3 39.3 37.7 37.7 37.4 38.0 37.6 37.1 37.8 37.8 37.8 37.7 37.5 37.6 37.8 38.7 33.6 28.5 37.7 39.7 37.4 38.0 41.0 41.9 41.8 45.2 52.3 58.7 73.2 85.2 112.7 130.3 112.3 120.6 136.7 151.2 160.2 176.5 202.8 240.2 310.5 443.3 529.3 635.2 631.8 537.5 438.4 382.3 342.7
27.0 27.0 27.0 26.5 21.9 19.8 26.9 27.3 30.2 36.6 43.1 42.4 40.6 39.9 39.3 38.1 38.0 40.5 41.4 42.2 41.5 43.2 42.7 41.7 37.0 36.3 36.1 35.5 35.6 36.0 36.2 36.9 37.9 36.7 36.2 36.6 27.9 28.4 29.2 30.3 27.8 31.4 33.5 33.0 39.0 44.4 41.0 42.7 42.1 43.9 56.9 65.6 73.1 82.9 102.7 105.5 100.3 110.2 134.2 147.0 164.0 180.5 206.5 260.6 314.4 377.2 465.6 550.0 642.1 590.1 539.4 480.0 397.3
27.0 27.1 27.6 27.2 27.0 21.7 26.5 27.0 27.4 35.4 42.4 41.7 39.1 37.5 38.7 39.1 36.1 36.0 38.4 40.1 38.3 36.5 35.9 35.4 35.1 34.8 34.8 34.7 34.6 34.8 33.7 30.8 27.7 27.9 29.2 27.7 29.6 39.7 38.8 38.9 42.1 44.2 44.9 46.0 48.7 51.6 54.3 54.6 56.8 50.0 50.2 59.6 69.6 87.2 89.8 92.1 92.7 107.8 122.0 139.9 154.8 180.9 208.6 242.9 318.6 410.0 469.0 527.5 609.4 652.8 655.7 559.2 430.0
28.8 31.8 34.0 31.7 26.5 18.8 26.8 27.0 27.9 35.9 38.5 39.2 38.2 35.9 34.9 35.8 34.4 36.5 35.0 34.3 34.6 34.3 34.4 34.9 35.2 34.8 33.1 32.1 26.9 25.6 26.7 30.4 34.7 36.1 37.3 40.0 39.5 41.1 41.4 41.7 42.9 45.8 45.7 47.6 50.5 54.5 55.7 58.4 62.2 64.4 63.1 58.6 58.8 61.9 65.5 79.6 88.2 100.1 112.2 135.8 159.5 180.0 208.6 247.0 331.0 414.7 439.5 440.7 483.0 533.5 614.3 604.8 524.8
35.3 35.6 33.3 29.5 20.2 28.4 27.8 28.8 32.7 34.7 34.1 33.5 33.4 32.7 31.7 32.0 31.8 29.4 23.7 23.6 24.4 25.1 25.0 26.6 28.5 26.3 25.1 25.3 30.0 35.0 37.3 38.6 39.2 41.2 42.8 44.6 41.8 41.4 44.2 44.8 46.2 48.5 48.8 51.0 52.6 55.3 58.8 63.6 72.6 79.1 85.4 86.8 91.0 80.9 65.1 68.8 85.2 104.3 112.8 130.9 146.7 180.8 224.7 260.9 319.1 374.4 374.8 358.4 406.1 472.4 528.3 563.2 531.3
36.6 34.3 31.0 20.2 29.1 33.8 34.2 34.7 35.9 34.9 32.8 31.4 31.6 27.8 22.6 23.3 22.9 24.0 30.0 31.9 31.1 32.9 32.2 30.5 31.5 29.9 37.3 40.5 40.0 42.0 42.8 43.9 44.6 43.5 45.8 44.5 44.7 46.9 46.9 47.6 47.8 50.2 51.1 52.5 54.8 60.3 63.5 69.5 78.8 89.0 95.9 99.5 107.5 106.9 95.1 75.4 73.4 99.5 114.7 125.9 141.2 168.5 205.2 243.0 291.7 343.0 317.2 317.2 355.7 400.4 454.9 511.3 525.8
32.8 31.3 24.2 -9999.0 -9999.0 -9999.0 -9999.0 -9999.0 37.6 35.0 33.0 31.2 31.0 25.7 22.4 30.2 31.6 32.7 33.7 33.2 33.9 36.2 37.0 37.2 40.2 42.1 42.6 43.6 42.9 42.9 43.0 43.8 44.6 44.1 46.0 46.9 47.8 48.7 49.5 50.2 51.5 51.3 52.6 56.6 65.8 72.3 75.5 77.5 79.2 81.7 88.0 108.0 125.8 131.0 119.5 100.3 78.6 96.6 105.4 112.9 125.1 138.8 161.9 203.7 254.9 307.0 276.6 275.2 315.5 350.9 419.2 480.1 497.2
-9999.0 -9999.0 -9999.0 -9999.0 -9999.0 -9999.0 -9999.0 -9999.0 -9999.0 -9999.0 -9999.0 31.7 30.3 21.5 19.9 30.1 32.4 32.3 32.7 33.5 35.1 37.4 40.7 40.2 41.7 42.4 43.8 44.8 44.9 44.4 44.9 44.7 44.7 45.2 46.0 47.3 47.6 50.0 50.9 51.6 52.3 52.6 56.0 62.6 66.4 69.3 70.2 69.3 78.2 86.0 106.9 135.0 147.6 165.3 169.1 153.8 107.5 86.6 107.9 114.3 122.9 132.5 143.6 169.2 212.5 225.0 227.9 246.7 320.1 358.5 375.2 403.6 479.5
-9999.0 -9999.0 -9999.0 -9999.0 -9999.0 -9999.0 -9999.0 -9999.0 -9999.0 -9999.0 -9999.0 -9999.0 29.8 20.7 21.9 30.4 31.5 32.6 33.3 33.8 34.9 39.9 43.2 44.7 45.1 44.8 44.5 44.5 45.3 45.2 45.3 45.3 46.9 48.6 49.1 50.5 52.0 52.3 51.9 50.7 51.2 52.7 55.9 56.3 58.2 60.8 63.3 67.0 77.9 85.7 134.7 155.4 158.5 186.3 235.4 197.4 131.0 87.2 102.4 111.5 121.4 133.7 143.3 156.3 174.3 186.5 212.9 279.9 326.7 320.0 340.2 391.8 428.1
-9999.0 -9999.0 -9999.0 -9999.0 -9999.0 -9999.0 -9999.0 -9999.0 -9999.0 -9999.0 -9999.0 -9999.0 -9999.0 26.4 19.6 26.2 31.1 32.4 33.9 35.3 36.1 41.3 44.2 44.4 46.4 46.3 45.0 45.0 45.3 45.4 46.5 46.7 48.0 49.8 51.1 52.1 50.6 50.1 49.6 53.9 59.0 60.0 59.8 61.9 61.5 67.7 71.4 74.2 76.3 105.8 148.8 150.7 172.9 214.4 254.4 253.1 197.1 111.2 91.5 100.8 111.3 120.2 131.8 140.4 156.4 221.4 271.9 291.2 282.7 285.7 301.9 336.8 352.5
-9999.0 -9999.0 -9999.0 -9999.0 -9999.0 -9999.0 -9999.0 -9999.0 -9999.0 -9999.0 -9999.0 -9999.0 -9999.0 19.9 20.9 27.9 31.0 32.0 34.1 35.9 36.5 39.1 41.7 42.2 44.1 43.9 43.4 42.5 44.8 46.5 48.2 48.3 49.8 51.7 52.4 50.7 46.6 47.5 51.8 55.2 56.8 57.9 60.6 64.9 68.8 72.6 79.6 84.0 87.6 103.9 131.5 141.0 163.5 192.9 226.2 218.3 194.8 148.1 114.3 99.6 103.1 112.2 125.3 138.8 174.1 235.4 248.6 257.3 262.6 263.1 281.8 329.1 351.2
-9999.0 -9999.0 -9999.0 -9999.0 -9999.0 -9999.0 -9999.0 -9999.0 -9999.0 -9999.0 -9999.0 -9999.0 -9999.0 -9999.0 21.0 30.3 30.9 32.3 34.2 34.0 31.8 29.7 29.0 30.6 34.4 40.2 42.4 43.8 46.1 46.4 46.6 47.4 50.0 51.9 51.2 44.9 44.8 47.3 50.8 52.5 55.3 56.7 60.4 65.1 70.7 75.4 82.3 88.9 92.5 99.3 113.3 140.7 172.9 165.1 160.5 173.0 168.7 157.9 141.8 134.6 123.3 108.0 120.3 144.2 172.6 200.0 212.2 225.1 228.8 226.1 247.1 288.3 305.3
-9999.0 -9999.0 -9999.0 -9999.0 -9999.0 -9999.0 -9999.0 -9999.0 -9999.0 -9999.0 -9999.0 -9999.0 -9999.0 -9999.0 28.6 30.7 30.7 32.7 33.2 28.5 27.1 18.7 16.5 16.3 20.3 34.8 42.5 43.3 40.6 37.7 41.3 47.5 50.6 51.6 45.6 43.9 47.5 51.9 52.2 51.2 54.3 58.1 58.9 61.9 66.3 71.7 79.0 87.8 96.7 106.9 127.8 201.6 238.6 243.5 196.7 213.5 239.3 204.8 211.1 173.6 179.1 153.2 117.7 135.4 151.5 169.1 172.8 188.5 202.5 194.6 217.1 255.0 323.1
-9999.0 -9999.0 -9999.0 -9999.0 -9999.0 -9999.0 -9999.0 -9999.0 -9999.0 -9999.0 -9999.0 -9999.0 -9999.0 -9999.0 33.5 33.5 31.1 29.0 27.3 24.6 17.8 16.0 16.0 16.0 16.2 21.7 35.9 33.4 30.2 29.8 35.0 40.4 43.8 44.8 42.9 45.3 48.6 52.6 56.8 58.7 54.9 56.0 60.2 62.4 66.9 72.3 78.7 87.0 94.9 126.8 133.4 179.9 242.1 260.3 258.0 244.2 269.0 299.2 267.8 248.5 291.8 257.1 164.9 127.5 143.5 140.7 162.1 168.0 181.2 220.3 202.1 224.3 272.3
-9999.0 -9999.0 -9999.0 -9999.0 -9999.0 -9999.0 -9999.0 -9999.0 -9999.0 -9999.0 -9999.0 -9999.0 -9999.0 -9999.0 -9999.0 -9999.0 32.4 29.2 19.9 14.0 12.1 11.5 11.6 11.7 11.4 15.5 24.2 22.9 19.1 20.8 30.5 39.2 41.4 44.8 48.7 54.3 49.4 52.9 56.4 59.7 59.6 57.6 61.0 66.4 70.8 76.7 79.9 82.1 96.1 163.1 205.1 159.6 201.5 234.4 216.4 226.7 237.1 301.1 287.0 317.5 341.7 275.8 174.0 146.0 228.2 219.1 214.2 203.8 223.3 251.4 252.5 244.2 238.2
-9999.0 -9999.0 -9999.0 -9999.0 -9999.0 -9999.0 -9999.0 -9999.0 -9999.0 -9999.0 -9999.0 -9999.0 -9999.0 -9999.0 -9999.0 -9999.0 21.5 19.0 16.7 15.0 15.0 15.7 15.7 15.7 16.0 20.4 29.6 28.6 25.5 28.3 39.6 45.6 48.2 45.7 51.9 51.5 53.8 55.0 57.2 60.1 62.1 63.5 64.0 69.1 72.1 77.9 85.2 89.5 97.3 163.7 247.0 234.6 184.8 164.8 173.9 198.4 257.6 302.2 321.2 335.8 342.6 267.5 184.1 177.2 175.5 243.5 239.3 243.6 238.8 240.6 244.9 266.3 285.3
-9999.0 -9999.0 -9999.0 -9999.0 -9999.0 -9999.0 -9999.0 -9999.0 -9999.0 -9999.0 -9999.0 -9999.0 -9999.0 -9999.0 -9999.0 -9999.0 28.8 30.8 30.9 20.4 16.2 16.1 16.0 16.0 21.6 32.3 29.3 35.8 38.6 40.0 42.8 47.4 51.1 51.3 48.6 53.4 58.1 61.9 63.1 66.7 67.7 69.7 69.0 75.6 82.8 88.1 91.1 96.0 105.1 145.8 244.3 265.3 243.4 206.0 236.3 212.7 233.3 256.3 295.0 318.4 338.1 281.0 215.8 227.9 176.6 189.0 215.1 214.2 243.1 276.5 300.3 285.1 303.6
-9999.0 -9999.0 -9999.0 -9999.0 -9999.0 -9999.0 -9999.0 -9999.0 -9999.0 -9999.0 -9999.0 -9999.0 -9999.0 -9999.0 -9999.0 -9999.0 34.9 35.3 36.1 33.7 20.7 18.0 16.9 19.1 35.2 42.0 38.5 38.6 41.6 41.9 44.0 47.3 50.5 55.0 55.9 55.3 58.1 61.4 64.7 68.8 73.5 75.8 75.7 81.9 89.2 98.4 103.5 108.6 112.3 185.5 272.5 289.1 279.3 273.8 287.8 294.8 299.5 330.8 337.7 315.2 316.4 266.8 237.4 235.8 210.0 190.6 187.1 214.2 272.8 255.3 263.0 258.8 295.3
-9999.0 -9999.0 -9999.0 -9999.0 -9999.0 -9999.0 -9999.0 -9999.0 -9999.0 -9999.0 -9999.0 -9999.0 -9999.0 -9999.0 -9999.0 -9999.0 38.6 39.6 40.2 38.3 35.9 32.0 29.8 34.5 37.4 43.2 44.6 44.5 46.5 47.5 49.0 48.3 51.3 54.1 56.5 60.0 61.4 64.6 68.2 71.9 78.8 82.8 86.2 90.4 100.0 108.6 117.2 123.3 125.6 145.6 244.6 329.8 333.2 339.4 343.0 378.7 387.1 396.0 371.8 363.0 346.4 323.2 343.0 305.5 260.1 228.4 258.2 249.7 222.2 264.4 302.7 302.4 332.4
-9999.0 -9999.0 -9999.0 -9999.0 -9999.0 -9999.0 -9999.0 -9999.0 -9999.0 -9999.0 -9999.0 -9999.0 -9999.0 -9999.0 -9999.0 -9999.0 40.1 42.4 42.1 42.1 40.9 40.8 42.1 41.6 42.4 44.2 45.8 45.7 46.7 48.3 50.1 52.1 51.9 54.3 57.3 61.7 65.7 68.9 73.0 76.4 81.1 88.1 95.9 103.1 111.2 122.9 130.0 141.8 146.7 148.6 222.5 363.4 386.6 407.0 419.2 448.5 460.6 444.0 402.9 394.1 392.8 411.2 438.8 403.8 355.1 310.7 264.5 272.2 289.0 299.1 308.4 343.0 339.0
-9999.0 -9999.0 -9999.0 -9999.0 -9999.0 -9999.0 -9999.0 -9999.0 -9999.0 -9999.0 -9999.0 -9999.0 -9999.0 -9999.0 -9999.0 -9999.0 32.6 38.2 40.5 42.4 42.9 43.5 44.5 46.4 47.1 45.0 46.5 47.4 45.7 48.7 51.7 52.3 54.9 57.0 60.0 63.1 66.5 71.5 75.8 80.4 86.0 91.5 100.7 111.5 121.4 133.1 148.2 161.1 171.2 178.9 230.1 373.0 428.3 454.7 498.0 536.6 535.5 504.3 448.3 435.2 448.5 453.2 471.8 465.5 419.7 364.0 320.0 331.9 355.3 356.9 353.1 359.6 346.0
-9999.0 -9999.0 -9999.0 -9999.0 -9999.0 -9999.0 -9999.0 -9999.0 -9999.0 -9999.0 -9999.0 -9999.0 -9999.0 -9999.0 -9999.0 -9999.0 26.4 36.0 36.9 39.8 41.8 43.5 43.2 45.7 47.8 48.3 46.9 46.8 44.6 48.6 50.0 51.2 52.6 56.2 59.1 62.9 67.6 72.8 78.2 83.7 89.6 96.0 103.4 113.0 127.0 140.4 155.3 171.0 189.3 210.2 240.6 318.6 399.2 470.0 524.6 601.4 615.9 558.9 524.4 488.5 482.2 476.9 480.5 480.8 465.5 428.5 418.0 440.5 447.8 413.4 374.8 370.7 364.3
-9999.0 -9999.0 -9999.0 -9999.0 -9999.0 -9999.0 -9999.0 -9999.0 -9999.0 -9999.0 -9999.0 -9999.0 -9999.0 -9999.0 -9999.0 -9999.0 16.0 26.0 32.0 35.9 39.5 41.4 40.6 41.3 42.5 42.7 42.1 40.5 40.4 41.0 42.7 45.8 51.7 55.5 59.8 63.7 68.7 72.9 78.6 84.9 91.2 97.9 105.4 114.0 123.2 136.0 149.9 168.0 199.3 239.5 280.4 289.6 392.9 448.3 560.5 605.3 634.3 620.8 559.2 525.9 504.8 498.9 494.4 489.0 481.3 474.1 472.2 466.7 415.9 377.4 353.0 372.5 356.6
-9999.0 -9999.0 -9999.0 -9999.0 -9999.0 -9999.0 -9999.0 -9999.0 -9999.0 -9999.0 -9999.0 -9999.0 -9999.0 -9999.0 -9999.0 -9999.0 16.5 10.3 11.7 24.7 33.0 34.2 35.8 38.6 38.8 39.0 38.8 38.8 39.9 40.9 42.9 45.8 49.6 53.6 57.8 62.9 68.0 73.4 78.2 84.0 90.0 96.5 104.0 112.7 124.3 144.9 168.8 194.9 262.7 316.2 349.9 328.3 339.3 410.7 493.0 577.6 597.6 584.8 563.3 552.0 528.8 515.1 511.8 504.2 493.6 482.4 477.6 474.4 447.4 378.6 345.3 351.5 342.8
-9999.0 -9999.0 -9999.0 -9999.0 -9999.0 -9999.0 -9999.0 -9999.0 -9999.0 -9999.0 -9999.0 -9999.0 -9999.0 -9999.0 -9999.0 30.5 21.0 20.8 20.9 18.7 22.2 29.8 33.6 37.7 38.6 38.9 38.8 39.2 40.6 42.0 47.3 50.3 53.3 57.3 60.0 63.5 67.4 71.3 76.4 83.1 88.5 95.2 103.9 116.2 135.6 163.5 210.9 268.0 291.5 399.0 451.7 453.8 378.0 419.9 465.8 562.2 612.1 594.2 599.7 580.6 543.4 511.6 523.4 519.8 500.1 482.5 472.3 472.1 465.2 421.5 360.2 324.8 316.5
-9999.0 -9999.0 -9999.0 -9999.0 -9999.0 -9999.0 -9999.0 -9999.0 -9999.0 -9999.0 -9999.0 -9999.0 -9999.0 -9999.0 -9999.0 37.0 35.0 35.9 36.2 33.0 28.1 29.8 33.4 37.3 38.5 38.6 38.6 39.2 45.3 45.1 47.3 50.6 52.7 56.7 61.8 65.3 69.4 74.2 79.8 90.2 97.2 104.7 111.9 126.2 161.1 213.2 246.3 315.3 402.7 478.8 501.1 538.2 463.4 494.7 549.4 653.0 689.3 650.2 616.0 570.7 493.4 456.3 453.9 440.7 416.3 423.4 420.4 416.8 421.3 420.3 389.1 354.7 315.5
-9999.0 -9999.0 -9999.0 -9999.0 -9999.0 -9999.0 -9999.0 -9999.0 -9999.0 -9999.0 -9999.0 -9999.0 -9999.0 -9999.0 -9999.0 41.1 40.3 41.2 41.7 40.1 37.4 34.7 35.9 37.8 38.2 38.3 38.6 39.8 46.7 46.8 48.9 51.3 54.3 60.4 62.5 67.2 73.0 78.4 84.4 93.0 106.4 121.5 139.7 167.4 216.6 273.0 347.7 363.3 379.3 504.8 559.8 592.6 635.1 610.4 653.1 713.5 688.1 633.3 592.4 523.3 465.2 428.6 394.7 369.6 373.2 380.3 376.8 373.7 348.8 369.3 387.8 354.1 325.6
-9999.0 -9999.0 -9999.0 -9999.0 -9999.0 -9999.0 -9999.0 -9999.0 -9999.0 -9999.0 -9999.0 -9999.0 -9999.0 -9999.0 -9999.0 42.8 41.3 42.7 44.1 43.3 42.7 42.2 41.6 40.8 39.2 38.6 39.5 39.8 41.2 45.5 49.0 52.3 54.9 60.1 63.3 69.0 75.1 81.7 89.9 99.1 112.5 131.2 155.0 181.1 226.9 300.1 368.4 448.5 485.9 516.5 586.3 643.5 713.0 757.8 758.2 742.7 705.4 647.5 574.7 520.9 488.9 454.2 397.2 348.8 330.1 346.9 345.1 315.3 288.8 347.0 351.7 322.2 318.5
-9999.0 -9999.0 -9999.0 -9999.0 -9999.0 -9999.0 -9999.0 -9999.0 -9999.0 -9999.0 -9999.0 -9999.0 -9999.0 -9999.0 46.6 42.6 41.7 43.6 44.9 45.3 45.7 45.7 44.0 43.7 40.6 39.4 39.8 39.2 41.5 44.4 47.8 52.1 55.8 60.9 65.3 71.4 76.2 82.9 91.1 101.0 112.8 127.8 148.4 200.8 251.9 314.2 347.5 383.5 502.5 594.9 647.6 719.3 779.1 798.8 786.3 771.6 750.5 693.4 569.6 523.0 508.6 471.1 395.3 345.7 308.8 294.8 298.9 277.2 255.2 293.9 315.8 295.2 295.0
-9999.0 -9999.0 -9999.0 -9999.0 -9999.0 -9999.0 -9999.0 -9999.0 -9999.0 -9999.0 -9999.0 -9999.0 -9999.0 -9999.0 40.9 41.5 42.6 44.6 46.6 46.0 47.9 46.9 44.1 42.1 40.5 39.5 39.4 39.2 40.3 42.6 47.5 51.4 54.6 58.5 63.9 70.1 75.7 82.5 91.6 100.4 112.1 123.0 147.1 206.3 280.7 342.3 418.9 453.7 448.1 495.5 579.0 675.3 792.1 798.9 781.4 768.1 770.3 727.7 600.3 525.0 493.1 457.5 417.6 373.0 332.5 296.4 253.4 257.3 232.5 237.2 268.5 274.2 264.0
