data/case_study_destine/merger_hmc_by_domain/geo/SiciliaDomain.dem.txt
ncols   652
nrows   344
xllcorner    12.4158
yllcorner    36.6186
cellsize    0.005006
NODATA_value -9999
[rows 64 to 95 of 344, columns 0 to 71 of 652]
-9999.0 -9999.0 -9999.0 -9999.0 -9999.0 -9999.0 -9999.0 -9999.0 -9999.0 -9999.0 -9999.0 -9999.0 -9999.0 -9999.0 -9999.0 -9999.0 -9999.0 -9999.0 -9999.0 -9999.0 -9999.0 57.4 58.0 57.9 60.2 62.5 74.9 94.1 126.1 122.3 121.4 127.2 136.7 164.0 193.4 212.9 206.5 170.3 146.9 132.6 135.9 132.8 136.7 144.2 147.9 161.2 181.4 195.0 208.2 225.8 244.1 246.6 269.1 291.6 337.5 393.2 390.8 351.4 305.2 259.5 232.6 243.9 243.1 226.5 235.5 254.3 263.1 271.4 293.7 306.0 304.9 275.3
-9999.0 -9999.0 -9999.0 -9999.0 -9999.0 -9999.0 -9999.0 -9999.0 -9999.0 -9999.0 -9999.0 -9999.0 -9999.0 -9999.0 -9999.0 -9999.0 -9999.0 -9999.0 -9999.0 58.3 55.7 55.0 55.1 55.0 58.7 61.0 64.2 65.7 67.5 76.0 82.6 83.5 92.4 117.4 136.7 147.3 137.6 127.1 115.8 108.1 107.4 110.7 113.5 121.5 129.7 149.2 169.6 171.8 178.6 189.1 209.8 236.7 264.0 313.8 366.6 389.8 388.4 336.9 290.6 278.2 256.2 257.9 250.6 242.5 257.1 276.2 299.1 302.0 333.9 370.2 346.5 317.3
-9999.0 -9999.0 -9999.0 -9999.0 -9999.0 -9999.0 -9999.0 -9999.0 -9999.0 -9999.0 -9999.0 -9999.0 -9999.0 -9999.0 -9999.0 -9999.0 -9999.0 -9999.0 -9999.0 -9999.0 -9999.0 -9999.0 -9999.0 52.5 54.5 55.0 52.0 56.5 62.3 64.4 70.2 77.2 88.4 101.9 117.3 126.3 109.4 100.4 95.4 103.5 111.2 117.3 125.1 133.0 136.2 140.4 148.1 152.8 166.8 193.7 237.7 270.1 281.1 315.1 371.5 415.7 390.6 340.8 337.3 340.2 310.5 289.9 263.6 275.7 299.2 328.8 362.1 371.7 397.8 431.3 404.5 384.3
-9999.0 -9999.0 -9999.0 -9999.0 -9999.0 -9999.0 -9999.0 -9999.0 -9999.0 -9999.0 -9999.0 -9999.0 -9999.0 -9999.0 -9999.0 -9999.0 -9999.0 -9999.0 -9999.0 -9999.0 -9999.0 -9999.0 -9999.0 49.3 50.2 44.8 49.6 59.0 66.6 67.4 73.0 82.0 89.3 99.1 108.9 109.2 95.2 90.3 101.4 111.3 119.7 128.3 135.3 145.9 164.1 189.1 196.1 181.1 192.1 212.5 246.3 286.0 328.8 364.2 393.3 443.1 451.0 395.1 409.8 397.7 360.3 325.2 295.5 314.8 357.7 381.5 428.4 472.5 504.8 521.0 483.2 466.0
-9999.0 -9999.0 -9999.0 -9999.0 -9999.0 -9999.0 -9999.0 -9999.0 -9999.0 -9999.0 -9999.0 -9999.0 -9999.0 -9999.0 -9999.0 -9999.0 -9999.0 -9999.0 -9999.0 -9999.0 -9999.0 -9999.0 -9999.0 -9999.0 -9999.0 41.7 51.2 53.4 56.5 57.1 61.5 68.1 74.8 76.6 81.3 83.9 82.3 95.8 104.7 110.8 117.1 125.9 139.5 153.8 181.1 209.1 233.4 241.2 240.0 243.2 267.2 286.2 331.9 395.9 431.1 416.0 421.7 458.2 484.6 456.9 391.0 346.0 314.1 318.0 355.4 408.9 471.3 547.5 617.8 627.9 596.8 557.3
-9999.0 -9999.0 -9999.0 -9999.0 -9999.0 -9999.0 -9999.0 -9999.0 -9999.0 -9999.0 -9999.0 -9999.0 -9999.0 -9999.0 -9999.0 -9999.0 -9999.0 -9999.0 -9999.0 -9999.0 -9999.0 -9999.0 -9999.0 -9999.0 -9999.0 29.0 33.1 43.1 45.8 65.8 74.7 81.1 90.3 100.7 111.1 104.4 94.3 106.7 114.1 112.7 115.0 122.7 132.3 140.0 154.7 174.1 207.5 243.8 243.0 231.6 246.8 281.2 340.4 416.8 436.4 384.7 388.3 451.8 518.9 495.5 420.5 376.5 366.9 362.2 377.9 417.6 501.6 553.5 545.9 564.7 594.0 623.0
-9999.0 -9999.0 -9999.0 -9999.0 -9999.0 -9999.0 -9999.0 -9999.0 -9999.0 -9999.0 -9999.0 -9999.0 -9999.0 -9999.0 -9999.0 -9999.0 -9999.0 -9999.0 -9999.0 -9999.0 -9999.0 -9999.0 -9999.0 -9999.0 -9999.0 45.1 42.0 32.1 39.7 66.4 79.2 87.2 99.1 110.9 122.1 111.8 119.8 145.7 191.0 155.0 131.9 136.8 143.7 150.0 155.7 169.6 189.2 199.2 213.9 238.8 258.0 291.4 346.3 412.7 404.7 357.0 356.0 398.8 460.5 470.6 414.0 367.0 360.9 367.6 400.8 468.2 518.4 495.1 455.4 463.5 523.9 586.5
-9999.0 -9999.0 -9999.0 -9999.0 -9999.0 -9999.0 -9999.0 -9999.0 -9999.0 -9999.0 -9999.0 -9999.0 -9999.0 -9999.0 -9999.0 -9999.0 -9999.0 -9999.0 -9999.0 -9999.0 -9999.0 -9999.0 51.3 50.1 49.3 49.8 50.0 51.7 62.2 52.8 68.5 95.6 101.9 105.5 110.0 113.4 126.3 152.4 188.0 154.8 135.2 153.3 185.7 181.7 168.3 184.1 185.8 220.5 242.8 288.5 312.4 331.0 385.2 376.0 342.2 320.5 328.0 346.3 386.2 435.5 432.6 389.0 337.5 326.6 385.0 452.6 423.3 439.7 395.6 397.8 462.9 550.4
-9999.0 -9999.0 -9999.0 -9999.0 -9999.0 -9999.0 -9999.0 -9999.0 -9999.0 -9999.0 -9999.0 -9999.0 -9999.0 -9999.0 -9999.0 -9999.0 -9999.0 -9999.0 54.0 52.7 50.6 50.3 50.4 49.5 49.7 56.9 63.4 72.7 84.0 86.3 76.5 73.9 86.3 105.2 103.9 106.0 115.3 139.9 133.6 124.3 131.7 149.6 177.3 182.3 178.9 191.4 201.4 238.4 254.4 289.5 317.5 342.9 348.3 341.4 312.3 307.7 306.6 311.3 354.8 409.4 394.9 335.7 303.8 303.5 359.9 384.3 376.0 408.1 378.1 372.9 441.6 494.0
-9999.0 -9999.0 -9999.0 -9999.0 -9999.0 -9999.0 -9999.0 -9999.0 -9999.0 -9999.0 -9999.0 -9999.0 -9999.0 -9999.0 -9999.0 -9999.0 -9999.0 48.0 50.6 46.0 41.5 41.3 42.6 45.3 47.6 59.3 75.4 82.2 88.5 92.3 98.2 97.5 72.1 80.3 86.1 92.0 102.2 107.3 116.5 128.8 149.2 177.8 154.2 146.8 165.8 191.3 183.8 195.3 240.4 268.8 300.0 306.8 289.3 290.7 284.3 319.7 286.8 289.4 328.2 327.0 320.6 292.4 273.4 308.2 371.6 360.1 333.7 359.0 316.1 348.5 402.7 413.6
-9999.0 -9999.0 -9999.0 -9999.0 -9999.0 -9999.0 -9999.0 -9999.0 -9999.0 -9999.0 -9999.0 -9999.0 -9999.0 -9999.0 -9999.0 -9999.0 -9999.0 32.7 40.1 33.1 26.3 34.0 37.6 41.4 41.3 47.1 76.3 84.9 94.2 105.6 126.7 102.0 91.0 94.0 101.0 94.3 92.5 105.2 141.7 134.1 133.4 142.0 135.9 135.5 145.9 162.7 159.2 164.2 186.5 217.7 269.7 282.3 253.9 263.5 289.9 302.0 277.8 265.0 271.9 270.0 270.9 261.0 264.6 321.6 341.8 303.3 275.2 280.4 292.1 319.8 339.7 365.5
-9999.0 -9999.0 -9999.0 -9999.0 -9999.0 -9999.0 -9999.0 -9999.0 -9999.0 -9999.0 -9999.0 -9999.0 -9999.0 -9999.0 -9999.0 -9999.0 -9999.0 27.0 31.2 35.6 47.6 52.2 55.9 60.9 68.8 62.3 65.7 87.1 96.1 106.8 118.3 106.0 117.4 114.1 106.6 115.6 112.7 110.3 101.6 114.2 123.7 130.7 137.9 147.8 145.5 144.9 152.3 158.0 177.3 207.5 253.0 249.5 235.6 252.7 275.9 302.2 280.2 245.7 242.2 242.6 245.4 247.0 249.8 285.8 267.6 269.1 303.5 313.6 358.1 387.3 395.5 395.8
-9999.0 -9999.0 -9999.0 -9999.0 -9999.0 -9999.0 -9999.0 -9999.0 -9999.0 -9999.0 -9999.0 -9999.0 -9999.0 -9999.0 -9999.0 -9999.0 -9999.0 40.9 43.9 50.4 59.6 67.4 70.1 75.5 76.2 77.6 75.0 76.5 94.8 111.9 112.5 115.8 143.0 148.8 127.6 142.2 132.2 124.5 105.0 115.8 122.3 131.4 147.2 144.2 141.9 140.4 146.3 155.6 172.3 197.8 236.4 235.6 227.9 227.6 235.7 250.7 240.7 236.2 229.0 231.4 230.9 228.4 241.1 236.5 262.3 332.5 363.2 363.3 404.5 436.8 440.4 453.2
-9999.0 -9999.0 -9999.0 -9999.0 -9999.0 -9999.0 -9999.0 -9999.0 -9999.0 -9999.0 -9999.0 -9999.0 -9999.0 -9999.0 -9999.0 -9999.0 43.4 53.5 58.4 62.5 71.3 77.7 84.4 84.6 85.6 89.4 93.0 96.4 91.4 96.4 106.8 109.5 126.0 144.7 150.7 133.2 127.5 118.9 111.0 114.4 117.8 122.5 134.5 142.8 132.6 135.3 142.9 163.8 183.3 218.9 229.7 220.5 217.7 213.1 214.4 224.6 224.6 227.9 214.8 217.5 208.7 212.1 224.5 242.6 279.2 331.2 382.9 385.4 398.7 384.9 397.5 450.0
-9999.0 -9999.0 -9999.0 -9999.0 -9999.0 -9999.0 -9999.0 -9999.0 -9999.0 -9999.0 -9999.0 -9999.0 -9999.0 -9999.0 -9999.0 -9999.0 54.3 46.4 51.1 55.7 66.0 76.6 81.0 86.2 89.7 92.7 95.9 102.9 115.0 113.0 105.2 105.9 109.9 114.7 121.1 127.7 147.8 133.0 119.1 121.9 123.7 121.6 122.9 126.3 130.6 142.2 153.5 177.5 216.3 224.4 212.7 208.7 200.9 199.4 200.8 209.5 218.5 208.5 210.8 213.2 201.2 204.9 231.7 254.3 280.3 315.8 328.6 338.5 328.0 338.1 360.8 394.9
-9999.0 -9999.0 -9999.0 -9999.0 -9999.0 -9999.0 -9999.0 -9999.0 -9999.0 -9999.0 -9999.0 -9999.0 -9999.0 -9999.0 -9999.0 58.5 65.9 64.6 64.7 70.3 59.1 75.1 84.7 88.1 90.8 93.4 97.6 108.0 120.8 121.1 127.0 132.6 121.9 113.2 112.2 116.6 125.4 133.2 127.6 137.7 134.6 130.4 129.2 129.1 132.2 145.2 167.7 201.2 235.8 228.2 207.3 195.6 191.6 203.3 206.6 207.7 208.5 200.0 215.9 204.5 194.0 194.1 213.4 228.6 257.6 306.1 313.1 313.3 307.0 318.4 332.8 340.2
-9999.0 -9999.0 -9999.0 -9999.0 -9999.0 -9999.0 -9999.0 -9999.0 -9999.0 -9999.0 -9999.0 -9999.0 -9999.0 -9999.0 -9999.0 55.4 63.5 71.5 75.5 75.9 68.3 64.4 76.3 88.1 92.2 95.5 101.4 109.4 117.6 133.1 145.4 146.1 142.7 125.0 119.4 113.3 116.5 122.3 130.9 137.0 147.6 135.8 139.6 142.7 150.1 150.2 180.1 212.6 219.2 218.4 204.6 185.8 194.6 221.7 226.1 210.3 197.4 190.2 189.9 184.4 187.4 203.1 217.0 233.9 262.8 303.5 302.9 297.6 299.1 310.8 328.9 315.2
-9999.0 -9999.0 -9999.0 -9999.0 -9999.0 -9999.0 -9999.0 -9999.0 -9999.0 -9999.0 -9999.0 -9999.0 -9999.0 -9999.0 54.7 54.6 58.3 66.1 74.4 75.7 78.5 79.3 72.1 80.5 92.3 98.8 106.2 110.3 117.3 128.5 136.5 151.0 139.5 129.0 144.1 122.6 120.0 127.0 124.7 128.8 144.0 137.5 141.1 143.0 151.0 164.9 191.8 206.5 211.4 196.2 197.5 182.6 179.0 197.0 188.0 179.4 174.9 178.2 202.1 216.8 205.7 212.2 218.9 235.3 255.7 289.4 299.3 287.3 287.4 305.0 306.5 318.0
-9999.0 -9999.0 -9999.0 -9999.0 -9999.0 -9999.0 -9999.0 -9999.0 -9999.0 -9999.0 -9999.0 -9999.0 -9999.0 53.7 53.6 54.0 56.9 64.7 71.4 77.6 80.4 82.2 84.9 82.2 85.0 96.6 108.2 114.5 123.4 133.3 138.5 133.3 140.7 143.6 140.2 137.0 122.0 139.6 138.4 126.5 131.8 138.2 142.2 141.9 156.1 167.9 183.7 191.2 182.6 186.9 180.4 179.1 167.1 168.9 161.9 178.6 186.4 208.1 261.1 271.1 231.6 213.1 225.7 239.8 256.1 278.1 273.6 276.7 281.7 288.1 293.6 312.8
-9999.0 -9999.0 -9999.0 -9999.0 -9999.0 -9999.0 -9999.0 -9999.0 -9999.0 -9999.0 -9999.0 -9999.0 55.0 55.2 55.0 54.5 56.3 60.9 69.7 74.8 80.2 84.4 87.5 91.9 96.3 100.9 99.4 105.8 125.5 138.3 150.5 138.1 130.2 133.3 136.8 150.3 134.2 129.2 150.9 161.1 135.1 130.4 138.4 145.4 152.9 167.9 154.9 158.1 164.6 175.0 167.4 159.5 151.1 159.4 174.8 189.0 204.9 227.9 276.0 288.3 245.5 227.0 228.8 236.1 258.0 267.2 275.9 293.5 298.7 301.1 301.7 314.2
-9999.0 -9999.0 -9999.0 -9999.0 -9999.0 -9999.0 -9999.0 -9999.0 -9999.0 -9999.0 -9999.0 -9999.0 50.0 55.2 55.5 56.0 57.8 60.1 65.7 72.3 77.0 82.4 87.5 92.9 101.3 108.9 112.9 115.6 112.6 129.3 147.3 132.1 126.7 127.9 134.6 142.9 148.0 133.3 140.4 166.2 165.9 153.1 142.5 144.6 143.0 145.6 145.3 147.8 150.7 154.6 155.2 145.9 159.7 181.7 205.3 215.2 216.6 245.6 298.1 320.8 282.1 245.8 233.5 243.8 261.0 261.5 273.6 291.6 301.3 312.8 313.3 327.1
-9999.0 -9999.0 -9999.0 -9999.0 -9999.0 -9999.0 -9999.0 -9999.0 -9999.0 -9999.0 -9999.0 49.3 45.7 47.8 54.8 59.0 58.7 60.8 65.2 72.2 77.5 81.7 88.7 95.7 106.4 109.3 115.2 125.1 128.4 122.2 126.5 124.5 124.7 126.5 131.6 139.1 149.9 142.7 133.8 146.7 147.3 147.5 151.7 142.1 135.4 136.1 136.3 136.5 136.2 139.1 152.8 164.2 191.4 187.0 200.1 208.4 228.5 277.6 316.1 309.9 313.5 269.3 253.5 241.5 250.5 272.6 298.7 336.5 342.6 339.0 334.9 329.1
-9999.0 -9999.0 -9999.0 -9999.0 -9999.0 -9999.0 -9999.0 -9999.0 -9999.0 -9999.0 -9999.0 54.0 54.0 49.4 48.7 53.0 58.4 60.9 67.4 72.1 77.2 82.3 88.6 98.0 106.0 112.1 119.2 128.6 136.5 145.2 133.4 125.6 126.2 128.8 131.9 138.1 153.5 146.0 134.0 134.2 133.4 130.5 131.9 126.5 121.1 123.5 127.5 136.9 142.3 155.3 165.0 175.0 197.7 215.9 227.2 233.0 247.7 255.5 271.0 302.1 309.4 270.6 238.6 250.3 277.6 297.9 331.3 398.1 415.4 422.5 400.4 367.6
-9999.0 -9999.0 -9999.0 -9999.0 -9999.0 -9999.0 -9999.0 -9999.0 -9999.0 -9999.0 -9999.0 53.9 55.9 56.5 56.5 55.2 52.1 62.1 70.4 77.2 79.6 84.1 91.3 104.5 107.1 112.7 121.3 130.1 139.5 148.0 134.5 131.8 132.5 129.5 132.3 137.3 155.3 146.8 130.2 126.1 125.1 122.5 118.2 117.2 130.0 142.0 148.4 153.4 158.5 161.5 176.7 179.6 188.7 200.7 218.5 243.0 284.2 285.0 282.6 298.7 276.0 244.3 230.6 259.5 289.3 335.4 389.6 474.9 484.2 521.3 540.9 492.7
-9999.0 -9999.0 -9999.0 -9999.0 -9999.0 -9999.0 -9999.0 -9999.0 -9999.0 -9999.0 -9999.0 54.2 57.5 57.4 58.1 60.1 56.5 56.2 68.5 80.4 82.0 86.5 95.1 110.3 110.4 116.5 125.9 134.5 139.2 136.9 143.1 146.4 138.7 138.2 135.1 142.8 152.0 144.3 128.7 122.1 116.5 110.7 117.7 132.8 140.5 148.1 152.3 160.1 166.3 185.9 200.7 222.0 233.8 221.8 248.4 269.7 290.6 271.5 255.0 253.7 240.8 217.6 239.9 281.3 362.7 459.7 497.8 548.2 658.3 704.9 709.6 646.7
-9999.0 -9999.0 -9999.0 -9999.0 -9999.0 -9999.0 -9999.0 -9999.0 -9999.0 -9999.0 -9999.0 54.6 56.0 56.8 58.7 63.5 66.1 57.8 59.7 76.0 83.2 89.8 99.4 110.8 113.2 121.4 132.1 139.9 139.2 116.6 125.2 140.5 149.4 149.1 145.6 151.0 144.8 132.7 127.6 112.3 109.3 127.8 136.8 143.0 160.1 175.4 182.2 181.3 174.9 182.5 213.8 253.6 286.3 248.1 241.7 258.3 270.6 265.9 243.3 233.5 217.9 225.8 265.9 320.8 440.1 588.0 665.8 648.8 716.3 773.8 717.8 615.2
-9999.0 -9999.0 -9999.0 -9999.0 53.2 -9999.0 -9999.0 -9999.0 -9999.0 -9999.0 -9999.0 -9999.0 56.1 57.5 65.4 68.0 71.9 70.6 56.4 72.3 85.0 91.3 104.8 112.2 118.5 129.4 136.0 141.3 116.4 118.3 127.1 129.9 133.5 137.0 130.7 131.9 124.2 122.6 117.5 103.3 117.2 120.7 125.8 135.4 147.4 161.6 174.4 183.3 185.6 182.6 201.6 219.2 213.8 206.4 225.6 232.3 275.3 278.1 249.3 221.9 211.3 238.3 282.0 328.2 362.8 470.5 629.3 664.5 654.3 678.1 589.7 482.3
-9999.0 -9999.0 -9999.0 -9999.0 -9999.0 53.8 -9999.0 -9999.0 -9999.0 -9999.0 -9999.0 -9999.0 -9999.0 -9999.0 57.2 66.4 73.9 73.5 62.6 58.8 62.5 67.0 73.5 78.7 90.2 95.2 95.0 102.2 101.3 108.5 118.7 119.1 115.7 121.1 118.6 115.2 114.6 114.3 109.5 101.3 103.2 111.2 110.4 113.9 125.2 139.4 150.4 158.8 167.1 173.4 174.0 159.5 161.2 170.0 180.2 208.6 229.8 251.8 260.0 220.0 227.7 257.3 274.9 288.4 320.1 348.8 411.9 441.4 427.9 420.2 390.7 361.9
-9999.0 -9999.0 -9999.0 -9999.0 -9999.0 53.9 -9999.0 -9999.0 -9999.0 -9999.0 -9999.0 -9999.0 -9999.0 -9999.0 -9999.0 59.7 64.9 72.9 80.6 77.4 73.5 93.1 84.4 71.2 68.4 66.1 67.0 69.9 81.2 92.8 100.9 112.8 106.9 106.8 108.2 109.6 110.3 107.5 100.3 95.6 111.8 133.9 136.8 134.1 127.5 125.4 128.4 134.7 141.1 143.7 149.3 170.9 188.2 211.2 180.4 184.5 192.7 201.0 201.0 212.2 235.0 244.9 253.3 259.1 274.4 288.7 310.5 317.2 314.0 319.2 328.6 366.7
-9999.0 -9999.0 -9999.0 -9999.0 -9999.0 53.2 -9999.0 -9999.0 -9999.0 -9999.0 -9999.0 -9999.0 -9999.0 -9999.0 -9999.0 66.6 69.0 71.2 76.6 88.1 93.2 103.6 112.0 121.3 103.5 89.0 83.4 72.1 70.6 78.4 87.8 96.4 100.2 101.2 103.6 106.2 104.4 96.5 92.4 111.2 149.4 159.1 159.0 168.1 155.1 156.4 147.3 151.5 161.6 173.0 185.3 201.3 207.5 231.1 221.3 220.8 224.8 214.6 231.4 223.6 216.3 236.8 236.2 242.8 256.5 279.7 282.0 297.6 317.5 344.3 371.0 408.4
-9999.0 -9999.0 -9999.0 -9999.0 -9999.0 53.3 -9999.0 -9999.0 -9999.0 -9999.0 -9999.0 -9999.0 -9999.0 -9999.0 -9999.0 65.4 71.8 80.3 78.0 84.1 99.3 108.9 115.8 135.9 154.0 112.8 104.2 92.6 83.1 72.7 83.5 88.6 93.1 95.7 97.4 97.2 90.6 89.9 103.4 126.8 146.0 189.0 221.2 220.7 214.5 180.2 166.0 151.6 160.7 187.9 218.3 259.7 263.4 258.2 245.8 253.0 277.2 251.3 273.5 282.4 226.4 232.7 254.1 262.5 274.2 303.6 326.1 338.0 352.7 368.8 413.2 470.8
-9999.0 -9999.0 -9999.0 -9999.0 -9999.0 -9999.0 -9999.0 -9999.0 -9999.0 -9999.0 -9999.0 -9999.0 -9999.0 -9999.0 -9999.0 65.3 73.7 84.0 88.3 85.7 96.8 108.5 122.2 154.2 185.5 163.8 153.7 139.9 107.9 78.6 76.4 84.5 87.3 88.2 89.3 84.5 93.1 105.7 119.5 148.6 157.5 187.1 233.4 244.3 212.4 183.8 171.3 159.3 164.5 201.2 245.4 291.0 324.7 320.0 292.9 273.7 300.6 307.3 288.3 262.6 242.0 243.6 254.1 269.3 286.9 297.2 316.4 337.5 363.9 402.2 449.7 527.9
