data/case_study_destine/merger_hmc_by_domain/geo/SiciliaDomain.dem.txt
ncols   652
nrows   344
xllcorner    12.4158
yllcorner    36.6186
cellsize    0.005006
NODATA_value -9999
[rows 64 to 95 of 344, columns 216 to 287 of 652]
429.9 399.5 318.5 204.5 135.9 206.2 354.6 418.6 338.1 240.9 193.4 275.5 337.0 315.5 312.9 293.7 200.1 165.4 164.3 158.4 140.1 -9999.0 -9999.0 -9999.0 -9999.0 -9999.0 -9999.0 -9999.0 -9999.0 -9999.0 -9999.0 -9999.0 -9999.0 -9999.0 -9999.0 -9999.0 -9999.0 -9999.0 -9999.0 -9999.0 -9999.0 -9999.0 -9999.0 -9999.0 -9999.0 -9999.0 -9999.0 -9999.0 -9999.0 -9999.0 -9999.0 -9999.0 -9999.0 -9999.0 -9999.0 -9999.0 -9999.0 -9999.0 -9999.0 -9999.0 -9999.0 -9999.0 -9999.0 -9999.0 -9999.0 -9999.0 -9999.0 -9999.0 -9999.0 -9999.0 -9999.0 -9999.0
370.8 351.4 239.8 184.4 192.1 247.7 393.0 551.0 485.6 297.8 240.6 387.8 482.7 563.0 559.9 375.0 233.7 191.5 183.8 182.5 162.0 132.3 88.8 -9999.0 -9999.0 -9999.0 -9999.0 -9999.0 -9999.0 -9999.0 -9999.0 -9999.0 -9999.0 -9999.0 -9999.0 -9999.0 -9999.0 -9999.0 -9999.0 -9999.0 -9999.0 -9999.0 -9999.0 -9999.0 -9999.0 -9999.0 -9999.0 -9999.0 -9999.0 -9999.0 -9999.0 -9999.0 -9999.0 -9999.0 -9999.0 -9999.0 -9999.0 -9999.0 -9999.0 -9999.0 -9999.0 -9999.0 -9999.0 -9999.0 -9999.0 -9999.0 -9999.0 -9999.0 -9999.0 -9999.0 -9999.0 -9999.0
274.9 244.6 180.4 221.5 334.1 346.3 387.0 524.9 579.9 373.0 283.9 389.0 527.9 684.6 731.7 525.7 325.2 234.2 208.7 197.6 178.0 140.2 112.5 -9999.0 -9999.0 -9999.0 -9999.0 -9999.0 -9999.0 -9999.0 -9999.0 -9999.0 -9999.0 -9999.0 -9999.0 -9999.0 -9999.0 -9999.0 -9999.0 -9999.0 -9999.0 -9999.0 -9999.0 -9999.0 -9999.0 -9999.0 -9999.0 -9999.0 -9999.0 -9999.0 -9999.0 -9999.0 -9999.0 -9999.0 -9999.0 -9999.0 -9999.0 -9999.0 -9999.0 -9999.0 -9999.0 -9999.0 -9999.0 -9999.0 -9999.0 -9999.0 -9999.0 -9999.0 -9999.0 -9999.0 -9999.0 -9999.0
200.8 176.6 193.1 214.6 296.0 372.3 436.2 548.1 576.9 394.8 302.7 423.5 625.7 737.6 791.2 666.8 422.5 286.0 236.7 213.6 187.4 154.9 117.0 95.6 86.2 82.1 65.0 -9999.0 -9999.0 -9999.0 -9999.0 -9999.0 -9999.0 -9999.0 -9999.0 -9999.0 -9999.0 -9999.0 -9999.0 -9999.0 -9999.0 -9999.0 -9999.0 -9999.0 -9999.0 -9999.0 -9999.0 -9999.0 -9999.0 -9999.0 -9999.0 -9999.0 -9999.0 -9999.0 -9999.0 -9999.0 -9999.0 -9999.0 -9999.0 -9999.0 -9999.0 -9999.0 -9999.0 -9999.0 -9999.0 -9999.0 -9999.0 -9999.0 -9999.0 -9999.0 -9999.0 -9999.0
205.8 187.5 242.6 278.4 301.6 359.1 433.8 522.9 630.3 533.0 355.8 379.7 571.0 690.0 753.6 791.9 632.0 408.5 299.3 243.5 204.9 165.0 163.0 124.6 113.7 113.5 94.3 109.3 112.2 -9999.0 -9999.0 -9999.0 -9999.0 -9999.0 -9999.0 -9999.0 -9999.0 -9999.0 -9999.0 -9999.0 -9999.0 -9999.0 -9999.0 -9999.0 -9999.0 -9999.0 -9999.0 -9999.0 -9999.0 -9999.0 -9999.0 -9999.0 -9999.0 -9999.0 -9999.0 -9999.0 -9999.0 -9999.0 -9999.0 -9999.0 -9999.0 -9999.0 -9999.0 -9999.0 -9999.0 -9999.0 -9999.0 -9999.0 -9999.0 -9999.0 -9999.0 -9999.0
248.6 198.2 248.1 308.1 353.3 395.6 445.7 528.9 718.7 753.3 503.6 414.5 471.0 600.2 630.4 708.4 710.2 639.8 472.7 306.9 240.4 227.2 208.0 156.0 133.4 117.3 175.6 182.6 206.1 185.1 140.6 -9999.0 -9999.0 -9999.0 -9999.0 -9999.0 -9999.0 -9999.0 -9999.0 -9999.0 -9999.0 -9999.0 -9999.0 -9999.0 -9999.0 -9999.0 -9999.0 -9999.0 -9999.0 -9999.0 -9999.0 -9999.0 -9999.0 -9999.0 -9999.0 -9999.0 -9999.0 -9999.0 -9999.0 -9999.0 -9999.0 -9999.0 -9999.0 -9999.0 -9999.0 -9999.0 -9999.0 -9999.0 -9999.0 -9999.0 -9999.0 -9999.0
291.6 223.2 278.4 343.2 375.4 412.1 469.0 547.6 678.6 855.9 656.4 526.3 472.4 497.6 555.0 630.0 677.1 687.7 564.9 401.7 304.7 273.0 245.3 186.9 164.2 166.8 238.4 273.4 277.9 286.3 268.9 143.9 125.4 130.1 128.7 97.5 51.7 70.4 -9999.0 -9999.0 -9999.0 -9999.0 -9999.0 -9999.0 -9999.0 -9999.0 -9999.0 -9999.0 -9999.0 -9999.0 -9999.0 -9999.0 -9999.0 -9999.0 -9999.0 -9999.0 -9999.0 -9999.0 -9999.0 -9999.0 -9999.0 -9999.0 -9999.0 -9999.0 -9999.0 -9999.0 -9999.0 -9999.0 -9999.0 -9999.0 -9999.0 -9999.0
352.3 256.4 273.4 355.6 410.3 441.8 495.7 564.9 666.7 883.5 877.3 655.0 566.6 518.7 504.3 569.7 609.4 713.5 748.4 544.9 384.3 318.4 277.1 253.2 187.8 224.9 340.0 406.1 397.5 384.6 335.4 198.5 188.9 165.6 118.3 76.5 60.4 96.6 117.6 105.7 56.6 -9999.0 -9999.0 -9999.0 -9999.0 -9999.0 -9999.0 -9999.0 -9999.0 -9999.0 -9999.0 -9999.0 -9999.0 -9999.0 -9999.0 -9999.0 -9999.0 -9999.0 -9999.0 -9999.0 -9999.0 -9999.0 -9999.0 -9999.0 -9999.0 -9999.0 -9999.0 -9999.0 -9999.0 -9999.0 -9999.0 64.3
367.8 280.5 270.1 335.8 374.0 423.1 489.2 561.3 634.6 816.9 970.9 764.1 638.2 590.7 556.6 551.9 553.1 663.6 756.6 695.0 524.1 399.6 352.8 355.9 255.4 283.0 416.0 469.5 416.7 383.1 342.4 329.9 349.4 190.8 93.6 111.1 87.4 118.2 124.4 79.1 72.2 -9999.0 -9999.0 -9999.0 -9999.0 -9999.0 -9999.0 -9999.0 -9999.0 -9999.0 -9999.0 -9999.0 -9999.0 -9999.0 -9999.0 -9999.0 -9999.0 -9999.0 -9999.0 -9999.0 -9999.0 -9999.0 -9999.0 -9999.0 -9999.0 -9999.0 -9999.0 -9999.0 66.5 79.1 103.4 120.0
422.3 334.8 260.2 290.6 353.4 415.5 466.0 531.5 590.6 717.0 913.0 887.3 797.3 708.9 643.0 616.1 565.4 584.9 690.0 787.9 687.9 472.3 398.0 319.9 324.1 373.7 385.4 428.6 477.1 513.5 497.0 484.1 342.7 121.9 148.7 229.8 167.6 124.3 116.9 144.9 143.8 139.1 102.9 -9999.0 -9999.0 -9999.0 -9999.0 -9999.0 -9999.0 -9999.0 -9999.0 -9999.0 -9999.0 -9999.0 -9999.0 -9999.0 -9999.0 -9999.0 -9999.0 -9999.0 -9999.0 -9999.0 55.1 56.0 60.4 51.7 64.3 99.6 120.3 127.8 144.2 158.9
388.5 320.6 321.8 289.7 324.7 368.4 426.0 489.0 553.8 633.7 757.4 975.6 1009.8 844.4 787.1 740.9 637.9 613.4 643.9 680.9 727.7 498.5 378.1 328.7 384.4 440.7 411.3 393.6 426.1 467.3 519.4 480.6 204.2 150.0 242.2 312.6 207.6 159.3 210.0 226.5 224.9 209.2 157.5 116.3 130.2 128.3 123.7 128.3 -9999.0 -9999.0 -9999.0 -9999.0 -9999.0 -9999.0 56.8 55.2 48.9 55.7 56.6 59.2 59.9 65.2 80.0 108.5 128.8 62.3 65.3 77.8 92.4 129.9 171.7 207.6
398.7 403.1 407.7 353.5 306.6 378.3 443.0 497.5 564.8 630.5 723.8 962.3 1071.0 1011.9 965.3 832.6 735.7 679.8 641.6 624.8 644.3 533.9 397.6 398.8 421.9 403.9 368.0 318.5 310.3 350.1 358.3 224.0 179.7 281.2 347.2 304.2 229.2 215.0 276.1 314.6 313.8 268.9 237.9 161.4 177.4 183.2 177.7 173.8 155.8 117.4 102.8 92.2 89.0 79.8 69.5 59.8 53.2 71.4 84.1 84.2 91.3 94.4 109.5 149.5 140.1 73.3 59.6 74.6 99.6 94.1 135.0 225.7
449.5 473.4 488.0 427.6 345.5 341.5 415.1 486.4 550.3 618.9 732.2 957.6 1037.4 1098.4 1084.1 1001.8 861.8 730.2 730.6 727.8 724.0 650.8 475.3 449.4 406.2 349.8 303.1 274.1 231.2 237.6 228.6 373.7 346.3 366.7 373.8 319.5 292.1 299.7 353.0 391.9 404.9 342.8 264.2 279.4 276.6 298.9 314.8 346.7 343.9 294.7 244.2 202.3 181.6 166.5 135.4 71.5 59.3 77.6 130.2 130.0 124.8 139.4 115.5 159.5 136.9 77.0 64.2 111.3 179.4 155.8 120.9 132.3
482.6 536.1 536.0 457.2 380.0 360.2 425.2 489.8 551.2 606.6 683.2 810.0 988.4 1190.3 1182.4 1074.8 913.4 846.0 896.1 820.4 765.9 725.8 529.3 456.4 398.2 367.4 314.4 225.2 186.4 182.7 211.4 275.9 335.5 413.6 437.5 394.9 375.4 377.6 416.1 463.5 458.0 385.2 453.4 540.4 518.0 529.0 594.5 686.1 656.7 580.1 425.8 302.2 286.1 238.8 168.8 94.6 63.2 94.5 168.9 173.5 175.8 170.6 148.6 162.7 172.9 110.8 68.2 126.5 202.9 201.6 191.6 193.0
509.3 554.0 562.2 495.8 419.7 369.9 431.7 494.9 549.1 614.1 684.9 758.9 948.7 1117.7 1206.4 1142.5 1026.1 1004.4 1022.7 906.4 752.5 638.3 536.7 476.3 476.5 484.3 323.7 230.7 183.3 204.9 259.9 312.3 363.8 433.1 505.0 476.5 451.7 464.1 505.7 538.1 493.0 614.9 670.6 708.9 788.1 838.6 913.8 1052.1 947.4 688.4 471.4 427.0 347.9 243.7 160.6 102.9 69.7 99.2 151.0 198.2 220.3 220.8 189.9 173.1 207.3 166.7 87.7 74.3 110.7 146.5 156.7 176.9
474.2 530.5 568.0 513.6 434.2 398.7 462.2 511.0 553.8 615.5 684.7 763.6 843.0 981.2 1169.2 1148.1 1130.8 1165.1 1050.6 957.2 840.3 668.5 472.9 424.2 429.9 349.5 249.6 192.9 183.1 228.5 300.3 359.8 426.5 516.9 578.7 568.0 529.7 558.2 638.7 642.7 594.1 712.5 828.5 790.5 821.5 964.8 1171.2 1213.8 977.5 671.1 499.4 412.2 320.3 249.0 185.5 129.3 75.2 86.5 130.8 191.5 240.7 254.0 221.4 205.4 214.0 188.6 121.4 89.5 77.4 95.4 123.7 172.0
484.8 517.3 539.0 528.4 486.2 428.6 478.7 527.6 575.3 617.6 664.1 727.6 792.3 870.5 1051.7 1155.5 1217.7 1202.3 1074.7 988.1 851.6 673.6 492.9 374.4 300.6 238.1 187.1 195.6 205.5 260.3 359.7 446.9 506.4 630.0 674.0 660.3 633.9 739.4 861.4 765.2 748.5 731.9 846.2 869.6 972.3 1058.1 1061.2 960.1 775.3 560.3 478.6 414.0 344.3 259.2 195.8 131.5 81.6 96.9 139.4 181.6 228.3 273.3 282.1 259.0 250.9 233.1 179.2 131.8 99.9 83.7 108.2 173.5
448.0 450.2 460.0 502.3 518.3 472.0 476.7 512.5 574.7 620.9 669.8 711.2 720.7 735.9 813.9 977.5 1113.6 1141.5 1015.8 903.4 714.5 544.2 426.4 359.0 300.5 239.6 192.5 247.9 297.4 310.7 371.5 440.7 538.5 591.9 609.6 674.7 768.2 857.8 850.1 840.6 866.5 838.8 854.1 967.5 1105.3 1056.8 1001.3 822.5 663.7 527.2 457.5 385.5 307.8 247.5 194.4 144.8 88.5 101.4 145.0 196.4 261.2 331.0 357.3 312.9 288.5 261.3 219.6 187.5 144.2 98.7 94.4 155.3
440.5 471.0 470.1 474.1 522.5 553.0 584.1 581.2 653.6 688.2 686.5 704.9 659.6 649.2 662.3 721.9 887.1 985.2 760.5 634.2 546.0 468.8 404.0 344.6 290.6 234.0 189.2 228.5 284.8 355.0 409.3 442.2 500.8 550.8 609.2 669.9 743.3 730.7 725.4 785.1 860.1 893.5 961.5 1100.8 1037.5 993.3 927.1 850.5 758.6 565.1 436.3 372.9 310.7 240.4 185.2 128.2 91.1 111.0 158.2 199.4 253.4 320.8 370.9 366.3 343.8 304.8 259.8 212.4 169.8 133.2 95.9 154.9
450.9 515.8 531.6 505.9 511.8 567.6 579.3 607.8 685.6 749.8 713.3 693.5 624.2 586.4 583.7 602.5 656.2 719.7 702.3 600.0 503.7 426.7 370.8 316.8 275.5 212.9 197.8 221.0 248.3 292.2 344.6 411.5 475.7 529.7 593.5 619.5 608.6 616.1 668.6 743.2 837.3 958.0 1101.1 1037.1 912.0 832.1 711.9 632.9 602.6 530.4 416.4 339.4 276.7 218.5 156.1 105.5 98.8 134.6 170.5 198.6 237.6 279.5 334.9 400.3 414.0 368.2 319.9 282.3 261.8 210.1 137.5 114.4
466.0 520.8 547.2 550.9 549.7 549.5 560.8 640.3 699.5 699.2 691.0 694.5 632.3 547.0 508.8 526.8 527.0 521.2 523.9 517.1 472.8 397.7 328.7 280.1 238.0 204.1 234.5 247.4 301.5 312.5 335.7 353.3 401.9 481.1 558.9 537.9 548.3 599.9 661.7 734.3 862.4 1011.1 1005.6 883.5 777.9 705.9 619.2 516.1 499.0 460.6 399.3 335.5 278.9 218.0 161.6 106.5 106.2 135.0 157.8 191.9 230.1 281.3 321.9 390.6 451.9 443.4 418.7 380.0 346.5 309.1 215.1 112.9
525.0 508.9 516.0 577.8 587.2 619.3 570.0 605.8 641.1 663.6 657.8 656.6 597.8 505.1 435.5 453.3 443.6 426.9 411.7 416.3 456.5 371.0 307.9 246.0 209.0 231.9 300.0 316.4 357.1 405.4 430.9 441.5 451.3 473.0 550.8 500.9 530.3 584.4 636.6 691.4 737.5 756.3 743.0 640.0 563.5 531.6 473.6 431.5 425.7 394.9 362.8 315.9 266.2 215.6 156.7 106.4 114.2 126.3 149.1 199.7 237.8 275.7 322.1 377.7 447.8 513.3 521.7 464.4 438.7 373.9 227.3 117.7
617.3 555.3 559.8 574.1 603.6 620.5 598.9 619.2 638.1 650.6 609.4 545.1 505.7 437.0 376.2 368.9 365.1 359.9 346.5 335.9 357.9 325.5 235.8 243.6 252.0 296.2 386.8 424.5 443.2 494.1 523.8 545.5 535.1 493.9 520.3 489.6 488.3 539.0 581.0 585.5 592.7 557.2 527.0 502.4 455.4 424.5 409.5 369.8 340.0 318.6 307.1 286.4 241.7 188.6 127.1 111.3 164.1 160.1 172.4 181.7 225.7 260.3 307.1 371.6 451.2 491.1 495.6 471.8 384.0 269.4 170.9 119.2
666.6 605.6 617.2 642.8 645.0 634.6 656.6 645.6 624.3 574.8 531.8 464.6 482.6 470.1 424.0 346.4 340.6 306.1 287.3 269.9 263.4 245.5 237.6 323.1 350.9 355.1 443.7 518.5 533.5 568.8 630.3 654.0 618.6 607.2 597.5 558.6 478.8 461.2 490.8 487.9 486.0 485.8 464.5 447.0 404.9 345.0 326.7 312.7 284.6 243.2 235.1 206.4 186.4 140.2 118.1 147.7 216.5 199.6 197.3 238.2 226.9 264.1 290.1 348.5 417.7 422.3 389.7 344.1 288.6 226.0 164.7 122.9
677.7 647.3 696.7 716.1 681.9 662.2 698.5 679.9 608.6 564.4 540.6 529.7 541.8 515.6 415.5 399.4 439.6 448.1 403.9 354.0 292.9 230.3 230.0 284.1 354.0 409.0 481.0 591.5 663.6 690.4 729.0 707.7 672.9 650.7 596.1 518.9 520.7 554.6 463.5 430.4 413.4 397.0 367.8 350.8 350.9 316.0 271.0 236.7 205.0 165.4 146.7 141.6 130.3 131.1 162.4 174.7 236.9 253.8 219.5 270.0 291.5 301.9 329.5 371.2 420.4 451.4 386.7 317.6 267.2 231.1 191.0 146.3
614.5 669.7 723.0 722.5 663.7 636.5 652.1 663.4 628.5 650.6 613.1 579.1 510.4 515.6 496.9 511.1 557.7 540.1 458.8 381.2 299.0 238.3 230.4 287.7 354.4 411.2 489.7 582.9 700.3 703.7 698.9 653.8 614.2 614.7 543.2 538.5 611.5 572.0 504.1 538.1 528.4 488.4 367.8 276.4 261.9 276.1 241.2 204.3 159.5 175.8 211.2 171.6 194.4 217.5 243.7 251.2 274.6 297.9 301.6 297.6 335.1 365.5 396.7 446.1 501.8 488.5 433.2 366.7 335.0 297.9 231.5 166.4
537.7 576.5 592.7 600.3 564.6 540.7 565.8 629.5 692.6 675.7 623.1 570.2 546.2 579.5 634.1 606.8 676.0 594.6 507.1 435.7 376.0 278.9 234.7 284.5 350.2 420.2 499.8 589.7 712.2 727.3 690.1 644.4 590.4 554.7 544.8 558.2 624.0 601.5 586.8 654.7 583.4 497.9 401.4 291.8 200.5 186.5 168.9 151.2 180.4 271.6 300.2 236.5 187.1 256.1 299.5 323.4 361.6 366.7 377.7 382.1 383.2 428.2 471.0 520.3 572.8 548.7 482.9 422.5 367.7 309.8 246.9 186.0
475.5 505.3 501.1 516.0 483.8 481.9 544.4 599.6 694.6 719.1 673.4 635.0 619.2 627.2 627.5 640.9 687.5 704.8 621.8 506.2 392.5 311.1 242.5 265.1 322.3 404.9 499.1 592.4 704.8 737.6 674.0 645.8 624.7 596.8 534.0 517.7 582.0 609.4 599.5 607.3 504.9 413.8 360.4 326.1 241.4 162.7 160.1 209.1 250.9 305.0 360.2 289.8 213.2 305.3 367.0 385.9 412.4 432.2 460.4 460.1 449.5 483.9 534.8 590.4 610.0 551.0 483.3 414.9 347.2 279.3 235.3 212.9
423.2 422.8 437.5 422.1 414.3 424.0 475.1 532.4 602.5 698.7 739.0 723.3 692.3 678.5 641.5 662.9 713.4 776.3 639.7 509.0 401.3 313.5 251.2 314.8 353.1 380.9 438.1 520.1 579.4 636.2 576.4 599.9 665.5 660.9 559.3 484.0 462.7 479.5 488.5 457.6 414.7 380.7 315.0 258.9 199.5 163.3 179.7 217.8 284.6 342.4 349.3 278.1 220.2 254.4 303.4 379.3 454.4 484.1 508.2 533.2 516.6 573.5 643.2 629.6 648.2 575.0 514.4 449.1 401.1 357.0 318.0 263.2
412.0 387.8 380.6 375.6 387.1 388.3 437.1 494.6 551.9 620.9 719.3 749.3 712.9 651.6 593.9 597.5 645.0 598.8 535.5 442.9 345.3 273.9 251.3 324.2 407.8 440.6 494.5 541.6 581.6 556.0 515.4 465.8 531.4 568.2 569.4 521.2 420.9 364.3 397.6 400.6 337.8 285.0 225.1 185.3 183.9 217.1 259.5 231.6 249.0 346.0 376.4 302.1 250.6 316.1 298.8 313.1 361.2 424.0 475.4 541.1 584.2 649.5 731.8 724.5 726.2 630.9 588.6 504.3 430.6 372.8 316.9 267.6
396.7 382.2 370.4 360.1 365.8 377.4 415.7 444.7 502.9 573.1 670.2 754.4 712.4 652.3 589.9 528.5 546.7 517.1 417.4 329.4 263.8 263.0 325.4 436.6 564.0 557.3 621.7 628.7 552.7 480.3 440.2 403.0 429.2 451.0 464.7 476.6 470.5 355.8 341.5 365.2 298.1 222.9 181.9 209.7 251.3 291.8 330.4 290.0 271.7 302.4 360.7 300.7 316.4 341.7 390.9 385.1 386.0 381.4 450.1 539.5 635.8 712.3 754.8 794.0 798.3 732.1 627.6 531.4 464.2 408.2 346.0 284.6
360.7 356.7 367.8 351.8 365.0 372.7 384.3 418.7 469.8 518.5 577.8 668.0 731.1 682.1 632.4 561.1 481.5 395.9 365.1 294.0 270.4 335.8 436.2 501.7 603.0 710.2 769.4 698.8 581.7 485.4 418.2 359.3 347.4 377.8 350.1 312.6 292.9 250.7 256.4 256.6 276.4 226.7 207.2 280.9 349.8 387.0 404.7 371.3 364.3 333.4 364.6 337.8 388.4 390.0 415.8 457.9 491.1 482.4 466.8 544.5 619.4 703.5 787.4 799.1 758.7 757.8 660.0 561.0 489.5 426.4 373.0 336.2
