data/case_study_destine/merger_hmc_by_domain/geo/SiciliaDomain.dem.txt
ncols   652
nrows   344
xllcorner    12.4158
yllcorner    36.6186
cellsize    0.005006
NODATA_value -9999
[rows 256 to 287 of 344, columns 432 to 503 of 652]
235.8 286.0 302.6 310.7 312.3 310.7 310.4 300.1 300.8 319.9 335.0 346.7 375.5 398.2 403.4 412.9 430.3 446.8 450.6 458.4 448.8 472.3 478.2 507.8 542.3 578.9 621.8 678.4 737.5 821.1 824.0 745.0 699.3 746.5 749.0 730.3 707.5 716.3 715.7 696.5 646.8 615.4 617.9 619.2 581.8 638.1 637.7 604.3 633.7 670.0 668.3 655.5 646.6 583.1 564.1 572.3 620.0 601.0 609.1 588.7 658.4 772.9 790.6 748.8 711.6 676.8 659.2 654.5 637.9 616.5 630.5 641.4
253.4 241.1 261.1 269.7 273.5 268.5 273.6 287.9 311.5 323.8 337.9 353.9 369.2 379.6 389.1 400.8 416.7 436.3 424.3 437.8 436.5 459.9 481.0 534.7 552.8 607.1 670.7 720.0 792.7 842.7 803.7 748.6 737.9 745.4 759.5 780.1 772.3 732.1 699.4 658.7 618.5 588.1 585.7 585.1 561.8 588.5 578.8 602.0 616.5 624.4 625.1 628.0 614.7 556.1 527.6 596.0 633.2 581.7 588.5 556.9 615.4 683.8 770.4 774.5 734.3 689.1 690.7 680.6 674.7 661.7 645.4 636.9
298.3 296.5 288.7 282.7 286.5 294.0 301.2 302.7 305.3 311.5 323.6 348.8 362.1 371.1 380.8 389.4 406.0 417.9 406.2 426.0 450.2 469.6 519.9 555.4 582.3 619.2 685.2 740.2 827.6 862.0 831.9 755.0 758.5 792.4 818.6 815.3 767.7 704.3 670.0 681.2 638.6 567.4 559.8 548.5 548.2 553.3 599.5 637.9 644.7 622.6 603.6 600.1 569.4 532.5 513.3 596.0 621.7 542.6 519.9 568.4 616.8 721.9 770.6 762.6 728.9 710.5 706.5 700.5 684.8 654.8 630.3 617.3
299.2 299.2 301.0 302.9 302.6 306.8 313.1 319.4 327.8 340.4 339.5 342.5 344.7 353.1 369.2 374.4 380.8 398.0 424.2 446.1 456.7 481.7 506.6 546.8 591.5 641.6 717.0 830.3 861.1 851.6 833.7 763.6 786.8 821.6 817.3 772.6 719.8 667.4 632.5 648.9 602.2 550.9 524.9 525.7 546.6 572.1 609.5 644.8 650.1 620.0 613.3 579.1 521.4 494.7 487.6 579.4 578.5 492.0 515.4 559.1 618.0 713.0 718.8 747.1 739.9 714.0 698.1 687.6 678.2 659.8 625.6 603.2
297.6 298.2 300.0 302.6 301.8 302.3 307.0 318.9 330.5 337.0 342.2 346.5 354.6 363.6 368.1 379.1 394.4 413.9 436.9 464.1 489.1 511.6 542.8 579.0 643.3 705.6 781.3 849.9 832.7 802.8 788.7 760.8 792.0 826.3 771.2 721.4 729.1 673.2 595.6 591.7 566.8 548.0 509.7 539.3 575.8 602.1 628.0 645.4 642.9 610.5 594.6 577.5 525.9 483.8 466.5 505.1 497.1 470.7 509.9 528.3 572.3 589.2 708.8 751.4 742.4 725.3 706.0 693.2 670.2 653.4 640.5 635.4
294.8 295.7 296.7 296.6 296.3 300.7 307.1 319.2 325.5 330.3 340.5 349.5 355.0 359.6 367.2 380.3 396.7 417.1 437.9 461.3 493.6 539.7 582.2 667.0 702.8 730.4 864.6 930.4 886.1 847.2 798.5 778.6 817.5 842.9 780.4 702.9 630.5 638.1 578.7 599.4 571.1 525.9 502.2 523.1 547.6 602.2 617.3 632.7 633.2 619.2 582.7 580.0 523.2 485.7 445.0 442.8 441.7 484.3 500.3 501.4 495.7 531.1 653.6 750.7 741.4 729.8 722.0 696.7 684.4 675.3 668.9 660.9
290.4 291.1 292.7 294.2 295.1 302.1 310.1 318.3 325.0 326.9 333.8 336.1 339.7 350.8 363.3 381.4 396.1 415.4 437.0 459.6 492.5 563.7 632.2 678.9 724.9 782.0 887.3 920.1 884.9 879.3 827.8 795.6 838.9 823.0 769.8 722.7 667.6 568.8 539.9 544.5 507.6 493.8 499.7 518.5 548.9 607.1 604.3 628.1 620.5 587.3 582.6 587.5 531.4 488.2 436.2 421.8 442.8 456.4 473.9 444.1 485.7 535.5 607.3 642.3 678.0 729.2 721.6 711.6 702.0 693.0 685.8 651.7
285.5 286.0 289.0 291.0 293.1 299.6 308.6 313.4 312.0 315.8 320.5 331.4 345.2 356.6 378.9 392.5 403.1 422.0 443.2 492.1 530.3 556.6 601.0 701.1 800.0 845.0 916.8 894.7 878.8 847.7 823.9 803.4 838.3 824.4 769.3 718.4 671.3 590.7 513.9 483.4 532.6 508.8 501.3 518.0 554.6 593.4 604.1 612.6 596.5 582.9 570.3 581.9 553.0 490.9 432.2 400.4 417.4 419.1 421.4 425.6 484.7 518.9 497.3 528.0 604.3 699.1 714.5 713.6 704.3 686.2 679.9 689.4
279.1 279.0 284.0 287.9 290.3 297.3 302.0 299.3 300.7 312.1 324.5 330.3 338.2 350.4 384.5 414.5 413.7 423.4 456.6 518.8 566.6 611.3 601.2 688.2 770.3 880.5 897.0 895.6 892.6 858.3 811.8 780.2 758.0 785.9 737.6 660.3 647.3 644.2 569.0 476.1 516.9 495.9 500.9 524.0 567.6 579.1 607.2 580.1 564.5 554.6 557.7 558.8 554.7 521.2 480.7 417.8 383.8 392.0 388.5 430.7 455.0 454.4 458.7 509.2 553.0 590.4 657.5 698.2 698.2 697.1 698.5 695.3
272.6 274.6 279.5 284.4 288.3 291.4 290.4 290.6 301.6 310.5 317.4 323.7 332.8 346.9 379.0 410.9 403.8 431.4 473.6 549.5 587.7 647.9 635.0 702.2 771.4 872.8 892.3 885.7 873.0 836.8 779.8 760.9 764.1 681.5 672.0 617.5 638.1 639.6 558.7 474.6 482.7 483.3 497.0 536.3 595.7 569.4 582.0 546.0 557.3 562.9 565.9 565.7 550.4 521.5 487.0 429.9 367.6 358.5 378.4 405.3 418.3 410.2 430.1 460.5 487.7 538.7 576.6 597.7 699.8 700.1 699.7 698.4
266.6 269.2 274.6 278.5 282.0 283.0 279.4 288.2 296.4 304.9 309.8 317.0 328.3 343.6 367.7 381.5 389.0 421.8 487.2 557.1 616.0 672.2 687.9 803.3 811.8 875.7 862.4 854.6 859.8 814.8 787.3 728.6 743.6 683.7 604.4 561.8 621.8 610.5 512.1 463.6 498.3 489.9 512.6 566.1 616.9 583.4 526.6 549.9 575.6 560.8 556.6 563.0 527.0 479.6 452.8 411.3 375.4 349.0 360.1 380.6 384.6 375.7 406.8 431.6 431.8 456.0 517.9 614.9 687.2 701.2 700.0 696.6
261.0 263.6 267.8 271.2 273.9 270.1 272.7 285.7 291.3 296.6 300.3 310.6 324.5 339.9 362.3 371.4 380.9 428.3 537.1 576.9 600.5 679.6 730.0 813.4 834.4 871.6 816.5 830.9 840.7 790.9 716.3 704.9 716.5 652.5 605.2 585.0 535.3 573.9 471.6 458.6 487.7 503.8 529.4 586.0 605.0 593.0 522.5 517.0 536.9 558.1 563.9 562.8 525.9 480.4 460.7 423.7 388.0 379.8 350.2 336.2 354.1 355.0 381.9 391.4 427.4 507.3 613.1 675.8 691.7 693.0 694.5 704.4
255.5 258.3 261.9 262.9 263.4 263.6 273.0 283.1 285.6 287.2 294.0 304.1 318.2 337.2 350.7 361.9 388.7 450.4 496.3 526.0 556.8 655.2 751.5 797.3 849.6 815.4 800.9 828.6 801.1 773.7 694.5 638.3 696.8 649.6 648.8 623.2 565.9 503.4 463.1 449.7 491.8 519.7 563.9 599.4 563.2 548.3 492.4 505.1 531.4 538.1 545.1 550.8 526.9 515.2 494.7 457.5 437.1 443.0 422.8 363.1 326.1 341.9 378.3 439.0 521.0 628.0 654.3 634.0 684.1 672.6 677.0 685.9
250.6 253.0 253.7 252.3 254.5 266.8 272.5 277.3 278.9 281.8 291.0 302.0 315.1 323.4 345.8 379.4 436.6 436.6 481.4 561.9 593.4 660.8 729.4 804.9 811.4 755.7 808.1 792.8 763.9 733.3 673.5 607.8 673.4 630.9 605.5 604.8 549.0 478.1 459.2 435.4 469.6 512.0 572.5 559.2 482.5 475.8 510.2 537.8 551.8 538.1 554.1 568.2 559.8 544.8 508.9 463.0 433.1 397.8 397.1 400.5 325.5 339.0 394.4 458.2 553.2 619.4 551.6 622.6 635.7 660.4 661.4 673.3
244.3 246.9 245.5 248.0 260.9 266.6 271.5 270.5 271.9 278.0 287.6 296.4 302.1 313.5 376.7 421.0 456.2 488.1 484.1 533.1 594.5 685.4 784.1 786.7 730.9 783.4 777.2 748.4 739.6 718.9 672.0 592.6 632.7 604.7 560.2 571.9 517.3 475.4 451.7 431.3 455.8 484.0 519.5 490.8 506.1 562.2 523.2 562.6 559.0 557.8 559.9 573.5 552.6 507.9 450.4 407.6 378.2 357.9 343.1 367.4 343.4 322.1 390.5 457.2 509.5 556.2 496.6 532.9 626.9 644.4 655.9 657.6
235.6 237.7 240.0 253.4 259.5 261.8 263.9 257.4 261.1 268.1 277.5 283.7 299.1 343.1 416.6 473.0 496.7 499.7 526.3 546.3 622.2 703.2 776.9 703.8 763.3 766.4 739.3 717.5 671.6 647.7 608.1 573.6 583.2 559.2 515.8 524.2 469.0 451.1 454.5 425.5 435.5 463.6 506.2 526.3 563.6 612.0 574.4 540.4 557.9 550.5 521.6 486.7 467.9 439.9 419.8 429.2 433.3 396.9 369.1 336.1 311.0 315.2 376.1 441.9 479.5 485.4 459.4 587.3 588.7 634.8 649.9 650.7
227.2 241.1 250.0 251.6 256.4 251.7 249.1 256.7 270.5 274.9 283.1 294.9 326.6 381.6 459.9 490.6 507.3 560.4 567.5 560.0 606.2 670.6 660.4 722.7 759.1 741.6 716.6 698.1 683.3 650.9 576.5 541.6 521.4 495.6 491.7 460.7 451.9 437.4 420.2 420.5 456.8 518.3 560.0 598.1 616.0 599.7 568.9 565.9 549.1 524.4 506.7 487.2 472.3 476.7 471.0 470.4 434.9 414.1 403.3 358.5 310.7 313.1 372.6 422.7 423.5 411.0 480.0 566.5 489.0 608.0 649.8 647.8
230.0 241.8 250.4 253.3 244.1 243.7 256.2 267.6 281.0 292.4 296.1 311.2 373.9 425.1 466.7 511.4 529.0 533.9 522.2 526.4 561.3 604.9 698.3 749.7 732.7 718.1 703.5 684.3 642.2 654.7 641.1 624.5 583.8 540.5 460.0 453.8 452.7 438.7 424.3 447.8 503.5 567.1 601.3 611.8 608.1 589.3 590.8 565.5 525.7 508.7 493.6 479.5 455.4 429.2 419.5 444.0 434.6 395.7 363.3 347.5 304.5 314.5 333.4 375.1 385.0 403.0 469.3 495.1 449.8 590.6 630.5 642.5
237.8 241.0 247.1 244.5 234.4 250.2 260.0 271.8 284.2 299.2 313.7 326.7 359.9 383.0 437.6 435.6 458.5 480.4 528.2 584.0 639.9 719.5 755.4 730.9 713.3 711.0 712.7 697.0 667.7 632.7 583.3 596.5 600.6 527.4 469.6 421.4 427.5 416.0 410.9 487.7 530.8 554.4 582.8 603.3 600.0 599.1 576.8 549.8 536.1 506.2 480.9 473.4 452.5 458.3 434.8 405.2 397.0 381.0 373.2 366.9 330.3 298.8 305.1 323.6 335.6 404.5 436.9 409.2 459.5 507.9 553.5 602.2
241.8 242.0 243.3 237.0 231.0 242.2 254.0 272.8 290.5 313.4 362.8 396.7 432.2 418.2 447.1 484.1 511.5 565.7 633.1 694.9 747.7 758.2 739.4 718.1 705.5 698.3 699.1 682.5 666.7 634.5 572.3 560.3 564.3 511.6 467.6 478.7 464.5 386.7 436.4 502.7 554.3 591.6 614.4 613.1 609.2 589.2 556.6 543.9 525.4 505.3 482.8 463.3 474.1 494.6 456.0 455.6 447.7 411.8 387.4 366.2 347.1 292.0 293.6 346.6 334.7 356.2 355.3 369.3 391.6 457.8 519.6 573.2
235.6 236.0 238.8 234.2 228.8 249.1 263.6 277.5 304.8 345.1 401.3 485.6 534.3 562.3 581.0 593.6 612.5 676.1 729.6 757.9 749.8 737.6 717.3 708.7 706.5 682.4 659.5 651.9 635.7 629.0 617.7 498.6 491.1 487.0 481.2 487.7 418.8 393.3 514.0 571.8 569.8 606.9 625.0 619.5 606.6 585.0 579.8 549.3 532.6 502.8 486.1 455.7 488.7 493.4 458.9 446.6 427.4 424.7 398.4 381.0 355.4 330.8 273.6 313.7 315.9 299.6 311.7 328.1 368.6 423.3 453.7 456.7
230.6 231.6 234.1 218.5 233.2 254.4 275.2 303.9 343.6 425.5 475.8 538.4 617.4 658.8 663.0 691.0 725.6 734.9 728.0 726.8 725.8 715.9 703.8 690.8 688.5 694.6 678.4 657.5 623.7 556.0 619.7 597.2 487.5 425.6 427.0 460.9 377.7 448.5 518.5 527.5 612.2 623.9 615.5 614.4 598.1 582.2 575.2 544.3 505.9 479.1 471.1 448.4 480.0 459.1 444.1 457.8 429.7 402.3 410.7 398.1 355.0 323.6 293.1 263.7 279.9 292.8 288.1 328.7 378.2 405.1 402.9 378.5
215.0 210.7 215.8 214.2 253.2 280.8 316.0 384.1 447.5 467.5 470.1 507.5 563.1 634.6 693.5 712.9 715.1 708.5 712.8 715.9 716.8 703.0 672.5 684.7 638.5 685.1 667.6 623.7 659.1 575.4 572.2 598.2 508.9 453.6 423.8 366.2 385.9 440.7 497.6 595.7 631.2 614.9 616.9 617.1 607.9 579.7 541.6 523.8 499.5 474.8 458.8 443.1 441.5 437.3 406.4 400.4 394.9 407.3 382.1 383.5 378.2 360.8 329.9 292.1 248.3 269.5 269.4 303.1 343.7 354.6 342.6 328.5
212.3 217.1 232.9 255.9 292.1 323.8 370.3 432.6 498.7 553.5 611.6 633.0 651.8 681.6 694.7 697.0 701.8 705.8 709.1 705.0 704.3 691.1 646.9 618.1 625.0 661.3 671.8 628.3 567.4 606.9 492.6 483.3 448.3 432.9 385.1 356.6 454.0 550.7 616.2 622.5 608.6 634.4 625.1 619.6 585.1 557.2 528.7 507.2 500.8 476.6 526.2 523.5 506.8 495.7 459.7 434.3 393.1 358.4 377.4 360.2 364.2 363.9 331.7 301.4 256.3 240.5 257.1 264.8 292.7 303.1 275.5 281.7
229.7 234.5 249.4 295.4 347.7 397.9 441.0 506.0 590.0 636.2 647.0 654.0 668.6 675.5 680.1 687.5 691.8 695.5 697.3 693.8 691.5 687.6 672.4 618.2 573.4 559.6 556.5 531.4 498.5 590.0 552.7 476.8 514.4 456.9 380.6 410.3 544.3 600.6 609.7 587.6 644.4 638.7 634.9 600.9 578.5 551.3 529.9 515.6 495.9 517.5 523.5 511.3 498.5 483.6 483.4 453.1 431.0 392.3 351.3 329.9 329.9 325.8 347.6 340.0 311.2 264.8 229.9 229.8 264.2 246.6 257.1 300.8
250.9 250.4 277.3 338.0 421.9 514.1 567.8 595.7 614.0 627.1 644.1 658.0 661.8 667.7 671.6 673.4 677.1 682.2 685.4 685.0 679.3 684.3 681.1 671.4 676.2 667.4 650.8 623.5 557.5 467.1 463.3 441.7 426.4 376.0 352.7 452.9 549.6 566.6 548.9 627.6 644.0 636.6 620.3 597.6 576.0 556.2 536.5 510.2 532.5 548.0 528.3 514.7 509.2 495.9 470.1 470.5 435.9 411.0 414.3 387.3 346.5 299.7 312.7 320.6 309.7 286.3 259.5 219.5 231.3 229.5 239.2 256.9
295.1 290.7 327.4 398.8 490.6 545.4 568.3 584.7 600.8 624.9 640.2 644.0 648.2 651.5 653.5 657.7 662.8 669.7 671.9 668.4 668.9 675.9 678.9 684.1 686.7 675.3 652.8 619.7 584.3 549.0 475.1 422.9 416.5 379.6 338.4 477.4 527.7 511.9 595.4 630.2 630.7 612.5 605.0 597.0 574.6 554.2 539.3 536.4 548.5 535.9 527.7 521.2 519.3 501.8 476.5 455.7 455.6 430.6 405.8 384.9 361.7 341.1 291.7 277.5 295.9 281.3 257.5 212.1 220.8 212.0 214.1 228.4
382.1 438.2 464.5 503.3 505.3 529.9 561.1 584.4 598.0 613.0 619.7 615.6 623.1 630.7 638.9 644.6 651.8 657.5 653.8 651.4 658.6 661.6 666.0 673.0 675.7 670.5 658.2 613.0 574.0 539.5 508.5 516.5 449.9 380.4 349.2 485.4 465.6 547.1 584.8 620.7 610.6 606.1 594.5 581.1 562.4 544.6 547.5 551.9 551.2 548.0 536.5 513.0 489.3 476.0 483.2 465.9 441.4 434.7 401.9 381.7 362.0 336.3 319.4 305.8 270.5 248.1 267.8 244.4 222.1 196.9 211.4 223.3
437.8 438.4 461.2 481.3 504.6 529.5 555.0 572.7 585.1 578.7 578.6 588.8 608.0 613.9 616.5 633.1 641.8 641.8 634.8 653.4 654.6 652.2 659.8 665.3 667.3 667.8 647.2 611.6 580.7 553.8 526.4 500.6 457.7 348.7 446.2 453.0 461.8 562.7 620.3 602.6 591.7 605.0 592.4 567.5 538.9 548.0 553.1 556.7 562.3 557.1 541.0 521.1 498.0 471.8 454.7 445.3 424.4 439.3 418.9 405.0 381.5 369.1 353.1 339.7 311.7 276.3 244.8 236.1 244.2 198.6 198.3 211.2
459.3 469.8 484.1 491.0 509.2 524.7 540.2 551.2 538.4 547.2 560.1 581.1 585.0 578.2 609.1 625.2 623.8 613.2 624.5 641.7 644.8 650.3 656.1 662.4 663.3 661.8 646.1 622.3 589.2 532.2 441.3 382.3 398.9 336.4 402.4 422.7 543.4 614.0 598.5 575.2 599.8 606.9 578.0 544.7 531.6 548.9 554.5 565.5 564.6 557.6 538.0 528.9 514.9 501.3 482.4 461.7 435.6 409.0 424.5 411.1 380.4 361.9 338.1 324.0 306.2 290.2 290.4 257.3 237.7 222.7 184.6 210.7
450.0 452.8 455.7 481.4 494.1 504.3 506.2 506.3 502.8 520.4 537.6 544.3 551.5 559.5 576.2 586.4 596.0 616.1 625.3 631.3 636.9 642.3 647.3 650.5 650.5 655.6 646.6 623.3 585.5 560.0 431.9 304.6 315.1 325.5 384.2 478.4 590.2 585.4 560.8 579.8 602.8 589.7 565.2 507.6 535.7 541.3 556.6 552.8 550.4 551.2 543.9 522.6 511.8 497.9 480.8 464.3 440.6 420.9 389.3 397.5 397.0 375.7 352.3 329.4 320.1 312.9 273.5 258.6 222.5 206.4 187.5 194.0
429.4 413.1 443.8 465.2 456.8 488.6 498.9 480.3 533.6 549.9 556.3 565.2 580.2 587.0 592.0 596.2 603.7 610.5 611.3 608.4 620.4 626.8 633.4 645.2 650.8 649.1 638.0 593.8 543.5 511.8 391.4 300.7 389.9 432.1 492.1 564.9 572.2 552.9 572.2 600.5 596.5 559.7 543.9 492.0 538.3 564.2 557.6 555.5 545.8 532.8 526.2 524.9 503.2 487.8 473.7 462.7 448.6 432.0 417.8 375.6 371.8 371.3 368.5 354.0 340.8 317.1 305.6 280.9 239.3 216.3 183.9 191.5
