data/case_study_destine/merger_hmc_by_domain/geo/SiciliaDomain.dem.txt
ncols   652
nrows   344
xllcorner    12.4158
yllcorner    36.6186
cellsize    0.005006
NODATA_value -9999
[rows 192 to 223 of 344, columns 360 to 431 of 652]
486.1 517.1 507.1 490.1 467.9 503.6 475.6 474.2 423.6 418.5 462.5 479.7 497.7 508.5 527.2 520.0 577.1 666.7 680.9 727.9 719.7 656.0 625.0 648.5 659.0 676.3 675.8 707.7 739.0 753.2 783.9 793.6 789.1 754.3 728.5 784.4 697.4 756.1 778.3 743.6 763.2 694.0 724.6 761.9 809.6 740.2 605.9 547.1 507.3 483.1 469.8 461.5 451.4 410.2 416.2 429.6 440.2 431.1 401.1 359.7 328.9 297.7 285.4 292.5 282.7 274.5 265.7 258.0 270.8 289.7 255.3 240.3
485.5 468.7 436.2 418.2 420.7 448.7 425.0 408.6 395.6 421.8 432.3 437.5 448.6 460.0 470.2 486.5 520.0 562.3 592.9 643.0 696.5 666.7 618.4 703.8 771.6 797.6 736.1 702.1 729.4 759.7 761.8 742.7 719.0 706.4 682.2 715.3 667.5 694.2 698.0 696.2 731.4 706.0 664.4 764.3 786.0 783.7 689.2 588.9 541.3 536.0 543.2 478.6 452.7 440.3 446.0 461.3 481.7 450.5 389.1 338.2 315.4 304.7 284.7 265.9 288.6 285.9 285.3 257.4 245.6 254.7 237.7 221.2
444.7 419.4 411.3 393.4 395.0 395.9 387.8 391.4 404.0 413.7 430.0 460.0 486.7 499.4 492.6 493.0 504.5 527.1 582.3 629.3 684.3 643.2 597.3 659.5 711.8 767.3 723.0 678.2 700.9 738.3 739.7 718.1 696.4 669.4 653.4 679.7 661.4 645.7 670.8 718.5 726.7 704.1 627.0 676.1 719.0 722.0 694.8 675.2 601.0 505.8 479.4 474.0 461.4 475.3 482.3 478.4 452.9 419.7 388.9 335.1 307.9 290.8 280.3 261.7 251.8 254.1 248.0 241.8 235.5 234.8 231.0 215.7
400.9 395.7 382.4 373.6 374.2 373.8 383.8 405.6 426.4 438.4 467.5 500.8 548.8 609.9 584.6 533.9 524.1 540.6 560.6 613.1 667.2 614.4 575.9 619.1 658.9 701.8 705.5 659.5 676.4 701.7 688.1 708.0 696.0 665.3 630.6 651.4 687.7 653.4 658.6 685.9 685.0 630.3 613.5 669.0 684.1 640.3 649.5 636.2 575.6 509.5 466.9 441.0 421.6 441.0 487.5 469.5 418.0 372.5 357.3 331.9 313.4 288.9 276.6 271.5 257.3 245.1 242.3 239.3 225.9 220.3 216.6 222.7
395.8 376.1 370.9 365.3 376.1 381.8 395.0 407.8 422.9 456.8 509.4 598.3 681.0 730.2 701.8 601.9 553.6 545.8 564.8 576.2 604.8 602.1 560.9 587.6 609.9 624.7 656.3 647.6 628.4 672.0 639.4 684.0 717.2 717.9 675.3 629.0 678.4 684.5 629.5 629.9 603.7 584.5 597.2 620.1 612.7 593.9 581.8 603.9 597.0 522.5 462.5 456.0 414.5 402.3 451.2 442.2 390.9 355.9 333.5 317.0 312.0 303.4 292.8 287.3 270.5 260.0 265.1 257.1 250.2 224.9 221.6 234.6
401.0 370.7 361.2 367.1 375.4 388.3 406.0 428.5 427.1 448.7 510.3 601.7 627.7 620.6 603.4 574.5 539.6 529.2 533.9 548.5 553.7 561.3 547.6 571.7 585.2 598.4 628.9 648.3 587.6 640.8 621.9 625.8 638.9 652.1 642.8 620.8 675.4 690.8 617.7 621.3 553.2 571.9 600.6 602.1 579.8 560.5 569.0 599.8 603.7 527.7 452.8 425.0 415.9 378.9 403.5 402.6 370.4 354.6 329.9 312.9 295.8 290.7 285.3 276.7 277.3 290.5 290.6 268.7 230.2 225.2 243.8 272.4
383.9 362.8 356.1 370.0 381.3 398.2 423.8 444.4 458.9 499.6 516.4 555.6 560.7 572.8 555.7 543.9 528.6 513.2 518.1 540.3 556.4 534.5 546.6 568.6 613.3 627.8 621.3 616.0 608.8 574.2 595.9 593.3 592.6 610.9 590.4 622.1 632.4 633.0 605.1 584.0 549.0 618.9 627.2 575.8 542.3 559.6 579.1 605.5 587.1 573.3 540.7 447.0 407.1 377.6 349.4 368.7 373.1 358.1 342.6 314.6 301.1 306.7 297.4 292.4 305.2 295.8 280.3 238.2 232.0 238.7 259.0 306.1
358.2 350.1 359.3 372.2 420.5 442.1 480.4 490.1 489.8 503.7 509.0 525.3 548.0 536.2 558.4 527.8 519.2 505.3 521.3 544.0 527.6 526.7 543.0 557.9 589.3 640.1 654.1 658.8 660.9 630.4 564.2 568.7 556.4 552.7 555.6 569.9 577.9 586.3 601.5 573.4 540.4 618.1 586.8 530.5 584.6 569.4 562.9 551.5 558.0 584.0 520.2 444.5 404.7 384.1 336.7 338.8 341.0 357.7 333.0 312.6 302.8 304.3 295.7 293.5 286.3 263.7 242.0 240.6 250.9 257.6 283.3 335.3
347.8 359.1 372.3 389.7 451.9 491.5 535.9 556.7 485.5 492.7 487.4 501.2 506.9 543.0 535.9 505.4 495.5 495.7 531.2 523.9 512.1 529.2 541.8 558.6 591.8 633.4 644.9 664.1 671.4 652.7 604.0 528.8 532.5 548.6 578.7 602.7 625.1 637.3 600.2 554.0 510.6 576.8 550.0 535.1 556.3 532.5 521.2 533.3 553.6 526.0 440.1 396.3 383.8 371.0 361.4 360.4 332.8 310.3 309.3 328.9 302.1 287.1 285.4 264.4 255.5 245.8 256.6 279.6 275.2 289.6 308.2 328.0
360.2 369.7 381.1 407.1 447.4 458.0 485.1 465.4 436.5 443.7 465.9 453.9 463.9 484.2 488.8 468.9 477.2 507.2 523.9 492.7 512.6 522.9 540.5 583.4 623.0 632.6 634.8 648.0 654.2 656.7 596.3 513.3 574.6 571.1 566.5 585.6 602.8 627.4 623.0 605.5 558.2 495.1 506.0 483.3 494.2 508.4 533.5 553.9 574.4 487.8 432.3 424.8 376.3 351.9 334.4 339.5 349.9 333.4 302.8 299.4 312.3 279.2 261.0 254.1 263.5 289.6 310.6 325.7 327.4 334.6 348.2 346.9
391.5 403.5 412.3 424.3 455.2 423.6 421.6 458.9 553.1 571.7 533.3 524.7 545.4 490.2 459.4 468.4 472.5 477.6 483.4 491.7 510.2 519.3 537.5 577.1 606.5 603.6 612.3 608.5 614.4 647.8 632.4 535.1 536.1 575.2 545.0 558.3 587.8 604.0 578.8 572.7 537.4 501.5 462.0 481.8 514.5 538.6 512.2 496.0 496.3 478.4 474.0 425.0 387.1 367.2 355.4 333.8 309.1 310.9 294.6 280.1 276.7 263.7 266.3 279.6 293.3 321.3 359.4 390.3 388.0 391.7 406.4 394.5
445.5 498.7 509.6 503.5 476.6 413.2 456.2 484.4 539.4 601.2 640.7 626.4 618.7 584.9 523.4 516.4 508.3 513.8 519.9 528.9 537.9 542.4 528.8 551.2 582.9 585.3 601.0 588.4 591.6 618.3 652.8 631.1 518.7 538.4 536.4 535.1 573.0 594.6 569.4 530.0 503.6 486.1 459.5 484.2 535.7 503.9 457.0 440.9 451.6 475.8 436.0 398.3 378.2 382.5 356.7 328.1 309.9 293.2 278.0 272.0 277.5 282.3 307.5 317.4 347.1 366.7 388.5 425.6 439.9 449.9 464.3 481.3
500.5 500.6 475.3 457.7 448.3 392.5 466.1 546.1 622.7 656.6 647.3 603.5 575.6 557.4 547.1 546.8 555.3 558.1 559.0 565.5 569.9 572.1 542.3 540.2 542.9 549.3 566.5 577.3 579.5 594.0 611.5 637.5 593.6 520.3 476.9 501.1 557.8 573.0 551.0 517.4 501.2 481.6 455.6 483.2 565.9 482.7 440.7 431.5 457.0 459.3 400.5 358.7 348.4 346.3 328.6 313.2 304.2 281.6 286.3 308.3 318.8 333.8 343.8 377.8 400.0 427.3 442.5 465.1 493.1 522.8 553.1 575.1
533.4 533.8 547.4 464.8 410.8 398.6 474.0 490.4 515.7 567.8 610.9 567.7 536.7 531.1 538.5 546.9 553.4 558.0 555.6 560.1 557.6 554.3 559.2 584.8 577.9 552.4 550.6 556.1 561.1 568.0 576.3 596.0 572.1 559.5 521.4 470.7 544.0 544.9 517.5 500.4 475.7 458.7 434.0 489.3 569.9 485.4 419.5 406.5 443.2 431.8 381.4 363.4 361.9 322.5 313.9 318.9 293.7 284.1 323.9 352.5 376.2 393.6 398.1 422.0 445.6 471.8 515.9 531.3 556.6 598.8 615.9 611.1
566.4 567.9 526.6 447.7 393.0 386.4 421.3 497.7 501.6 541.2 589.6 588.5 548.8 498.7 536.8 546.3 557.8 570.5 571.0 583.9 603.0 596.9 606.4 631.4 659.2 650.1 618.0 599.9 570.3 562.0 560.5 560.0 549.8 495.0 483.9 455.6 534.5 527.1 479.9 458.5 444.8 427.3 433.5 500.9 551.4 533.7 434.6 390.0 385.6 397.6 393.9 364.7 366.8 340.5 315.9 292.1 288.2 300.2 322.3 380.0 420.4 452.1 441.7 453.8 493.6 556.3 609.9 616.2 588.4 553.1 561.2 558.2
525.7 475.4 447.8 417.5 401.4 363.5 403.4 413.0 430.1 441.3 480.5 572.4 572.8 515.9 493.5 524.2 538.1 572.4 586.2 593.8 623.4 653.2 670.9 669.8 679.6 689.8 666.6 648.0 634.1 613.5 601.5 567.8 540.7 529.7 511.8 447.8 487.3 485.0 467.6 434.9 413.5 423.1 480.8 512.4 504.0 511.9 444.3 392.1 365.2 392.7 376.1 352.3 343.1 333.1 311.3 295.9 301.1 310.8 332.7 372.2 421.5 469.9 487.3 506.0 541.3 595.4 608.6 567.1 513.0 473.2 464.5 470.2
523.0 454.4 414.3 400.2 393.0 368.5 352.1 372.3 418.0 403.0 471.5 519.6 550.1 558.3 467.0 486.3 569.4 591.4 614.1 615.5 573.9 641.7 642.2 614.3 627.9 612.6 609.7 620.4 641.0 597.1 623.4 629.7 591.9 538.8 488.2 453.5 428.8 425.9 430.2 420.4 395.6 425.9 469.1 472.0 457.7 443.2 409.0 382.0 371.2 353.1 342.1 323.3 317.2 313.4 302.2 308.2 318.5 329.6 337.6 386.5 429.2 473.2 520.6 564.3 607.0 639.9 615.7 547.5 495.0 450.5 422.6 398.6
528.9 513.0 469.8 469.3 491.8 415.3 376.1 346.7 375.0 391.4 413.0 428.0 443.9 446.2 423.7 532.9 589.7 597.2 573.4 604.4 533.3 580.6 583.6 558.4 546.2 535.7 529.3 548.1 563.8 551.3 574.0 590.2 578.5 528.4 498.1 465.7 455.2 430.2 407.4 400.4 392.4 386.5 382.0 384.7 387.8 368.8 364.0 354.1 344.7 338.7 330.5 365.9 372.5 356.8 343.1 324.7 343.2 375.1 393.2 390.3 441.3 496.8 552.9 607.5 654.7 649.8 622.9 565.8 518.0 485.1 448.3 388.7
519.5 508.0 508.1 519.3 494.9 418.4 377.8 350.7 336.6 352.1 369.9 375.6 360.7 380.6 406.0 452.7 493.2 506.2 531.2 517.0 494.7 507.1 537.7 516.4 503.9 492.9 493.0 497.9 504.0 512.3 528.8 553.0 545.8 498.4 476.1 458.5 442.9 447.2 451.2 438.8 438.1 430.6 436.6 432.8 397.8 392.9 364.2 367.7 378.4 358.9 380.7 390.7 407.2 415.2 378.3 372.4 413.1 446.8 478.6 494.9 459.1 487.7 525.8 568.1 595.4 593.9 590.7 541.7 503.5 466.0 437.7 404.5
451.4 434.1 444.1 428.1 404.7 388.8 376.6 378.9 367.0 339.0 328.1 341.7 344.7 369.5 391.4 424.0 463.4 471.6 464.4 468.2 462.3 476.0 488.2 480.2 474.6 479.9 494.1 508.1 525.2 549.9 575.2 584.6 561.1 491.1 479.6 484.6 479.0 490.0 506.3 490.5 497.0 509.9 516.5 537.1 518.9 474.5 439.4 405.7 413.7 395.3 395.8 405.6 428.0 436.1 432.2 477.5 515.6 549.0 566.0 555.7 530.3 519.5 514.9 534.0 542.6 566.0 598.5 590.5 556.3 504.9 459.1 418.5
439.4 396.0 420.9 383.1 372.8 357.5 367.1 396.8 429.1 422.1 369.2 319.1 345.5 387.9 378.4 416.7 472.4 478.3 438.8 433.6 446.8 447.0 446.6 456.6 505.0 553.8 584.0 571.8 555.0 556.0 553.5 542.7 535.1 498.0 501.2 522.7 552.7 594.0 616.9 594.4 584.6 580.3 612.6 599.4 573.5 560.3 512.1 470.4 469.3 436.3 439.7 470.1 467.6 481.3 505.1 542.5 596.5 621.2 644.0 629.2 619.4 591.5 577.5 544.7 533.6 587.0 616.2 613.5 595.6 545.2 495.1 436.7
420.4 383.6 388.1 362.4 366.8 349.5 368.6 417.4 508.1 486.8 382.0 318.3 321.0 362.2 385.5 414.4 482.8 460.0 420.7 438.6 424.3 436.8 453.5 456.8 475.6 514.9 507.3 499.6 511.4 531.3 521.8 510.9 524.5 543.2 543.3 563.0 620.6 707.0 755.3 761.2 758.5 735.0 740.7 749.5 724.9 622.2 574.6 574.0 548.6 480.0 514.0 500.6 488.6 548.0 573.2 582.0 615.3 632.9 644.8 666.6 664.3 634.4 591.8 536.5 509.9 574.1 586.2 562.3 551.7 525.6 480.3 418.3
380.1 362.6 339.3 333.4 355.9 341.6 363.8 423.7 405.6 389.8 344.7 326.9 296.4 337.6 357.3 394.0 424.4 409.1 412.0 414.9 425.3 476.4 514.6 485.7 486.7 498.7 506.5 506.7 522.8 557.9 537.2 507.9 550.6 553.1 560.9 621.0 692.3 742.7 771.7 762.7 743.8 746.3 766.3 790.3 769.6 715.7 611.9 557.7 520.3 535.1 551.6 543.4 510.4 523.7 547.6 554.7 570.3 584.1 602.2 627.5 639.2 622.2 565.5 492.9 457.5 511.1 501.6 485.7 491.6 475.3 431.4 384.8
385.8 363.3 358.4 374.7 372.1 328.9 353.8 444.2 359.0 347.1 308.2 287.2 324.1 391.8 421.1 391.2 388.0 394.5 396.6 407.7 427.5 469.1 544.6 531.3 526.3 530.7 540.0 514.2 543.7 612.0 592.0 500.1 523.8 564.7 564.9 625.0 653.3 684.9 642.5 636.9 738.9 758.6 793.3 790.8 658.5 612.4 531.6 489.1 499.5 511.7 510.3 508.3 508.5 517.1 522.8 541.6 532.5 557.4 548.3 551.3 556.8 568.2 525.1 449.7 415.4 478.4 451.2 407.8 403.4 385.6 357.6 327.7
423.2 393.4 393.2 468.4 464.3 377.1 316.5 359.2 329.1 335.0 304.5 295.0 379.1 433.8 435.9 373.8 417.6 454.2 435.6 454.7 437.0 453.8 510.6 539.9 531.8 535.9 524.3 467.1 484.9 546.2 533.6 461.6 535.6 503.4 501.3 543.0 559.2 551.5 581.9 692.3 784.8 798.6 785.3 685.4 563.1 507.4 502.3 469.5 461.2 473.5 461.2 479.7 471.9 467.8 505.4 530.5 515.6 497.7 480.3 481.0 476.4 446.4 475.2 430.1 368.0 402.3 399.0 349.7 339.4 324.4 313.1 304.4
468.5 440.5 418.6 418.1 371.7 323.9 302.2 284.1 285.8 295.0 274.1 276.2 314.5 351.0 359.1 382.7 450.1 502.5 501.9 489.2 438.9 429.7 494.2 587.5 592.5 565.2 489.7 424.0 433.8 457.4 456.3 421.3 434.7 467.5 492.9 491.3 480.2 546.9 605.9 737.0 789.2 792.8 708.3 576.9 501.8 447.8 430.6 459.7 433.1 430.4 414.7 424.0 410.7 431.2 450.9 471.3 506.2 517.4 459.9 424.8 403.4 377.4 371.5 367.8 333.1 337.7 337.5 320.6 317.4 308.1 297.4 293.6
497.6 439.4 390.6 380.1 371.6 382.3 367.3 349.2 314.2 267.0 277.7 344.2 362.2 353.0 332.3 366.5 419.0 456.3 496.7 447.6 401.8 409.5 450.5 500.6 555.8 528.7 468.2 410.9 470.3 522.0 485.0 417.4 414.8 455.3 422.0 442.8 506.3 538.0 529.6 563.9 573.1 577.9 570.7 515.0 456.0 392.0 402.6 444.0 381.6 364.9 363.8 362.3 358.2 399.8 444.7 498.8 563.8 563.4 501.3 479.8 428.3 413.6 374.7 346.8 339.3 321.2 307.2 300.1 301.5 297.9 290.9 279.6
419.2 406.6 423.3 464.3 473.2 465.9 417.2 459.0 420.5 309.7 261.2 319.6 361.3 405.8 407.0 385.3 372.6 399.4 444.0 450.1 398.5 383.6 424.4 412.9 427.7 432.1 382.7 423.2 462.1 472.2 424.8 383.3 399.3 406.1 381.3 398.4 425.5 428.8 445.3 444.3 459.1 501.1 514.4 457.3 400.4 354.4 372.8 367.4 344.5 319.2 334.6 329.7 357.8 387.9 471.1 545.7 596.0 618.8 592.8 532.5 456.9 446.5 466.0 416.4 397.3 374.0 342.8 318.0 295.0 285.3 281.8 272.8
420.3 418.7 447.1 468.0 461.1 461.2 418.3 371.5 447.4 303.0 255.3 295.0 321.6 356.2 385.8 393.0 389.5 398.2 402.6 424.7 404.3 366.6 358.8 369.6 380.0 374.4 354.0 373.7 380.9 402.0 387.9 345.3 363.7 346.8 353.1 362.4 369.9 388.7 397.3 425.1 487.2 550.7 521.6 469.9 452.6 385.9 316.5 321.6 320.9 297.3 313.7 337.2 358.6 419.7 449.9 485.7 513.2 564.4 586.6 524.6 467.4 483.8 526.8 510.7 466.3 424.2 382.7 343.3 314.8 299.3 286.7 289.7
422.6 414.8 436.5 436.9 454.0 456.1 423.1 332.2 319.0 281.5 242.4 298.1 309.0 292.3 312.1 342.5 377.0 360.8 363.3 372.2 371.3 347.8 343.4 319.0 363.5 373.9 350.7 324.7 339.8 339.0 332.5 334.0 344.7 322.4 333.2 343.2 360.8 363.6 399.3 474.1 530.6 555.8 502.2 453.3 421.6 365.5 297.2 300.0 281.7 291.2 309.7 326.0 357.9 367.1 393.4 416.6 458.6 515.5 541.2 551.2 537.1 560.2 570.0 565.5 540.5 499.8 446.9 383.5 343.4 321.0 303.7 301.9
451.4 417.9 417.0 445.9 456.8 427.5 367.5 322.9 292.3 256.6 233.8 269.1 262.6 273.0 292.0 333.0 374.6 361.1 358.8 367.5 366.7 341.5 329.9 300.9 345.1 335.7 348.2 320.0 295.0 298.8 311.7 322.9 324.1 300.7 306.1 328.2 340.3 356.1 417.7 484.5 514.5 480.2 433.8 388.4 355.3 310.1 265.6 275.6 310.7 336.8 362.1 389.3 448.7 481.6 480.2 446.2 421.7 455.8 488.3 542.6 563.6 539.5 557.1 552.0 553.8 530.4 505.3 411.5 355.1 331.3 333.0 332.7
432.1 421.1 418.0 470.6 419.8 358.1 324.7 297.4 277.3 261.2 232.7 222.7 226.3 252.1 261.4 278.8 309.8 319.4 345.4 355.3 353.1 360.2 344.4 294.2 293.9 321.3 307.6 302.7 293.0 295.5 327.3 309.3 292.8 278.4 293.7 318.2 328.2 357.7 405.9 451.4 463.8 408.8 379.0 338.4 292.4 252.7 280.5 353.4 387.9 442.7 492.4 506.6 532.2 578.3 571.4 521.0 476.0 526.2 562.1 561.3 557.7 538.9 519.0 527.8 534.3 518.8 531.6 440.8 371.8 351.7 363.5 393.6
