data/case_study_destine/merger_hmc_by_domain/geo/TevereBasin.dem.txt
ncols   371
nrows   426
xllcorner    11.6050
yllcorner    41.6777
cellsize    0.005011
NODATA_value -9999
[rows 102 to 135 of 426, columns 228 to 303 of 371]
528.9 547.4 580.1 643.4 663.8 645.6 639.4 678.5 765.0 836.6 857.4 747.5 719.4 679.4 643.5 593.3 578.4 559.7 634.9 718.7 751.9 788.5 736.0 664.1 628.7 677.6 780.3 893.3 894.7 823.6 694.0 635.2 636.0 652.4 602.4 561.2 527.1 495.8 501.1 553.6 554.4 512.8 510.9 497.1 462.5 426.1 410.3 416.6 432.0 454.9 458.4 469.2 488.0 514.4 547.3 567.8 616.8 686.4 819.3 960.0 1027.1 924.4 906.2 1007.0 1087.3 1161.7 1185.7 1200.2 1144.3 1026.8 926.3 843.4 739.8 754.4 779.4 749.6
520.2 584.4 648.4 781.2 873.2 854.3 770.2 754.9 889.1 912.1 846.6 705.9 738.0 697.1 652.4 614.8 612.8 566.8 643.0 784.1 879.0 952.9 886.4 720.1 669.7 680.7 722.4 831.8 840.2 752.7 685.2 710.5 751.9 724.2 623.3 553.8 524.0 506.4 532.2 585.4 563.8 519.3 504.3 482.9 471.4 437.8 420.2 417.4 430.6 461.5 483.6 492.8 498.2 498.0 521.5 563.2 602.8 647.6 785.0 945.9 1025.6 949.9 818.1 854.4 929.8 997.0 1094.9 1132.1 1046.6 912.7 814.8 759.7 742.1 750.4 723.2 785.2
515.5 603.5 732.5 787.4 897.6 998.4 1030.0 1072.0 1005.1 933.5 830.1 740.0 827.3 825.0 758.4 708.3 664.2 590.8 625.5 763.4 918.2 1002.4 919.0 784.9 827.3 785.3 686.8 710.1 769.9 824.9 784.6 805.2 767.1 660.5 589.1 569.5 551.2 534.8 562.1 574.6 538.5 514.5 500.9 472.3 451.9 436.4 434.6 426.8 429.0 448.7 475.5 483.4 489.7 523.3 540.1 590.3 628.6 634.5 711.0 869.5 972.2 920.7 788.8 777.2 835.3 896.7 1001.9 1016.9 918.2 804.9 783.6 808.1 779.1 765.6 769.0 836.3
514.4 591.8 672.5 791.8 932.7 1069.3 1157.2 1126.1 1070.3 1017.3 898.4 837.0 894.2 950.1 905.4 818.2 698.2 630.6 604.4 714.5 896.8 1005.0 978.1 973.1 1015.7 947.0 795.7 687.6 775.1 898.1 902.4 835.9 726.2 641.0 644.7 641.9 583.1 566.5 555.6 549.5 510.1 489.4 477.1 455.2 448.6 473.7 458.5 440.9 433.4 433.9 452.5 475.0 504.9 536.7 538.4 551.8 577.7 585.0 634.5 735.9 852.4 814.9 761.5 828.9 904.4 997.1 1037.3 995.4 884.3 780.4 868.0 890.8 833.7 779.2 772.6 804.7
495.2 587.8 708.5 804.5 927.9 1045.2 1070.7 1112.9 1182.7 1190.3 1110.7 1038.3 993.3 1000.4 913.8 811.0 719.4 678.3 640.6 656.4 842.2 1000.8 1049.8 1137.6 1171.6 1067.4 888.0 747.4 805.1 949.0 934.7 877.8 851.6 787.0 756.9 667.4 581.1 542.0 522.2 512.2 491.2 506.4 494.7 474.4 481.2 509.2 481.6 450.2 443.0 436.4 447.0 474.6 501.3 505.4 507.1 521.5 556.8 598.2 615.7 668.2 708.5 711.4 709.5 822.8 963.5 1042.1 1039.4 989.3 887.6 808.5 918.9 902.4 798.5 731.4 707.2 714.1
472.2 527.7 641.0 728.6 834.8 935.8 943.8 1050.4 1195.6 1282.9 1334.6 1261.5 1207.2 1157.8 1051.8 931.1 890.4 801.0 701.9 655.5 777.6 859.8 952.5 1105.2 1221.7 1135.7 984.8 852.7 846.6 907.6 879.6 963.0 968.3 931.1 808.8 685.2 596.8 537.3 514.2 530.3 501.4 530.2 530.9 540.4 526.1 517.5 492.9 459.6 458.7 445.9 452.1 466.1 483.0 500.3 513.4 535.3 562.5 616.0 640.7 614.6 624.0 683.8 744.1 786.3 914.3 1024.7 1047.6 1015.3 915.5 855.0 946.0 905.8 804.0 729.2 662.3 645.8
463.6 503.5 576.8 670.1 760.5 762.1 846.4 954.0 1062.8 1175.2 1295.1 1316.6 1351.3 1309.9 1215.5 1043.3 894.3 812.6 720.7 650.9 704.7 763.6 859.2 1016.2 1118.8 1099.8 1036.1 961.0 867.3 847.4 794.2 875.4 868.3 827.1 738.5 675.4 615.7 595.4 563.4 578.3 534.0 542.0 558.5 557.1 545.9 514.1 484.7 478.5 480.2 455.4 456.8 465.3 480.3 509.6 527.2 530.2 543.7 594.3 610.7 609.8 647.5 687.2 748.7 794.7 864.3 961.8 1042.3 1032.4 927.0 941.2 947.4 857.1 768.2 724.5 691.1 683.4
467.9 495.9 534.9 616.9 616.6 673.2 758.2 834.6 867.7 949.1 1081.3 1181.7 1234.9 1224.9 1176.0 1094.3 987.4 845.2 731.8 668.0 687.7 810.2 914.2 1043.3 1049.2 1030.2 988.7 938.9 862.4 878.0 799.6 742.3 760.8 770.1 780.8 696.7 675.6 641.4 600.6 599.7 589.0 588.8 584.1 580.9 550.0 512.1 486.2 489.8 501.7 478.1 466.1 467.1 479.6 494.3 507.8 519.6 529.7 559.2 572.4 607.3 642.3 666.9 695.2 767.9 846.3 938.8 1024.8 1032.9 970.1 992.1 954.2 870.9 805.8 758.0 724.5 703.6
472.2 499.9 515.7 550.4 587.6 604.9 627.3 633.2 686.3 785.1 923.5 1078.3 1142.5 1157.8 1224.5 1246.8 1148.9 972.5 821.5 787.8 724.8 804.0 972.4 1103.6 1114.5 1093.9 1029.7 924.6 809.9 798.2 760.4 721.3 814.9 846.1 875.8 821.6 833.9 741.5 623.1 595.6 597.2 595.7 583.8 580.5 561.1 524.7 528.9 537.4 533.6 518.0 488.0 471.9 477.7 496.4 517.6 532.5 543.1 562.6 572.7 610.1 636.7 654.1 664.8 740.8 845.1 936.3 1010.3 1045.9 1043.3 988.7 937.0 852.3 810.4 778.9 731.2 698.7
455.2 493.6 505.0 530.7 577.1 590.6 625.8 714.8 774.8 818.3 948.4 1131.2 1158.5 1230.1 1338.0 1376.1 1281.6 1137.3 1001.0 960.3 805.7 808.1 967.7 1065.1 1078.7 1058.9 1029.9 976.6 906.4 806.7 809.8 733.0 843.1 923.4 926.9 944.2 953.9 810.8 652.5 585.0 570.0 565.0 559.1 556.4 553.7 555.7 572.2 559.3 549.6 518.7 489.4 484.5 484.3 507.5 539.3 545.1 564.7 577.5 564.8 587.1 617.2 634.4 664.8 717.2 812.8 867.0 890.5 956.7 955.0 926.6 919.0 908.8 873.0 833.4 799.9 776.8
454.8 472.1 503.4 539.7 621.7 679.5 733.6 811.0 932.9 1047.0 1154.7 1231.5 1232.3 1328.6 1446.2 1452.4 1352.3 1269.7 1157.0 985.4 842.4 803.1 873.0 967.5 947.0 983.0 1044.3 1133.1 1055.4 940.5 847.1 760.0 853.3 984.2 973.5 943.4 839.4 717.3 695.5 621.2 593.1 565.0 549.9 540.6 534.7 535.5 535.9 528.2 516.2 497.1 493.9 491.6 488.9 506.9 523.5 542.6 562.2 553.6 555.4 580.8 612.6 653.4 650.2 619.5 719.2 726.3 724.5 804.2 824.6 910.8 939.1 914.2 847.7 803.5 763.2 732.8
484.0 468.3 489.4 531.9 589.0 641.4 671.4 795.2 939.1 1074.5 1204.7 1278.0 1326.2 1396.1 1491.5 1493.0 1400.1 1309.6 1174.0 1007.3 878.8 787.1 789.7 881.6 882.4 904.5 1099.8 1235.5 1192.1 1041.7 876.0 802.1 896.1 983.5 889.5 792.0 762.1 781.5 723.2 654.0 609.3 577.7 558.6 558.2 552.2 531.7 527.6 519.9 510.7 505.0 510.2 505.7 501.3 504.4 517.3 527.6 544.1 549.7 561.8 578.6 593.4 620.2 582.0 574.9 631.9 630.5 608.8 686.3 783.3 885.8 939.2 915.8 820.9 771.6 711.0 711.0
510.2 498.7 482.9 499.0 530.5 610.8 675.9 745.1 850.4 1001.2 1133.0 1252.9 1327.2 1318.8 1420.1 1467.9 1377.2 1191.8 1039.0 908.2 829.1 757.8 736.9 844.7 836.6 845.8 976.4 1149.7 1207.8 1085.0 975.4 874.5 870.3 837.7 776.5 732.5 856.4 875.2 793.2 720.5 649.9 590.9 588.9 575.4 556.8 556.5 560.6 550.2 542.7 549.1 538.5 522.1 515.7 509.8 519.9 531.8 547.6 551.5 541.9 545.7 531.6 539.5 527.9 554.5 596.9 623.1 581.7 604.4 770.2 880.2 908.5 906.9 889.4 838.4 785.0 772.8
514.0 522.0 521.6 509.1 503.5 555.0 623.1 653.7 744.6 876.7 1057.2 1142.0 1163.2 1189.6 1329.9 1393.8 1372.9 1196.8 1041.9 916.5 805.8 738.3 710.9 775.1 802.4 814.5 861.2 959.2 1127.9 1142.9 1056.0 914.8 835.3 736.6 746.7 830.9 890.1 808.3 736.0 705.7 695.3 704.1 667.4 609.1 566.7 577.2 609.1 614.0 596.5 583.6 550.2 535.8 527.5 514.0 509.5 511.6 520.7 514.3 516.8 524.9 494.5 486.4 510.3 554.0 580.3 561.7 542.9 575.9 726.7 811.4 818.8 834.3 833.3 790.4 732.5 770.6
518.5 523.2 531.1 534.9 520.1 526.1 550.7 570.1 606.8 673.7 839.4 943.7 1009.6 1067.6 1170.3 1246.2 1354.1 1349.9 1210.3 1055.5 848.8 734.6 695.0 742.4 840.3 930.9 1012.2 1049.1 1098.5 1111.8 1005.9 879.5 785.3 759.1 807.4 811.4 768.8 752.7 781.9 844.7 922.8 910.8 794.7 640.7 590.5 595.5 637.4 649.1 617.5 585.4 558.6 542.8 526.9 499.2 492.2 487.6 482.6 476.1 493.4 515.9 504.3 466.8 482.8 539.5 526.7 498.5 483.0 555.8 658.4 657.5 656.2 650.0 635.6 604.1 588.3 624.0
524.3 529.6 525.1 530.4 551.6 563.3 583.0 669.8 715.0 791.6 922.6 969.4 987.4 1044.9 1079.5 1212.7 1378.5 1433.1 1309.3 1102.5 869.2 735.6 683.1 738.6 898.5 992.7 1061.5 1145.6 1125.7 977.4 871.3 834.3 846.4 849.9 843.1 754.9 719.8 815.8 966.3 1075.6 1158.6 1071.4 904.1 734.1 627.4 618.4 653.3 636.4 610.1 575.7 549.3 529.6 514.1 492.7 480.6 471.9 463.0 458.2 471.1 482.3 498.2 480.5 449.9 488.8 472.0 451.9 435.1 470.9 508.0 489.5 476.0 476.4 479.3 454.6 455.8 451.7
543.5 524.6 525.3 527.7 540.6 552.3 575.0 646.3 762.4 896.3 1097.0 1222.9 1260.7 1327.6 1237.3 1271.8 1427.0 1421.1 1287.8 1095.6 880.9 746.5 679.7 722.3 854.9 857.1 926.6 1067.4 1087.9 939.4 921.5 992.6 974.4 872.5 791.8 770.0 755.1 863.3 1045.2 1179.6 1243.6 1183.9 1025.5 855.6 747.5 706.5 659.7 660.6 616.1 575.5 547.0 526.6 504.5 487.1 477.3 477.9 469.5 465.6 455.4 457.5 482.4 469.2 431.8 430.7 432.9 430.0 424.5 434.5 451.3 437.8 449.4 505.5 538.7 550.4 558.8 520.1
547.4 529.6 530.6 536.1 547.3 561.5 577.7 614.0 730.0 860.0 988.7 1117.3 1264.9 1395.5 1345.5 1417.9 1427.5 1312.7 1149.2 994.0 834.5 723.5 666.5 693.3 779.0 808.7 868.3 1010.6 1092.0 1021.5 1056.4 1079.4 971.1 847.5 814.7 836.3 809.1 836.6 976.0 1114.4 1204.5 1249.1 1155.2 1000.1 891.5 784.9 720.6 707.4 642.1 588.5 566.1 533.6 505.7 490.2 485.2 490.6 481.9 469.9 460.2 444.3 455.2 438.1 432.7 444.2 472.5 481.4 451.2 464.3 500.6 516.1 500.4 582.4 688.7 757.8 766.2 658.3
565.9 539.6 538.8 542.4 552.0 566.3 586.9 613.6 680.0 756.7 913.4 1088.7 1264.9 1419.0 1450.4 1501.2 1428.4 1253.5 1084.8 914.9 763.3 695.6 655.6 681.6 781.8 887.5 993.4 1094.5 1114.0 1087.8 1062.9 986.9 932.6 921.4 838.8 806.3 818.2 877.2 977.3 1070.5 1175.6 1262.2 1259.4 1150.5 1040.8 919.4 869.7 786.1 700.0 627.1 584.5 550.0 520.5 505.0 510.3 510.9 494.1 491.7 476.1 451.7 441.6 426.5 452.3 491.1 528.9 555.6 505.7 504.8 541.4 549.0 547.9 669.1 811.2 892.9 887.6 778.1
584.6 558.0 546.1 547.3 549.2 560.8 576.2 611.6 717.2 826.3 964.9 1123.4 1252.7 1347.5 1412.9 1445.0 1372.0 1230.8 1041.9 848.6 736.5 688.1 648.1 672.5 785.9 955.1 1087.7 1123.6 1021.0 964.5 963.7 822.9 866.2 967.7 825.9 703.6 766.1 883.5 1012.1 1096.8 1110.8 1190.8 1223.9 1221.4 1222.2 1118.5 1026.5 869.6 721.2 647.3 606.2 570.7 540.7 523.8 514.5 507.2 501.5 513.0 487.8 465.4 439.6 442.0 489.1 551.7 598.3 622.0 569.9 546.6 582.2 591.7 583.1 742.9 866.4 898.5 830.6 723.0
613.9 567.2 555.6 555.0 551.3 559.1 572.4 607.9 737.5 845.5 946.2 1059.7 1148.6 1243.7 1316.8 1383.5 1337.9 1214.2 1043.8 873.1 751.9 703.7 662.3 653.9 765.1 917.6 1042.8 1024.4 886.5 759.5 767.0 704.1 733.9 858.6 840.0 688.6 697.0 852.2 927.1 980.6 970.0 1068.7 1139.7 1132.9 1178.6 1239.7 1175.7 1004.7 825.5 726.7 664.4 610.7 558.4 519.9 517.2 504.2 492.4 511.2 478.2 455.5 438.8 449.6 512.2 581.8 641.1 668.7 642.6 615.0 644.1 652.7 602.1 739.3 844.2 846.2 784.0 697.5
619.8 583.8 569.6 564.2 563.5 566.1 583.8 616.2 708.1 789.6 876.2 946.7 1004.5 1116.5 1229.6 1293.7 1219.9 1136.6 1042.0 939.5 799.0 712.1 662.3 641.8 727.9 877.7 919.8 827.9 748.1 672.9 690.7 650.6 628.1 745.8 835.4 705.2 642.6 778.3 759.7 833.0 811.8 877.9 999.5 1017.6 977.7 1100.2 1204.9 1155.0 1017.4 858.5 736.5 647.3 577.5 525.8 505.4 507.6 482.3 478.0 456.7 445.0 442.7 448.9 491.5 553.6 617.5 659.8 677.5 653.4 638.6 655.6 668.8 731.0 817.6 846.3 786.8 781.4
626.5 599.7 580.6 581.4 568.9 563.1 574.0 608.2 724.5 793.3 774.6 830.9 921.6 1043.6 1162.1 1195.8 1071.5 1054.3 993.4 906.6 796.9 705.2 660.0 635.4 675.2 735.5 752.0 694.8 710.2 738.9 780.5 701.8 612.0 649.3 727.3 653.9 598.6 630.2 625.5 726.5 726.4 716.2 787.9 861.2 814.6 892.9 1032.2 1058.1 1065.5 906.5 755.3 644.2 577.5 527.1 491.5 484.0 465.2 453.1 457.3 473.5 465.3 453.6 502.7 535.4 558.7 601.5 628.4 630.3 643.1 666.8 687.1 723.3 801.0 863.0 829.1 831.7
611.8 585.8 585.0 573.4 556.3 550.9 559.1 598.3 707.4 681.0 690.1 790.2 885.9 1021.6 1111.1 1080.6 964.7 986.6 918.2 798.5 728.7 707.1 684.8 668.7 656.5 658.5 710.9 761.7 864.5 899.0 888.7 828.0 691.6 611.1 617.1 615.3 603.2 588.7 584.4 609.4 628.4 610.8 634.3 661.1 660.4 700.1 745.2 764.0 820.7 803.5 680.5 580.3 525.4 495.2 473.6 462.5 457.2 458.1 474.8 507.7 475.7 466.6 526.3 582.4 584.2 599.9 621.0 624.4 642.5 655.2 668.2 717.7 803.5 853.5 851.7 838.4
614.6 571.2 577.4 564.5 554.1 542.0 551.1 572.6 615.8 635.7 717.9 810.6 890.4 945.1 996.6 966.6 890.7 884.1 830.2 724.9 682.0 685.4 671.2 654.5 643.8 723.5 816.3 828.9 869.1 931.6 958.8 900.1 792.3 674.9 635.1 726.0 711.5 651.3 624.6 600.5 640.4 645.2 642.2 665.2 654.5 666.0 644.3 659.9 658.7 623.9 559.1 532.9 501.5 493.4 481.7 475.9 484.2 475.3 498.5 519.2 472.4 484.7 543.8 596.7 626.3 643.8 685.0 706.2 708.7 699.3 696.6 738.4 811.0 801.0 834.2 872.3
622.6 562.1 570.0 551.4 540.7 542.0 551.0 567.8 616.8 730.5 841.5 865.4 830.3 885.5 1014.9 1004.1 899.3 837.3 779.8 716.1 668.0 659.1 658.1 662.5 638.0 685.8 751.5 778.4 847.7 934.9 1049.8 1045.7 939.9 737.8 717.1 848.0 856.6 725.7 687.9 658.0 713.9 794.2 856.7 864.7 755.2 678.4 632.5 744.9 877.2 777.2 679.3 592.6 557.5 549.6 532.1 525.7 505.7 495.9 531.6 518.3 476.6 483.3 520.3 565.5 616.2 653.5 686.2 727.3 720.8 701.0 706.8 750.0 757.4 750.0 837.7 919.5
597.9 551.5 563.4 547.3 533.3 535.7 543.4 559.0 597.1 688.7 735.9 751.7 894.3 1042.9 1141.1 1100.7 969.9 869.4 828.9 753.1 680.2 658.2 676.7 669.9 659.9 681.6 760.1 832.5 902.8 957.4 1097.1 1175.4 1030.9 801.1 830.2 993.5 984.5 837.3 812.1 809.9 883.6 981.9 1029.6 921.6 719.7 706.1 737.8 898.6 1123.0 1097.1 914.5 717.0 650.6 621.9 580.2 533.0 503.6 516.5 556.2 540.4 497.4 479.4 517.2 560.9 607.0 639.4 642.2 664.1 658.1 679.5 703.2 745.0 702.6 750.0 858.8 929.6
562.8 549.1 535.5 540.0 524.7 529.3 539.6 555.2 577.0 613.5 701.9 845.5 1005.5 1104.0 1161.9 1127.0 1024.5 956.0 901.4 801.0 712.7 692.0 684.9 722.3 725.8 699.0 807.0 963.3 1022.2 1061.0 1148.4 1221.4 1075.4 892.8 963.8 1127.2 1120.1 981.4 987.1 948.8 919.5 956.8 950.4 786.8 658.0 743.0 908.1 1070.3 1289.5 1269.6 1050.2 825.5 711.2 651.9 580.2 530.2 515.2 549.7 581.8 550.5 504.7 485.4 500.5 533.9 561.2 588.8 610.9 653.0 679.2 706.7 742.5 711.5 656.8 726.4 843.7 944.0
635.4 649.9 575.3 526.7 517.6 527.4 535.1 553.9 568.4 616.4 707.9 856.1 966.0 1027.4 1056.1 1076.0 1072.9 1009.1 944.4 844.5 743.8 703.2 695.5 771.9 801.6 763.4 816.3 981.2 971.5 1015.5 1114.3 1201.7 1187.5 1046.7 1115.6 1233.8 1156.9 976.3 972.8 917.5 843.9 770.9 749.8 674.2 641.9 803.4 952.6 1126.3 1249.5 1194.6 1033.9 829.5 718.9 645.0 565.0 531.1 541.8 574.6 571.8 537.2 497.5 510.5 508.4 533.1 550.4 560.4 599.1 642.0 684.9 741.4 769.7 725.0 683.4 640.8 750.0 858.3
670.4 670.2 600.8 547.2 516.9 515.5 528.3 540.9 563.5 612.6 715.2 834.4 853.9 886.4 932.2 987.9 1002.9 951.5 874.9 809.6 737.5 715.9 785.8 776.6 795.8 792.0 790.0 885.4 908.0 931.5 1032.8 1163.4 1239.8 1233.0 1290.5 1270.2 1115.6 919.9 827.8 774.2 728.3 656.6 662.1 683.0 663.8 828.2 959.9 1094.5 1162.0 1082.0 928.2 776.7 658.7 598.8 563.0 548.4 560.2 548.2 536.9 512.4 512.1 542.8 539.3 556.4 582.0 565.8 596.9 640.3 713.5 774.2 791.0 752.8 704.2 707.5 636.5 698.4
615.7 669.8 660.8 582.6 521.3 512.8 528.6 546.2 567.6 605.4 672.9 741.7 802.4 832.8 882.6 964.3 972.8 927.8 878.1 804.4 737.9 724.1 758.7 773.8 781.5 826.2 829.1 936.1 994.6 1038.8 1079.5 1168.8 1283.9 1335.8 1326.0 1229.9 1038.8 855.6 730.7 676.8 752.4 760.8 755.9 776.5 709.4 815.6 963.4 1106.5 1184.5 1072.8 894.0 741.3 625.0 585.2 577.2 576.9 543.8 530.3 525.1 523.1 543.4 580.0 592.7 596.6 613.3 615.5 634.4 668.5 725.3 741.8 763.6 758.5 729.5 745.9 669.1 612.9
573.4 611.9 666.2 596.6 512.5 514.7 525.1 536.8 564.8 646.8 756.1 783.5 783.6 823.7 858.8 956.7 1035.0 949.1 846.0 783.0 737.3 778.9 785.7 858.5 820.6 828.2 834.6 927.9 1042.5 1114.7 1184.9 1241.3 1292.1 1279.5 1170.0 1047.8 923.5 794.7 754.6 676.3 778.5 934.5 884.2 808.4 738.6 829.0 983.6 1174.0 1181.5 1033.6 838.5 718.1 625.8 596.9 575.6 565.5 542.1 541.8 549.9 533.7 557.6 594.6 632.4 652.4 668.2 661.1 658.6 649.0 691.4 722.8 748.9 759.2 703.8 744.5 775.3 746.4
564.8 540.7 590.6 582.0 507.1 508.6 514.9 528.3 551.4 612.7 643.6 701.1 748.3 869.6 918.0 997.1 1093.2 1057.6 868.6 783.4 771.3 825.7 876.1 926.2 906.3 861.8 817.1 891.5 961.7 1032.3 1120.6 1226.1 1276.4 1213.6 1093.2 1006.1 939.2 908.4 890.2 729.6 758.1 893.7 884.6 800.7 807.6 942.4 1074.1 1201.9 1148.6 942.5 781.5 693.7 633.4 591.1 568.5 566.1 557.4 558.1 569.1 560.8 582.5 628.8 689.0 715.9 685.4 643.8 625.3 643.6 699.7 764.5 786.5 737.4 680.8 680.5 769.2 833.9
581.3 525.8 480.5 478.7 490.8 520.4 529.3 547.2 584.3 681.6 746.7 825.2 901.3 959.6 1001.3 1008.3 1087.1 1073.7 900.9 896.0 886.7 857.3 940.3 1011.4 1054.5 1000.2 849.1 857.7 916.1 993.4 1059.6 1184.2 1281.3 1328.7 1272.1 1222.5 1114.3 1004.3 913.4 746.5 753.9 853.1 916.2 936.1 962.3 1019.7 1104.6 1147.3 1107.9 912.0 788.5 700.8 641.2 600.6 581.3 568.3 577.5 576.8 591.7 597.3 613.9 664.5 722.9 712.0 655.3 600.7 605.2 654.7 709.3 781.3 798.0 714.3 645.2 628.0 636.5 695.3
