data/case_study_destine/merger_hmc_by_domain/geo/TevereBasin.dem.txt
ncols   371
nrows   426
xllcorner    11.6050
yllcorner    41.6777
cellsize    0.005011
NODATA_value -9999
[rows 170 to 203 of 426, columns 152 to 227 of 371]
229.0 224.1 220.0 218.9 194.3 181.3 268.8 309.0 347.2 326.7 332.5 352.6 330.1 354.6 381.0 381.5 383.3 410.0 422.6 462.8 472.7 499.4 448.6 499.4 470.6 489.3 587.9 613.3 589.6 605.9 555.6 517.8 525.3 504.1 431.9 415.7 358.3 334.1 316.7 302.0 282.2 259.4 229.1 233.0 224.6 222.3 255.7 258.2 257.4 247.9 215.6 214.1 250.3 255.8 236.4 234.4 259.5 274.1 281.1 284.2 286.7 289.6 290.2 279.6 268.9 266.9 268.8 272.2 278.6 295.2 334.3 379.6 419.1 461.3 515.3 602.0
227.9 221.2 219.9 199.5 170.1 194.3 259.6 310.2 329.2 307.1 332.2 301.4 305.1 326.9 352.9 432.9 442.1 447.1 387.4 404.6 417.5 441.7 391.7 423.3 465.7 502.5 529.9 628.1 625.3 585.8 570.9 562.4 561.3 506.3 446.2 390.6 355.0 321.6 299.7 284.1 245.0 237.1 257.3 281.4 232.5 225.7 258.3 260.6 261.4 260.9 254.8 222.5 214.2 223.4 231.1 259.1 274.2 276.5 278.4 280.0 282.3 287.3 271.4 257.0 271.4 289.9 304.8 306.9 310.3 302.6 318.9 340.1 365.5 399.7 437.0 458.8
228.0 221.9 216.2 171.7 192.2 222.7 256.2 299.7 304.6 303.9 295.5 300.2 330.5 376.6 410.8 438.2 465.5 457.1 387.1 363.1 393.9 378.2 410.9 440.2 463.8 439.0 477.0 567.5 654.2 643.9 635.5 592.2 529.2 497.1 488.6 454.5 394.5 340.8 322.4 289.5 242.9 269.6 308.9 276.8 229.7 228.6 269.1 264.9 265.2 263.2 263.9 260.1 233.0 214.6 235.1 264.6 270.2 271.8 271.9 273.3 261.7 253.3 251.9 270.6 295.0 297.1 298.3 304.9 316.1 330.4 347.3 388.3 437.9 492.8 536.3 600.3
226.8 220.0 215.5 171.2 197.1 223.6 268.9 288.6 288.6 284.1 270.4 310.2 329.1 364.8 417.2 369.3 401.5 396.7 357.6 380.1 379.9 340.8 424.3 402.4 386.0 402.1 444.7 495.2 562.9 673.6 704.1 619.6 545.8 496.7 466.7 435.9 406.4 384.6 361.4 311.1 247.6 294.9 316.4 278.6 241.6 212.9 257.8 272.4 265.4 265.3 263.5 264.2 265.0 247.6 218.4 227.7 255.3 244.7 227.9 232.8 239.5 258.2 275.9 288.9 291.6 289.6 292.5 294.8 306.1 318.8 344.7 378.6 427.2 508.5 601.6 679.9
223.0 219.0 217.9 192.4 174.2 230.9 259.9 251.8 254.2 253.0 273.0 304.4 326.7 388.6 411.5 338.5 312.6 347.6 403.0 403.1 336.6 316.5 371.0 371.0 355.3 405.7 411.8 447.6 500.5 592.6 705.8 688.1 632.7 577.1 507.5 488.4 439.9 408.2 339.3 309.1 257.4 319.4 336.5 274.6 252.3 210.5 238.5 268.4 268.1 262.3 238.6 236.0 243.8 265.1 257.8 229.3 226.1 227.5 244.3 262.8 272.2 283.7 286.8 286.3 286.1 286.0 289.1 287.3 293.1 305.8 330.3 372.7 446.0 512.4 581.5 615.2
219.6 217.3 217.1 209.3 170.4 222.1 221.3 200.7 201.7 202.9 209.4 226.4 272.6 321.9 337.7 314.6 321.1 364.3 377.1 339.4 325.0 312.6 324.4 344.8 340.6 369.6 388.2 408.1 446.1 510.9 590.9 714.7 719.2 643.9 562.3 492.9 460.9 440.5 394.3 351.0 260.9 325.1 367.1 301.7 275.7 238.3 215.0 248.7 224.9 215.8 232.3 237.2 217.2 232.2 262.4 266.8 268.2 270.6 273.6 274.7 277.4 281.9 283.0 282.6 282.1 283.2 284.8 282.4 284.4 293.5 309.3 330.3 357.8 401.1 439.2 503.8
218.4 216.3 216.1 189.4 170.3 186.9 186.5 215.7 239.5 252.0 233.9 221.5 211.9 223.2 254.3 265.4 282.1 246.8 245.7 244.0 247.7 256.3 250.8 258.6 293.2 324.6 362.2 364.3 412.4 443.9 512.4 579.1 679.1 679.0 627.3 567.6 524.9 480.8 464.7 396.9 292.3 305.5 371.0 387.0 344.4 290.0 229.9 221.5 231.4 261.2 287.0 272.8 253.8 222.0 220.0 246.5 265.0 269.0 272.6 274.5 276.2 278.5 279.5 279.3 278.3 279.6 280.2 279.0 277.4 283.0 293.9 310.3 330.5 356.9 397.1 459.2
217.0 215.5 215.8 177.9 190.4 218.3 232.4 266.4 288.7 328.9 304.2 281.2 261.7 233.5 221.0 230.9 259.1 321.9 364.2 347.0 285.0 313.8 316.6 306.3 278.1 260.9 278.5 303.8 364.7 401.5 428.4 488.3 598.3 651.8 688.3 666.7 585.9 527.8 492.8 410.5 288.9 300.2 363.7 408.3 402.6 333.3 288.2 268.0 276.0 286.8 283.7 293.3 296.5 268.2 238.4 216.7 225.7 251.2 266.0 268.0 270.6 272.1 273.2 274.8 275.1 275.5 276.0 275.7 275.2 278.3 277.9 270.0 286.2 309.5 347.2 410.7
215.5 214.5 210.7 171.5 224.2 287.1 283.1 301.0 315.5 316.9 344.6 328.2 311.5 350.0 304.5 270.7 351.9 428.2 466.0 449.1 342.7 400.6 451.6 429.5 438.4 374.2 358.2 272.6 290.8 333.4 377.6 408.4 457.0 533.8 591.1 604.2 618.1 563.3 515.6 422.1 312.2 379.8 353.7 388.0 424.4 382.1 324.9 297.6 311.7 312.2 293.6 309.5 340.9 311.7 278.7 258.2 233.0 216.5 225.5 244.4 258.2 265.1 267.0 268.4 270.1 270.2 271.8 274.4 266.0 257.2 250.1 267.0 291.7 301.0 316.6 349.4
199.3 177.5 169.9 172.7 227.5 261.4 290.9 319.0 332.0 350.0 379.0 353.1 364.8 426.0 414.5 277.3 369.7 430.1 471.3 490.3 378.0 399.6 477.2 505.9 515.5 455.8 479.5 412.6 350.3 292.7 294.7 333.1 378.8 434.7 464.2 520.4 542.1 536.7 498.7 454.0 361.8 329.3 364.2 375.2 397.3 418.7 398.6 359.9 336.2 309.3 300.6 308.2 349.8 357.8 327.3 292.3 273.4 257.4 236.7 223.3 218.7 223.1 233.5 246.9 256.3 264.2 267.3 251.2 234.5 238.3 264.3 292.5 303.9 324.0 384.1 478.4
164.9 172.7 196.9 211.1 229.9 241.4 257.8 280.2 308.8 323.1 351.6 389.4 419.8 471.3 412.5 284.2 373.8 444.4 499.8 515.5 430.7 353.5 417.2 492.7 536.5 528.1 511.9 493.9 465.3 385.9 351.3 282.1 333.0 373.5 424.0 442.8 469.8 467.2 450.6 465.7 449.6 363.3 315.9 399.2 432.9 417.4 424.6 399.9 341.0 319.5 341.5 333.4 336.3 393.4 374.9 328.0 309.7 284.9 270.9 266.5 258.6 249.8 236.9 227.7 221.0 227.9 232.0 230.8 249.6 269.2 279.2 287.4 296.8 359.8 486.5 593.3
193.5 168.8 168.7 210.7 252.3 290.7 257.2 284.6 295.2 306.8 363.5 401.5 467.4 462.2 358.2 340.9 410.5 421.9 428.1 490.2 481.2 390.6 384.8 433.9 474.5 482.9 456.6 460.8 462.8 435.7 386.1 301.0 305.3 362.2 382.3 396.8 411.8 405.9 438.8 437.4 408.0 400.3 348.0 388.6 429.4 437.9 449.1 406.7 368.0 372.0 386.7 353.0 341.2 400.0 375.5 340.0 363.6 339.7 304.7 289.1 271.5 269.1 268.4 268.2 260.0 226.3 234.5 262.0 271.8 275.1 278.3 290.6 307.9 351.7 443.3 515.4
212.9 209.4 172.5 204.2 258.6 324.0 304.2 274.6 314.8 340.2 379.7 409.8 452.6 447.5 345.9 357.9 462.8 517.4 487.8 489.2 521.3 453.8 431.9 434.9 391.9 404.5 413.5 446.7 427.6 386.4 355.3 311.2 283.3 310.1 351.0 358.2 376.8 380.6 377.9 412.0 408.8 414.6 365.2 369.6 396.6 413.2 425.5 445.2 429.4 432.7 400.4 384.1 372.3 404.6 427.3 389.1 435.2 376.0 347.0 321.9 286.6 288.7 275.1 272.6 270.7 245.5 229.5 266.8 271.1 273.1 282.6 301.0 322.5 346.7 382.2 445.9
212.5 213.1 180.6 173.2 238.3 288.4 342.9 325.0 290.6 337.3 404.6 463.8 455.8 461.0 369.8 338.8 390.2 459.6 478.4 511.8 516.3 491.7 494.4 475.3 440.7 434.3 410.0 422.4 424.9 391.8 359.5 353.7 323.8 292.4 289.6 305.7 330.4 348.5 379.8 408.2 382.3 395.0 391.5 358.0 387.5 422.2 435.8 455.4 458.8 460.0 456.0 454.2 448.0 463.2 491.0 496.5 492.9 445.8 400.7 349.4 322.2 302.2 279.6 277.2 273.2 260.9 223.9 242.8 268.9 271.3 277.7 294.7 316.1 346.8 380.8 420.2
209.2 201.2 188.2 163.7 219.4 272.0 321.1 359.1 332.6 319.9 352.9 382.9 420.1 460.3 388.5 355.7 349.7 383.6 405.5 418.1 420.3 456.3 500.0 472.5 490.5 467.9 440.6 434.9 425.0 424.3 410.4 378.6 365.6 361.6 328.1 313.8 293.1 302.9 333.1 361.0 355.8 371.4 399.5 367.2 375.5 389.4 394.6 401.1 407.9 422.2 445.2 437.4 443.8 456.4 474.5 498.4 454.9 409.1 379.1 369.1 331.5 293.0 282.4 280.0 275.2 272.3 252.6 222.7 249.4 269.1 272.5 284.2 305.0 326.9 357.1 416.9
173.1 166.0 172.2 184.4 217.7 241.0 267.9 294.4 303.6 340.9 359.5 384.8 448.3 469.0 461.1 412.0 356.0 368.5 375.1 386.9 394.4 405.9 421.1 442.8 470.1 490.8 498.5 479.6 463.0 437.3 453.3 424.9 413.1 412.9 402.0 391.7 359.4 319.5 301.4 349.5 354.6 353.8 369.3 369.1 364.2 385.4 408.9 424.9 417.7 414.5 421.7 431.3 444.7 468.8 471.9 473.5 464.4 436.2 412.2 367.5 314.4 293.3 303.1 288.9 278.2 276.4 273.4 246.1 223.4 252.0 270.6 274.3 283.6 305.6 364.9 453.8
167.4 188.5 209.1 214.3 222.6 230.0 253.4 286.8 291.5 313.0 357.7 379.0 393.8 424.7 451.4 423.1 404.7 419.6 433.2 425.5 442.5 448.6 434.8 487.8 501.2 520.8 518.0 492.3 492.5 468.7 470.5 431.1 400.3 391.6 390.7 399.2 356.9 319.5 306.7 360.1 384.2 385.5 364.2 371.8 389.2 368.7 389.8 402.0 407.6 418.0 419.7 424.3 431.2 444.2 417.7 407.9 410.3 394.2 366.8 342.0 304.6 311.2 319.5 294.9 280.6 280.9 276.8 271.4 243.5 224.9 258.4 270.9 277.1 300.5 396.0 469.5
171.1 174.2 209.4 210.9 219.5 226.1 252.4 269.1 272.3 290.7 297.9 322.3 332.3 384.6 390.2 354.2 365.0 377.9 429.1 475.3 514.3 527.8 519.0 528.6 545.3 511.9 484.2 486.4 475.2 461.4 469.1 433.7 404.8 392.9 373.0 385.8 323.7 320.2 343.6 371.2 376.1 394.1 391.8 369.0 384.4 385.0 371.0 384.1 388.4 393.2 394.2 401.4 414.9 422.0 408.6 385.2 362.8 353.8 347.7 324.9 305.1 317.2 325.9 300.3 282.2 284.4 281.0 276.4 271.0 235.6 235.8 271.3 276.8 301.3 346.6 389.6
161.1 182.7 207.1 210.4 217.6 222.8 233.0 247.7 250.8 252.4 281.1 311.0 300.1 337.0 361.9 326.6 360.0 400.3 451.0 527.3 586.4 596.7 601.8 586.2 523.9 493.2 471.6 442.1 445.6 457.5 426.2 426.5 400.7 396.8 377.5 334.4 322.9 360.1 368.2 365.8 373.2 380.2 387.6 380.5 379.7 379.6 379.7 373.9 372.8 378.1 385.0 391.9 402.9 401.2 404.9 398.2 375.0 358.7 328.6 307.4 302.8 312.3 307.0 288.0 284.7 285.8 284.2 280.1 275.8 258.5 223.7 267.3 275.6 291.0 318.4 367.3
177.8 162.8 167.6 190.2 209.7 218.3 239.0 288.1 311.7 296.4 268.4 287.6 326.7 369.6 320.6 326.5 391.6 440.7 467.7 530.2 586.3 600.9 637.1 641.6 582.5 528.7 478.2 447.8 421.4 416.7 401.4 412.5 387.4 341.3 332.9 334.0 376.6 383.8 378.2 398.6 388.9 378.2 388.9 396.4 400.3 393.2 387.3 392.2 390.2 381.5 379.3 381.1 387.0 393.6 400.0 384.4 355.7 336.2 317.1 310.1 300.1 293.8 291.4 289.9 287.6 286.6 285.5 282.4 277.8 269.8 225.5 265.1 277.9 296.5 331.6 378.7
226.1 207.8 182.4 161.3 172.1 204.8 219.2 240.0 265.9 304.8 326.5 345.9 345.0 340.6 300.3 333.7 390.1 475.1 514.4 564.4 582.1 589.8 618.6 665.4 650.2 605.5 541.6 516.2 487.0 446.8 409.8 379.1 344.0 358.6 375.4 406.4 403.7 388.0 398.6 395.5 422.0 402.0 398.8 405.7 415.5 407.6 401.3 395.5 403.4 392.8 387.1 392.4 385.8 399.3 392.6 357.5 340.0 328.4 323.1 324.9 301.1 293.9 290.7 290.0 288.9 288.2 286.9 284.4 278.0 271.7 227.8 247.4 251.6 259.2 286.4 330.6
236.4 239.0 219.3 199.6 169.2 166.6 207.0 235.3 283.7 337.2 357.4 320.3 284.5 285.3 298.0 326.6 363.4 429.2 503.6 548.9 577.6 569.3 578.0 603.4 656.7 613.6 547.8 533.6 519.4 474.4 427.4 381.1 367.6 417.8 425.1 447.8 447.1 415.2 426.3 424.7 417.0 442.5 423.8 424.2 429.3 421.4 411.6 403.2 408.8 398.9 395.1 400.8 396.5 394.7 387.8 357.3 334.9 332.2 345.7 325.4 303.4 299.4 293.8 292.2 286.9 272.8 263.0 274.7 276.6 260.6 223.8 236.0 251.0 254.2 248.6 290.1
192.4 203.2 207.6 209.4 202.2 169.8 172.6 239.6 273.2 306.0 320.7 269.6 270.3 314.4 344.3 366.0 383.3 413.5 445.8 504.7 550.6 567.1 565.2 568.5 600.9 613.8 538.1 507.7 496.6 449.9 409.3 392.6 430.0 453.7 465.0 475.3 480.7 456.2 449.9 453.7 439.2 459.1 458.1 453.2 441.2 433.4 417.8 414.3 420.7 417.4 403.8 411.4 403.5 395.4 376.3 357.4 358.3 350.4 344.1 320.5 304.7 298.6 295.0 285.6 257.6 253.2 250.7 243.5 259.7 234.5 230.7 246.2 263.8 279.5 258.4 253.8
238.7 192.3 176.8 191.9 207.7 188.4 159.4 214.0 276.9 302.7 269.5 255.6 293.1 338.6 351.5 333.0 335.0 379.1 415.6 444.7 478.4 510.7 540.6 518.8 537.5 564.0 558.4 512.2 495.5 461.7 431.9 482.6 490.8 494.2 509.2 536.6 517.6 485.9 476.3 489.3 467.1 477.2 481.2 466.1 453.7 441.0 423.4 428.5 445.0 432.6 419.0 416.1 406.0 403.4 403.7 372.6 332.2 323.2 317.2 310.7 304.0 299.2 295.4 266.3 258.1 282.3 280.6 251.0 232.5 229.9 255.7 249.8 243.5 247.3 254.1 251.7
251.2 220.0 179.1 177.9 176.2 159.6 173.7 241.7 293.2 267.7 249.2 286.6 327.7 318.2 290.3 291.8 344.6 380.0 356.8 378.1 407.5 441.4 465.7 438.8 496.5 539.6 539.5 531.0 475.4 481.4 506.6 524.6 526.2 566.4 620.7 628.8 589.2 529.2 519.3 513.0 510.6 508.5 494.2 483.3 473.3 450.9 445.4 437.2 456.2 433.9 441.9 429.4 418.1 417.9 409.6 361.4 362.5 354.8 331.9 321.1 308.0 300.8 296.8 265.3 266.2 289.8 284.3 256.4 229.2 264.0 278.1 280.3 267.6 254.7 247.9 265.6
185.6 175.1 166.2 166.5 161.4 193.0 229.8 280.7 260.7 235.6 280.7 312.2 283.0 261.8 277.6 313.5 330.0 307.3 332.2 353.3 375.7 428.1 403.2 420.7 499.5 551.2 543.8 520.1 484.3 520.8 606.6 573.7 560.7 613.0 710.8 727.7 666.7 599.9 562.0 562.6 599.2 559.9 516.9 523.0 507.4 488.9 472.4 463.6 461.9 458.1 466.9 457.1 442.7 444.7 403.7 375.0 366.4 349.7 347.3 313.4 274.9 272.0 268.4 263.1 285.1 289.9 279.6 234.2 254.5 279.0 282.5 285.4 285.6 258.2 252.2 281.9
192.7 198.3 204.2 185.4 194.3 229.5 264.0 272.0 248.5 230.8 254.4 252.0 250.0 255.3 272.4 282.2 280.2 292.2 302.1 312.2 329.7 369.9 434.8 450.1 503.4 536.1 552.6 548.9 515.4 510.0 582.0 574.8 606.7 648.3 755.8 810.5 791.7 733.7 626.1 629.9 627.5 572.4 556.7 604.3 615.9 550.5 483.9 498.2 473.3 486.4 495.9 487.6 454.0 424.6 409.2 413.6 401.5 360.0 313.1 284.4 285.4 290.9 272.4 289.6 298.7 290.2 273.7 236.4 277.8 283.2 288.0 288.5 288.0 259.6 256.6 287.7
177.1 261.2 245.5 237.8 241.2 241.5 239.3 238.7 222.7 238.7 262.4 265.1 284.0 296.4 276.1 291.3 296.9 320.6 341.2 368.8 378.7 400.0 446.2 485.0 494.5 493.1 537.5 546.2 536.4 544.8 559.1 582.9 627.9 690.2 782.2 881.1 880.5 794.5 753.9 683.8 641.2 655.2 627.5 641.3 685.9 620.8 540.7 505.1 510.1 477.4 472.5 465.1 448.2 437.1 418.7 381.9 349.9 309.3 302.0 324.9 344.3 333.7 307.5 304.1 299.4 291.8 272.1 235.9 279.2 286.3 289.8 291.2 291.6 273.4 256.8 291.2
164.5 169.0 160.2 169.0 195.1 212.5 219.6 218.7 223.4 251.6 283.3 290.6 320.8 341.3 335.4 357.6 363.2 376.0 403.5 401.3 392.8 399.1 438.8 474.9 457.5 507.3 535.4 546.8 561.7 576.7 592.4 606.4 686.8 765.3 827.7 909.4 907.6 932.1 863.2 752.7 681.1 731.9 775.6 730.0 719.3 656.0 568.8 516.3 513.5 486.4 411.8 375.1 352.8 342.4 331.1 321.4 323.8 355.2 384.9 378.1 357.3 333.6 313.8 307.2 301.4 294.6 285.2 240.6 270.6 288.3 291.3 294.0 293.3 260.1 267.5 294.6
255.3 216.4 199.1 172.7 155.6 185.3 204.2 209.8 218.2 233.2 249.1 271.2 320.4 359.3 335.6 315.8 316.8 331.8 342.5 354.2 404.5 408.9 398.9 440.4 479.1 526.0 534.0 555.4 574.1 591.2 607.8 627.8 672.5 759.8 847.8 906.8 949.2 956.3 934.9 824.7 756.7 835.0 836.8 803.5 729.5 672.3 600.0 505.4 456.9 424.6 377.3 384.1 410.6 379.3 379.0 408.6 412.5 389.2 373.1 357.7 328.8 315.9 315.3 317.7 310.3 298.4 291.7 255.8 259.4 290.0 293.4 297.2 284.0 259.5 289.6 297.9
314.2 278.1 240.4 215.7 179.0 155.0 189.3 206.5 213.9 234.0 257.2 307.5 348.8 318.0 282.6 293.6 331.1 330.1 363.1 402.5 366.8 390.6 449.5 497.2 514.3 513.0 532.3 551.7 571.1 578.3 600.3 672.6 698.0 724.8 784.3 836.2 902.5 999.6 1028.5 982.1 870.2 861.9 765.9 725.1 738.1 669.1 617.8 525.0 448.4 404.8 443.7 466.1 442.3 426.0 418.7 402.5 408.9 391.3 363.9 336.5 323.6 334.9 351.0 348.1 323.8 305.6 300.1 270.8 252.7 291.9 296.2 301.0 285.5 266.1 297.5 301.8
286.7 261.4 233.6 212.0 201.9 165.7 173.0 200.5 216.1 239.7 278.7 307.3 323.8 279.4 276.2 339.2 351.9 366.7 397.0 379.9 334.5 383.9 414.7 477.5 520.5 501.2 514.4 530.6 538.8 544.3 583.6 659.2 731.1 752.6 799.3 853.9 918.0 1006.1 1081.1 1096.6 1018.5 942.5 778.6 661.0 646.0 580.5 517.2 473.7 450.8 508.0 491.2 432.0 450.6 397.1 385.5 365.5 372.7 367.6 341.9 330.2 346.8 388.8 360.5 339.8 344.6 323.6 305.1 282.9 246.7 290.9 298.7 302.3 294.3 265.6 273.1 303.9
317.6 267.6 232.4 209.7 188.9 158.3 162.0 170.0 188.1 251.2 297.6 274.2 284.4 258.5 281.6 313.4 289.5 315.8 355.3 318.1 327.9 364.7 393.6 451.0 507.0 505.9 491.2 504.7 507.2 518.5 545.2 616.6 673.5 690.9 755.1 805.7 850.2 933.6 1033.1 1073.8 1036.3 997.0 819.7 678.8 618.9 600.3 543.7 480.1 500.3 561.3 502.0 420.9 407.7 378.4 376.3 372.7 356.2 342.7 340.2 366.6 399.7 372.2 376.3 379.2 370.9 335.1 314.4 306.3 252.8 268.4 299.2 302.9 305.0 296.0 269.5 290.9
307.4 284.2 231.5 170.1 155.2 170.6 197.7 214.2 187.1 196.5 262.9 266.8 241.4 247.4 252.7 257.3 268.2 306.9 299.5 296.2 338.8 361.4 378.9 411.6 470.2 511.0 480.5 474.5 481.4 502.3 527.2 554.1 593.8 643.2 692.9 779.4 849.3 876.7 901.0 944.9 969.5 1003.5 872.4 739.7 654.3 596.5 536.6 513.0 549.2 552.9 485.7 428.5 403.0 410.4 419.6 406.3 382.8 348.7 355.7 418.3 428.0 405.1 435.0 383.5 345.5 347.5 350.0 320.3 288.7 254.3 285.3 303.6 306.6 310.2 285.3 290.6
