data/case_study_destine/merger_hmc_by_domain/geo/TevereBasin.dem.txt
ncols   371
nrows   426
xllcorner    11.6050
yllcorner    41.6777
cellsize    0.005011
NODATA_value -9999
[rows 102 to 135 of 426, columns 152 to 227 of 371]
282.9 276.2 351.6 407.8 429.7 429.3 496.3 581.5 551.6 576.2 588.0 586.2 611.5 673.6 684.4 713.1 709.0 689.3 709.3 693.5 668.5 710.5 716.6 679.1 685.0 729.8 790.7 766.9 714.3 683.4 700.6 732.7 699.1 635.5 578.8 566.8 593.1 576.5 538.0 499.8 470.9 457.1 443.0 437.3 430.2 424.3 435.8 472.7 485.8 477.3 476.2 489.6 474.4 471.8 481.6 495.1 514.2 535.1 549.3 628.3 706.1 718.9 629.5 564.4 525.8 474.7 414.7 463.2 493.2 518.8 506.9 499.2 520.4 514.3 512.9 524.2
262.7 284.4 330.8 363.7 432.1 491.4 538.8 516.7 510.6 576.6 522.1 541.3 586.8 649.3 611.2 648.1 627.4 625.7 673.4 698.1 743.9 784.7 846.8 805.4 784.9 799.3 808.3 759.7 693.2 637.3 624.9 632.9 643.3 616.8 607.6 566.5 550.6 547.7 481.3 458.1 460.6 479.4 515.7 513.4 508.1 474.6 429.3 434.5 481.6 466.3 462.1 477.1 458.2 467.2 476.2 477.9 474.1 491.5 548.3 591.9 638.7 626.6 661.6 596.6 530.8 486.3 412.2 451.5 469.9 473.1 476.2 485.5 492.6 497.7 510.0 507.0
276.0 323.6 348.6 374.6 427.1 485.8 513.8 456.6 487.3 517.1 482.0 541.6 567.9 561.4 520.2 531.9 539.9 571.5 606.0 650.0 702.4 795.8 863.6 880.1 880.7 837.6 762.9 717.7 681.5 676.3 657.3 601.7 596.6 573.6 535.3 520.5 492.5 478.9 486.3 554.6 535.4 517.7 544.5 576.7 623.5 593.3 511.6 429.7 452.4 467.9 454.5 446.7 436.2 459.5 463.5 461.4 462.9 467.2 480.9 512.5 531.1 578.0 656.8 593.3 533.9 488.4 408.1 449.1 461.5 464.3 474.5 478.9 473.1 477.8 485.9 490.7
293.5 318.7 354.2 391.8 446.6 524.3 486.5 367.1 377.6 394.8 412.0 426.1 465.7 531.1 537.5 587.5 641.9 689.6 621.0 632.7 671.0 724.0 807.1 862.8 853.3 846.5 818.3 753.5 716.7 694.5 684.1 607.9 543.5 510.7 507.8 516.2 507.9 521.9 539.4 598.6 578.3 540.6 563.1 621.9 603.6 572.3 555.5 503.5 447.5 422.8 437.2 403.2 398.1 407.9 449.8 452.9 463.1 458.4 459.0 466.0 499.9 574.1 621.6 619.3 538.6 482.8 404.4 409.3 413.1 414.3 423.2 459.0 456.8 465.5 472.9 483.8
253.2 289.9 330.0 371.1 429.4 482.7 368.7 396.2 522.8 561.3 580.9 599.2 578.4 631.0 656.9 669.2 710.9 743.1 735.3 672.5 681.3 730.7 779.2 771.5 781.9 825.1 817.9 741.2 681.3 638.3 615.4 610.0 638.1 648.8 606.4 592.2 564.8 598.0 599.2 616.4 599.0 573.6 597.8 675.2 653.8 667.9 628.6 577.0 512.5 463.4 456.5 488.9 462.1 401.5 403.9 449.6 459.8 463.2 451.4 448.5 462.6 513.1 553.6 593.9 580.3 512.5 405.3 401.8 453.0 455.5 423.3 420.9 421.1 425.5 433.3 449.6
250.0 272.7 319.8 357.2 411.0 415.3 336.1 448.8 487.1 564.3 568.6 613.1 637.6 683.1 649.1 670.7 664.8 696.3 731.6 732.4 739.9 715.1 701.7 680.0 698.6 717.8 750.8 774.9 740.2 712.8 663.3 666.6 715.9 749.0 679.2 667.1 616.4 635.3 683.2 646.6 649.7 625.4 663.2 652.7 646.2 618.5 571.5 581.5 565.3 580.2 602.5 625.4 564.3 508.5 427.5 388.9 437.0 456.6 450.6 434.2 436.7 460.1 498.4 523.1 549.2 515.4 407.3 415.1 462.1 471.8 482.9 473.2 466.4 458.4 442.2 428.6
265.4 250.9 297.2 335.4 383.5 333.8 343.2 456.2 511.1 500.8 555.1 557.6 627.4 640.8 596.4 644.3 606.1 634.1 681.8 728.0 711.3 657.1 647.8 627.9 614.4 639.1 689.4 749.6 775.0 752.9 749.0 751.5 764.2 749.9 749.1 714.7 703.8 715.2 704.6 718.4 700.5 687.8 651.0 572.2 565.0 521.5 497.4 548.2 531.9 560.5 564.3 631.2 643.5 621.1 528.1 396.9 402.2 438.6 460.9 433.6 428.7 435.3 449.2 462.2 449.5 402.9 416.1 488.0 512.4 494.9 502.3 507.9 497.2 491.4 477.1 434.6
360.0 248.1 275.8 299.8 291.9 284.4 378.5 434.9 445.8 505.0 485.6 542.8 600.1 558.2 590.0 575.4 621.6 697.0 701.7 710.5 699.7 662.0 590.7 576.2 599.6 681.3 757.6 722.8 684.9 739.7 835.3 803.9 743.7 688.8 690.4 706.0 687.6 675.1 695.4 667.7 689.8 666.4 612.8 577.6 569.3 544.8 497.8 459.8 432.2 482.9 576.7 586.5 589.7 603.3 562.4 490.4 396.7 411.6 457.2 445.5 408.3 398.7 396.1 387.3 395.7 468.5 502.8 536.6 567.5 548.2 537.5 540.5 536.3 519.3 491.5 441.7
349.7 257.6 244.0 261.7 256.3 303.9 347.9 376.5 432.0 453.8 480.6 546.8 547.3 515.7 541.2 544.6 660.1 647.1 625.1 664.6 598.6 595.9 534.5 593.8 635.7 648.5 634.2 611.8 679.6 770.2 805.4 781.2 731.8 661.2 617.2 633.7 659.8 721.3 695.3 612.0 667.2 665.6 612.8 611.8 578.4 538.3 461.0 384.1 370.9 492.8 538.7 507.7 472.5 507.0 558.7 538.5 423.7 410.0 445.4 396.1 379.1 390.8 401.9 456.1 478.1 506.4 557.3 588.4 607.3 636.2 627.8 610.4 569.5 533.3 504.3 451.2
340.4 278.6 249.4 244.7 250.2 296.0 312.6 353.8 372.2 430.2 483.6 502.6 494.9 471.6 512.2 599.2 612.4 588.5 591.3 658.8 583.4 494.7 566.6 664.5 630.7 586.5 573.3 604.8 709.1 749.7 710.7 694.8 715.9 644.4 607.3 657.9 692.0 703.6 630.0 569.5 642.3 616.4 569.4 556.2 506.3 402.3 345.6 391.7 369.6 429.9 470.2 375.5 372.8 375.9 486.9 546.2 462.8 388.3 404.0 374.8 405.4 446.5 487.6 520.5 549.8 559.1 569.8 619.8 686.8 708.4 720.1 712.0 614.6 553.6 515.3 456.6
265.0 257.9 296.0 254.9 247.3 288.4 300.4 330.9 367.8 385.2 418.8 492.0 442.6 487.9 590.4 563.8 526.5 540.6 633.8 622.8 540.3 453.0 553.4 561.7 535.7 575.3 623.9 673.3 720.6 669.2 644.2 607.5 668.3 661.6 581.5 618.6 661.8 647.9 637.7 533.6 579.2 565.4 494.7 442.9 371.4 342.4 405.7 481.7 434.3 365.7 383.5 357.8 425.2 370.4 442.1 499.1 487.3 380.8 375.6 417.1 475.0 484.5 516.7 516.3 536.9 563.9 563.7 598.4 632.9 647.3 723.6 708.2 612.4 551.8 523.1 495.1
343.4 351.1 333.5 269.0 241.9 279.9 293.3 322.1 334.0 367.8 415.3 434.8 411.4 504.0 583.8 516.1 499.2 589.3 589.7 534.7 469.4 439.7 527.0 531.2 603.9 672.4 665.3 695.0 733.6 680.4 598.8 540.8 561.1 606.6 554.1 568.5 622.8 607.6 585.3 537.4 488.8 531.6 465.5 378.5 336.2 383.1 472.5 502.4 489.8 435.9 377.9 367.2 432.8 378.8 383.0 435.4 435.7 375.1 393.6 433.3 449.9 464.6 508.4 519.4 566.7 621.1 648.7 656.2 652.9 701.4 726.0 672.8 632.3 560.7 535.9 509.5
377.0 399.9 388.4 287.6 240.5 268.2 286.8 298.6 318.0 345.6 363.4 375.7 388.7 436.4 464.8 449.2 519.6 591.0 508.4 410.7 421.9 541.0 631.0 658.2 663.0 642.6 604.6 629.5 636.0 668.1 627.4 577.0 513.3 533.8 583.3 625.4 632.4 608.5 543.0 490.6 469.3 516.5 481.5 350.3 339.9 395.5 437.8 486.6 542.7 537.9 485.5 463.3 476.2 421.5 382.4 372.0 367.4 394.1 462.8 490.6 521.0 518.0 536.5 556.2 580.6 651.1 709.3 722.5 670.1 645.8 672.3 614.8 574.7 532.2 528.7 511.3
335.4 333.6 366.2 300.2 240.0 270.1 283.3 290.2 305.0 319.7 335.5 342.9 365.5 371.4 392.0 438.2 497.2 474.3 398.4 429.9 535.4 576.8 618.3 627.1 606.9 612.7 532.9 540.4 585.6 623.0 547.6 506.0 508.8 551.9 606.7 688.0 714.3 708.5 622.1 583.1 496.3 437.6 476.3 383.9 331.4 408.4 491.5 537.2 548.5 561.1 555.8 531.0 486.0 439.7 467.5 437.6 371.0 429.2 482.4 500.9 527.4 517.3 548.1 589.0 605.8 660.5 719.1 666.4 588.4 569.2 635.9 594.5 534.8 516.7 521.7 515.9
443.5 336.5 301.3 285.2 240.2 248.8 277.7 283.3 301.3 311.6 320.1 336.7 353.0 403.0 420.9 402.6 420.3 354.6 448.1 562.6 561.5 577.3 552.2 557.1 508.5 576.7 495.5 526.2 545.2 554.8 476.0 455.5 521.8 589.4 640.1 729.1 738.3 714.4 666.1 583.0 523.2 464.8 414.0 364.5 334.1 439.2 518.4 545.9 498.1 556.2 568.1 529.9 488.2 486.9 483.3 468.0 392.3 390.2 449.9 473.8 496.2 526.2 550.0 552.0 597.1 643.8 653.9 607.1 559.8 481.2 492.2 508.7 530.1 537.7 517.5 518.0
598.1 427.2 344.5 331.1 254.5 237.3 253.2 280.7 292.3 304.3 317.8 334.4 378.2 377.3 377.5 398.6 340.1 373.7 486.6 508.2 508.9 563.4 492.3 512.6 448.1 483.5 416.4 427.0 416.6 417.5 484.2 585.4 588.0 594.1 672.0 734.6 689.7 670.1 690.8 630.0 580.9 512.9 373.5 330.5 370.4 431.6 438.6 492.5 528.0 534.2 579.1 560.0 543.3 515.8 506.9 467.9 420.2 381.7 400.4 453.8 500.4 526.3 480.2 518.8 575.9 568.5 507.8 461.3 471.8 514.5 571.0 571.3 571.7 619.6 577.9 541.3
514.9 478.9 357.2 316.2 270.7 244.8 236.7 253.9 285.5 295.9 321.4 342.0 366.0 344.0 363.8 337.5 310.8 361.4 398.2 431.6 492.2 512.5 395.1 368.4 379.5 396.5 432.7 476.6 514.6 550.4 549.6 607.1 658.2 667.4 650.4 677.9 655.1 600.5 654.3 631.1 536.5 454.1 388.0 337.3 347.9 479.3 482.4 532.8 608.3 608.1 624.5 637.7 594.6 550.8 493.7 459.2 457.3 448.6 396.7 390.3 406.6 412.0 415.4 439.1 442.8 428.5 450.2 522.0 598.9 649.6 696.3 676.6 599.1 644.0 649.9 579.9
412.2 403.3 349.1 375.7 380.7 307.0 251.3 235.3 270.9 279.3 301.2 329.4 348.4 331.1 315.9 295.0 338.2 386.0 386.2 392.7 404.4 362.3 354.8 459.7 556.9 581.9 619.6 635.3 589.2 624.1 639.2 649.6 657.8 629.1 594.1 615.3 563.0 583.6 667.1 676.8 607.6 527.2 510.6 442.4 327.2 420.1 485.5 520.2 599.4 664.8 688.2 638.6 627.4 555.0 508.4 497.1 493.1 478.8 460.9 436.6 472.9 479.5 510.1 594.1 621.7 491.1 473.9 578.3 623.8 655.5 696.8 700.7 654.4 684.5 660.4 585.2
411.6 475.2 488.6 429.9 405.4 339.2 279.7 236.1 260.7 275.5 291.6 291.0 276.8 275.6 288.4 328.0 381.8 394.3 368.1 341.1 316.5 372.3 486.1 574.3 595.4 592.5 569.7 603.5 599.6 585.8 589.4 643.8 630.0 566.4 543.2 532.0 599.8 656.4 692.2 636.0 566.6 566.6 564.3 479.3 339.9 325.2 387.6 464.7 547.0 614.2 590.4 558.3 604.8 601.6 569.8 525.4 496.7 473.0 451.2 456.3 501.4 541.6 579.1 646.3 666.5 546.8 470.6 563.9 604.5 637.0 661.3 711.3 722.3 699.8 650.5 617.9
449.5 439.3 469.6 433.5 394.3 367.9 378.3 251.8 248.9 272.9 274.9 254.4 276.0 332.7 386.5 451.3 405.6 359.1 317.3 300.0 333.0 410.0 495.8 504.1 514.4 500.3 500.3 527.6 508.3 551.0 613.0 600.8 536.5 494.9 523.6 589.8 617.1 644.4 688.3 627.0 566.9 493.0 441.9 385.0 329.2 316.5 369.2 445.9 507.2 477.6 501.6 581.0 633.7 663.0 593.1 536.2 496.8 479.8 464.3 475.9 493.9 537.7 591.0 642.4 603.2 490.7 502.3 572.7 662.4 695.6 684.0 672.4 713.9 749.0 695.0 635.1
546.3 507.3 472.8 442.5 437.3 473.8 449.9 327.1 239.0 248.2 248.1 253.1 330.0 355.5 381.8 399.2 386.9 343.6 287.4 314.9 346.9 387.7 412.6 431.3 447.5 426.3 461.2 481.8 553.0 622.3 606.6 525.1 461.4 498.0 529.7 577.4 642.0 670.6 655.9 559.5 532.2 526.4 450.1 353.0 323.6 414.7 456.7 442.3 454.0 531.2 613.0 662.6 665.6 612.2 582.5 548.8 534.3 498.0 501.8 523.4 521.3 556.6 602.6 561.2 495.4 545.0 627.6 592.7 593.7 613.2 635.2 670.8 725.3 781.8 757.4 670.7
650.0 548.4 465.9 458.0 460.0 498.4 496.3 437.1 333.8 233.9 233.4 268.3 298.4 314.5 346.7 369.7 349.8 301.3 324.5 355.9 370.5 365.4 368.7 389.8 388.1 443.5 508.1 560.6 576.7 523.8 523.4 453.7 463.8 518.0 567.9 646.7 662.5 603.2 645.6 607.0 502.3 431.5 403.2 335.0 331.0 457.1 532.5 566.2 539.2 579.8 572.8 575.3 546.4 510.1 536.9 560.6 572.2 572.7 566.8 553.2 588.1 603.1 558.4 501.2 589.4 679.9 745.4 743.8 725.4 666.8 699.5 710.1 735.5 784.6 731.0 661.1
678.1 536.6 445.5 404.0 381.9 379.4 390.3 397.7 359.1 243.7 230.4 270.3 282.8 287.6 295.5 315.5 310.7 268.4 321.5 366.0 355.4 345.6 361.8 364.0 381.6 416.6 458.2 491.1 533.1 492.2 422.5 461.8 551.7 618.5 651.7 683.0 656.9 565.2 539.5 527.7 496.2 437.3 371.4 314.5 334.3 425.5 492.5 544.5 499.7 499.5 464.4 470.0 471.8 541.8 547.4 598.0 623.0 667.9 644.3 646.7 607.4 559.6 532.8 566.6 649.8 721.1 738.9 742.1 723.1 739.7 740.0 716.6 699.7 749.2 742.2 672.0
628.5 581.4 517.6 443.4 446.6 448.7 397.8 358.4 317.1 252.9 232.1 267.9 272.6 277.6 282.3 285.5 260.0 262.9 310.4 320.0 339.8 371.7 383.4 378.5 381.4 390.2 412.9 416.1 425.2 399.1 421.7 478.9 512.8 556.2 623.6 694.6 698.6 616.0 537.9 472.9 427.9 411.7 434.9 402.8 379.2 325.1 340.0 435.7 434.4 420.0 427.5 483.3 518.1 630.8 638.4 629.8 714.9 754.0 716.7 657.6 591.8 607.5 556.9 555.4 594.9 637.8 645.9 645.2 665.0 714.8 692.0 659.4 694.7 707.9 694.4 634.7
558.0 634.0 627.3 520.1 434.3 398.0 361.5 344.8 319.9 261.1 229.5 262.8 269.4 273.7 277.9 256.7 245.6 281.6 306.6 353.7 359.1 358.8 370.0 399.5 370.1 377.1 374.4 369.7 370.3 395.3 459.9 523.3 569.4 611.5 616.6 645.6 661.3 624.5 577.3 578.4 505.7 531.2 506.1 482.9 467.8 365.1 300.4 373.7 416.9 451.8 455.1 503.1 563.8 658.3 680.2 668.3 708.3 772.4 727.4 677.9 679.6 660.6 597.3 557.0 566.0 588.5 597.8 625.5 648.4 674.6 645.5 656.6 698.1 706.1 681.5 668.8
526.6 567.1 596.5 561.6 446.6 397.1 417.0 377.5 328.3 310.7 232.0 245.1 261.8 267.5 253.1 238.1 243.5 284.9 324.6 346.6 326.7 366.7 398.9 394.3 364.8 381.0 365.2 355.3 360.1 385.9 444.3 497.8 534.3 563.0 545.0 601.9 593.7 607.4 637.2 614.7 607.6 607.8 565.7 536.7 432.6 301.5 339.9 448.0 517.7 541.4 529.9 549.6 561.8 565.9 586.7 668.7 754.9 745.3 756.4 769.3 790.9 700.9 623.4 592.0 636.6 654.2 635.1 641.5 643.4 666.3 636.6 620.2 670.9 667.6 674.2 669.7
520.1 577.7 602.3 535.6 523.4 486.1 405.3 361.3 402.0 404.8 296.8 230.5 226.2 234.3 226.4 245.5 262.3 278.5 302.9 312.8 331.7 354.8 383.1 374.2 377.6 371.4 346.1 347.1 351.6 369.1 397.4 416.4 445.3 482.0 534.2 561.5 526.3 582.8 598.7 529.4 499.7 542.7 525.6 460.1 378.1 298.4 386.9 467.1 521.0 530.0 524.1 493.7 486.8 528.6 590.3 653.6 689.3 700.7 702.7 754.7 729.2 653.2 640.0 683.8 764.2 744.4 683.0 675.7 675.4 667.1 644.1 606.0 632.7 622.3 598.8 583.4
497.5 543.1 598.7 600.4 581.4 498.7 425.1 431.4 463.0 432.6 361.3 307.7 245.4 222.7 225.1 256.1 268.1 275.3 286.4 327.0 321.5 345.0 359.6 358.7 349.4 346.1 360.0 380.0 377.1 365.5 392.3 455.3 479.1 448.7 474.4 467.6 497.9 564.0 607.1 535.3 413.3 468.3 480.8 379.7 303.7 307.9 401.8 475.3 489.7 441.5 440.3 460.4 475.5 487.7 548.6 563.5 610.2 638.7 631.1 718.4 738.1 663.6 726.9 782.4 844.8 809.3 734.8 706.6 648.7 631.7 618.3 596.9 585.1 574.2 573.6 581.0
601.1 605.8 618.0 562.8 518.7 514.3 543.8 494.7 435.5 384.0 357.8 305.5 303.4 303.3 251.2 226.2 231.4 263.0 272.4 293.0 324.8 332.2 340.8 326.8 323.7 348.3 380.0 390.4 362.7 368.5 412.1 469.1 458.8 403.9 420.1 447.8 513.5 589.0 610.2 524.1 399.7 377.2 411.2 316.4 282.2 308.5 380.2 396.7 390.3 445.9 509.0 561.6 585.7 558.5 527.7 557.6 598.2 624.1 665.1 725.8 784.4 723.9 707.9 769.7 836.1 821.8 777.1 718.0 680.5 685.9 643.8 614.8 600.7 596.9 605.5 589.2
589.3 660.9 635.7 532.3 523.1 550.5 517.5 437.4 385.5 371.7 348.3 343.2 368.9 429.5 397.0 318.3 229.5 233.1 263.7 280.6 317.7 349.5 326.9 311.9 315.8 343.4 360.1 367.9 355.8 398.2 460.1 464.5 423.6 387.5 393.9 404.6 493.5 564.5 550.4 468.6 408.1 329.3 298.1 282.5 306.5 309.8 312.3 341.0 415.2 489.2 537.7 573.6 631.9 630.6 616.7 670.4 711.8 722.4 709.4 689.4 727.9 779.1 722.0 758.1 833.2 872.9 856.7 789.4 702.0 674.4 667.3 689.9 656.2 644.1 609.8 640.8
635.7 669.7 621.9 534.4 468.8 507.4 495.2 454.7 450.0 450.3 439.1 407.8 417.3 420.1 386.7 331.2 257.3 219.6 236.7 262.0 290.7 318.5 308.1 301.9 321.3 328.0 340.7 329.1 357.5 417.8 464.9 444.1 378.8 347.7 349.1 413.1 478.5 448.8 391.9 380.5 351.5 285.2 357.4 385.6 406.0 462.9 399.5 324.3 375.3 452.3 500.3 506.5 585.3 638.2 650.2 659.8 615.4 597.3 603.0 613.1 663.3 749.3 789.8 786.1 847.1 887.5 806.8 739.8 731.4 780.2 788.7 821.6 717.4 649.4 632.9 633.7
561.7 590.4 576.5 487.9 449.5 503.3 457.6 428.8 454.8 472.7 430.7 394.0 380.8 361.1 335.0 297.7 249.2 218.9 245.3 273.2 288.7 293.5 294.9 309.6 329.3 316.9 315.6 323.7 336.0 367.2 409.2 422.3 350.0 291.7 281.6 299.5 310.9 301.2 275.4 280.2 295.5 333.3 451.4 522.1 501.8 517.0 480.8 394.6 359.9 366.8 386.3 426.5 481.8 511.8 537.6 535.5 537.0 622.4 669.8 660.4 682.8 743.5 809.3 850.5 810.2 803.5 773.3 726.1 819.9 869.2 883.3 823.7 700.3 685.1 687.0 622.8
473.4 490.1 508.0 470.0 414.0 472.2 412.4 380.0 379.1 441.7 442.0 375.7 341.1 322.3 293.7 253.7 216.9 251.3 292.6 272.0 278.4 287.0 307.5 318.1 306.9 303.9 313.2 321.8 324.9 332.2 325.1 322.2 285.2 257.9 299.7 352.4 367.3 359.7 330.1 365.4 397.2 454.3 524.4 567.2 598.4 564.2 514.2 429.5 454.8 504.5 462.5 413.5 443.9 502.7 505.3 496.3 535.3 586.1 612.8 665.7 708.9 784.0 861.6 851.7 825.2 790.8 751.8 774.1 831.4 907.3 842.0 759.6 782.8 785.1 711.2 628.9
416.2 419.3 441.8 440.8 400.8 459.8 460.5 396.7 338.3 359.7 385.3 357.6 312.7 271.5 222.0 208.7 243.6 332.0 341.1 311.1 292.8 288.1 291.9 294.4 309.4 334.0 350.5 356.4 343.2 313.9 296.6 292.9 262.3 261.2 305.0 345.1 410.6 475.2 489.7 460.0 488.1 510.5 562.9 624.6 660.5 613.2 533.6 515.4 497.4 607.0 560.2 495.7 559.5 649.8 628.9 591.2 579.4 621.6 654.9 671.3 751.6 805.6 763.8 780.0 862.6 842.4 782.2 805.3 840.2 828.1 819.5 798.1 842.6 773.3 658.9 616.9
