data/case_study_destine/merger_hmc_by_domain/geo/TevereBasin.dem.txt
ncols   371
nrows   426
xllcorner    11.6050
yllcorner    41.6777
cellsize    0.005011
NODATA_value -9999
[rows 136 to 169 of 426, columns 0 to 75 of 371]
466.7 475.1 457.3 457.7 437.7 437.4 461.2 489.9 505.1 511.6 495.5 482.5 483.4 477.3 484.4 498.4 511.4 519.2 521.6 526.8 547.5 549.8 569.2 602.6 623.4 643.3 664.3 637.9 581.6 535.2 512.1 482.2 451.3 441.6 433.7 428.7 424.4 415.6 414.1 413.2 410.9 405.6 408.8 421.0 427.4 422.8 413.3 406.6 404.6 397.3 389.2 382.9 381.5 380.8 380.1 377.3 374.0 370.3 364.1 358.9 360.7 375.1 403.7 395.6 396.1 416.9 426.5 429.6 461.7 461.2 451.1 453.2 450.7 443.6 443.5 437.5
446.4 473.0 477.5 463.5 443.9 449.8 470.1 507.2 535.5 542.6 524.0 514.6 507.4 501.3 510.0 510.1 530.7 551.8 544.9 545.4 550.8 562.7 573.2 596.1 605.6 613.4 621.3 619.7 587.2 550.6 533.6 491.1 452.8 443.6 450.4 430.8 433.0 433.9 430.8 425.5 432.0 425.0 422.6 429.9 436.3 430.6 426.5 418.8 412.9 403.1 399.7 390.2 385.2 380.9 380.4 379.4 377.5 373.7 370.6 365.9 355.8 361.8 378.3 404.3 403.2 419.3 414.7 422.5 445.1 459.2 470.2 466.5 454.9 448.7 447.1 441.3
456.2 478.5 491.8 479.6 466.8 471.4 459.4 487.0 508.9 525.3 525.2 520.9 514.1 504.5 511.6 525.9 544.3 565.8 561.4 564.6 567.2 562.5 572.1 583.8 588.2 589.1 573.1 557.1 536.4 507.8 500.4 475.6 452.2 471.2 490.3 461.2 469.2 477.5 476.1 461.3 461.5 444.8 428.9 426.2 426.5 420.1 415.6 415.0 412.6 406.3 410.6 403.2 391.4 383.4 379.9 379.2 378.5 377.2 374.7 371.1 366.1 354.0 365.3 386.1 397.5 419.3 403.0 402.7 421.8 444.4 458.7 464.4 456.3 444.0 442.8 439.2
467.5 476.3 492.8 481.5 476.8 473.6 450.7 453.3 470.6 492.7 508.5 509.2 500.8 505.7 508.8 517.3 535.6 549.1 550.6 557.0 563.6 567.9 574.5 584.0 582.0 578.9 577.8 558.5 529.7 495.5 480.1 464.6 465.1 475.7 510.3 509.7 535.2 532.5 508.1 490.7 468.5 449.4 434.2 426.8 427.8 424.4 413.6 410.4 405.8 402.4 403.7 406.5 403.6 389.9 382.9 379.2 379.1 378.2 376.9 373.9 370.2 362.1 360.9 376.2 397.9 407.7 395.6 397.0 407.6 415.5 433.9 455.0 459.1 449.3 445.1 439.8
452.3 453.9 476.1 485.6 461.2 461.7 446.5 440.5 459.4 475.5 481.6 488.9 491.2 502.3 515.0 527.6 536.8 553.1 562.8 574.6 595.3 594.0 600.0 600.1 576.3 560.6 560.1 558.6 538.4 503.1 479.5 470.0 485.1 482.2 509.1 570.8 563.3 551.5 518.0 489.5 480.5 460.9 448.1 440.9 439.3 426.5 416.7 417.6 415.6 407.3 399.5 395.4 396.5 390.3 383.7 382.1 381.5 379.0 377.5 375.1 371.5 365.0 361.1 369.9 383.6 392.8 404.4 399.7 397.2 409.9 428.2 459.4 463.2 454.7 442.9 434.7
437.5 451.8 460.7 480.5 447.7 436.2 431.9 435.7 446.4 454.8 466.8 481.4 495.8 503.2 513.7 527.6 538.7 554.3 580.6 586.6 597.8 607.3 612.4 608.1 597.2 576.5 576.5 595.0 569.0 529.3 492.6 484.5 506.0 509.2 527.0 575.8 578.6 560.6 532.4 516.6 497.8 484.3 470.7 454.6 434.7 426.5 435.8 435.4 428.0 420.5 412.2 398.6 392.0 389.9 388.5 387.7 385.9 381.6 378.7 376.1 371.8 366.1 357.5 366.8 387.0 398.5 417.2 416.2 410.7 423.2 446.5 462.7 465.1 455.0 442.4 437.9
429.7 435.2 462.0 449.6 437.4 422.7 434.4 433.5 445.5 470.7 488.0 499.9 498.2 510.1 520.2 531.2 540.6 548.3 565.3 574.0 591.3 612.9 605.1 607.7 607.6 614.5 613.9 632.9 619.0 557.3 511.7 502.1 519.6 547.4 583.4 613.0 602.3 577.2 557.3 544.2 526.4 502.3 483.7 462.2 441.7 439.8 436.0 432.7 417.7 410.0 405.4 406.9 408.7 400.7 394.8 389.5 386.1 381.1 379.0 376.6 372.7 368.8 354.0 357.9 379.7 401.2 411.2 416.7 423.5 436.1 463.2 471.1 464.7 462.1 446.7 438.2
436.0 417.3 430.2 424.1 424.3 432.2 439.6 440.1 456.6 496.1 523.8 529.8 525.6 529.5 535.9 547.0 550.1 548.4 555.5 566.4 587.3 604.6 595.7 604.9 608.9 615.6 627.7 645.2 660.9 602.7 550.7 549.7 552.5 589.4 648.1 645.6 595.7 557.5 550.0 540.5 515.3 487.8 470.8 469.1 458.5 440.8 427.2 414.3 407.6 409.0 415.2 420.8 416.8 413.3 399.5 394.6 385.5 380.5 379.3 377.4 373.4 366.4 349.3 349.4 365.5 390.0 408.8 420.4 428.1 437.0 456.4 448.0 464.6 471.0 458.9 446.0
419.4 411.9 423.4 432.4 433.2 436.0 452.3 455.8 471.8 498.9 531.4 561.6 560.5 562.2 566.1 562.0 549.1 541.0 559.1 562.7 576.7 583.2 574.9 590.3 609.0 623.7 640.1 640.3 651.4 623.1 603.1 605.1 608.9 622.7 628.6 605.8 562.1 530.9 525.6 505.4 494.0 500.1 511.9 498.3 477.4 447.8 429.4 430.0 425.1 414.5 422.9 432.3 423.1 412.1 405.6 401.1 385.8 379.9 378.8 377.5 372.9 366.7 350.3 353.1 367.2 390.0 403.8 423.6 433.0 432.1 422.6 415.0 451.4 466.6 466.1 453.5
418.0 420.3 432.3 445.8 454.3 455.1 467.8 476.9 481.2 467.4 494.9 543.4 584.1 592.4 581.6 565.2 536.7 525.4 556.8 535.3 559.9 567.1 543.5 579.1 620.3 621.6 623.6 610.1 609.9 620.8 622.0 625.9 636.1 649.5 648.7 612.9 576.3 576.8 541.7 522.6 533.7 549.8 545.8 525.7 495.3 471.1 448.5 443.9 439.6 439.3 430.7 426.9 420.6 411.1 414.8 407.0 393.8 382.5 378.8 377.2 372.9 367.7 353.3 363.9 378.9 398.3 417.7 423.3 417.9 413.0 402.0 409.2 429.7 449.8 473.4 458.9
441.4 447.9 459.0 457.1 462.0 457.3 471.4 481.2 480.3 458.3 470.7 495.5 536.8 570.2 586.0 560.8 534.2 508.6 518.4 501.7 517.4 521.0 520.7 567.0 570.1 574.6 621.4 608.7 589.0 599.9 611.9 622.8 639.8 666.8 702.0 668.5 637.0 628.6 596.5 575.6 579.0 580.1 562.9 536.6 512.0 487.1 469.4 459.0 454.2 440.9 435.1 429.1 424.1 423.1 418.6 409.9 395.8 383.5 379.1 376.7 373.1 369.2 357.0 365.0 380.8 395.1 413.3 418.2 398.3 394.9 395.4 400.7 424.2 454.8 474.4 469.6
482.0 483.2 485.9 469.5 449.2 456.2 471.8 480.3 462.7 447.0 449.4 462.1 478.5 509.7 535.2 519.0 526.5 536.0 505.4 474.8 478.6 483.9 509.4 555.4 556.1 551.1 599.8 639.5 623.1 596.5 611.3 628.5 646.3 673.2 707.1 684.6 649.0 630.9 625.2 609.0 595.8 579.3 565.6 543.2 520.4 494.1 472.4 458.0 448.9 438.3 430.9 424.2 418.8 425.3 427.5 423.7 408.6 391.1 379.7 377.7 374.6 371.5 366.3 353.8 373.7 388.0 408.9 406.4 387.6 385.5 389.7 395.3 417.5 449.7 461.7 456.9
513.6 509.0 485.6 460.1 439.1 456.7 465.2 464.7 459.7 443.3 434.6 456.2 457.1 456.6 475.5 479.7 503.3 513.2 488.8 466.1 487.3 502.7 533.0 578.1 577.5 582.1 609.2 630.0 649.6 631.6 616.7 617.6 632.5 649.5 673.4 692.4 669.8 685.0 693.3 666.5 616.8 589.4 573.0 548.1 529.4 506.7 481.0 467.6 452.1 437.5 428.1 419.3 411.5 416.3 426.7 420.8 407.7 399.2 390.9 383.1 377.5 373.1 369.7 359.0 357.3 377.7 402.1 396.2 379.5 373.7 365.2 373.4 387.2 402.9 426.1 422.9
523.9 496.8 465.6 442.5 430.4 435.0 444.0 456.3 454.5 444.5 434.2 438.4 435.6 435.9 448.3 456.2 474.1 472.3 466.4 478.2 517.7 560.3 585.2 603.6 597.0 619.1 663.6 666.8 660.1 655.3 638.4 655.5 651.7 649.2 665.9 695.5 709.6 759.4 768.0 738.1 668.0 626.7 587.4 585.0 556.1 516.7 493.3 488.9 468.7 441.3 426.1 424.7 424.5 406.6 406.7 402.4 397.3 392.3 390.7 389.5 382.2 377.6 372.6 366.9 352.2 364.2 388.2 398.6 374.5 360.4 351.7 350.7 358.4 369.0 393.7 396.0
521.7 484.7 458.7 438.2 426.2 433.2 446.2 451.5 432.9 434.3 424.0 423.4 427.0 434.1 445.3 453.9 455.1 447.2 464.8 500.6 548.2 595.3 629.4 634.3 616.2 627.7 649.8 681.4 705.5 716.2 700.7 683.1 695.2 697.4 704.6 721.9 740.1 771.5 799.9 773.1 724.1 659.2 611.3 586.0 552.5 522.0 508.8 496.7 471.7 443.0 424.7 433.2 432.9 423.6 416.0 411.6 403.4 394.3 389.6 386.2 386.7 382.0 376.8 371.1 360.9 352.6 374.8 380.3 362.7 346.2 343.4 342.3 345.0 352.0 373.6 382.1
501.5 466.1 443.8 428.5 418.3 431.4 449.2 455.9 430.5 421.5 425.8 436.0 439.5 442.1 447.7 448.8 440.4 440.7 455.6 491.1 530.9 571.9 614.1 648.1 630.7 577.6 596.0 641.8 684.4 731.5 760.0 734.7 728.6 728.5 721.8 720.5 720.0 738.5 762.2 763.1 728.1 656.4 604.7 560.8 527.1 505.1 498.2 474.5 461.2 438.5 432.7 431.3 424.9 422.2 419.2 412.6 402.0 393.2 387.8 385.3 384.6 382.6 378.9 374.0 369.8 362.1 365.4 363.0 357.7 355.1 352.4 348.5 344.7 347.8 365.9 385.7
515.5 464.7 439.1 419.6 410.1 426.7 451.6 451.1 429.4 416.0 416.1 430.5 450.9 449.6 438.6 433.4 431.6 436.8 451.3 466.0 490.1 529.1 564.8 603.6 597.1 538.8 539.8 582.9 633.2 686.3 733.8 762.9 745.2 743.9 721.8 702.9 673.8 640.8 692.9 709.8 685.4 629.5 571.8 524.9 494.3 477.8 470.9 468.3 454.7 449.4 422.7 410.1 404.1 399.7 399.0 395.4 396.0 400.3 393.1 388.9 384.5 382.0 379.7 376.5 373.2 370.2 367.8 377.7 380.7 380.1 370.5 365.2 359.2 349.8 366.0 388.4
560.5 501.8 457.6 426.6 403.5 420.9 436.2 435.5 418.5 410.4 410.2 429.4 458.2 455.8 428.2 421.9 429.0 436.0 447.4 447.1 459.9 485.5 516.1 551.8 549.5 502.6 523.0 560.0 596.6 637.7 689.7 716.4 732.7 734.9 672.4 630.7 595.8 580.7 606.8 604.2 654.0 612.8 564.5 533.1 508.5 497.2 485.1 466.9 462.2 458.7 429.3 406.1 396.1 391.2 398.7 394.0 404.7 400.1 401.6 395.8 398.2 388.9 381.4 380.8 379.7 385.8 401.5 412.0 408.5 391.1 378.1 371.1 359.8 367.2 383.5 408.7
579.4 533.2 484.6 431.7 400.3 404.7 414.9 411.5 402.1 403.5 406.9 421.0 432.5 433.2 422.7 419.0 426.1 435.5 433.4 438.1 447.0 461.0 482.4 497.6 495.3 488.5 509.9 552.0 585.2 619.2 671.8 655.3 663.8 711.1 688.0 674.3 605.7 568.4 611.5 606.6 590.3 632.2 602.2 577.7 559.6 542.2 521.5 499.2 479.3 450.0 430.3 420.2 405.3 397.6 405.7 410.3 414.2 406.1 404.6 401.7 401.0 392.7 387.9 388.9 389.4 403.2 424.9 421.5 412.4 393.7 378.6 370.8 361.3 378.3 403.3 414.3
540.8 526.6 478.8 430.5 394.7 388.5 392.6 391.7 393.0 394.8 400.7 405.3 411.3 410.2 408.8 414.2 422.4 433.3 432.1 443.2 452.9 463.5 472.1 459.6 473.9 491.7 536.9 572.6 600.2 627.9 660.4 618.0 600.1 648.6 690.8 686.1 597.7 542.4 567.7 553.5 582.0 604.4 604.6 585.1 563.0 531.1 511.3 496.3 480.5 460.1 453.0 434.7 419.7 413.3 426.3 423.7 425.0 408.0 404.5 400.6 393.6 398.1 397.1 396.6 400.1 437.5 452.5 437.7 422.7 414.7 389.4 369.9 362.2 379.5 395.9 419.3
462.3 461.2 432.9 417.3 400.0 390.3 391.7 390.5 390.6 393.1 393.9 395.6 399.1 400.2 402.3 406.9 412.1 418.9 424.0 437.7 453.4 457.6 451.8 440.8 463.5 497.2 526.7 550.4 585.3 620.5 641.9 590.7 577.0 618.3 669.5 683.0 589.2 539.2 532.9 515.0 507.6 498.3 496.5 480.8 462.2 440.2 439.0 430.5 415.9 477.1 466.0 450.8 440.8 445.9 459.3 459.0 448.0 425.7 413.0 405.0 400.1 399.9 409.6 401.4 406.1 441.3 478.7 460.8 444.0 421.7 393.4 371.7 362.0 376.2 395.1 411.1
399.3 412.9 417.2 438.3 415.5 403.0 404.5 396.4 398.3 402.6 406.6 405.7 399.7 406.4 405.7 405.2 404.8 407.5 410.4 418.7 423.3 428.6 424.4 425.4 437.4 456.2 478.8 502.9 537.3 581.7 600.3 564.2 557.2 603.3 660.4 711.7 618.9 604.6 582.9 562.8 581.7 564.5 537.0 489.4 472.7 466.1 489.9 464.4 440.7 427.4 407.0 394.5 384.7 443.5 448.2 456.5 461.0 450.1 437.0 427.4 418.3 410.9 416.0 411.8 420.9 437.0 468.5 457.0 441.8 426.2 407.2 375.8 362.8 372.3 385.2 404.1
421.5 444.5 472.6 475.5 430.5 420.2 415.4 405.2 405.6 412.6 422.2 418.4 410.7 409.9 414.1 418.3 417.9 414.1 410.7 418.8 419.4 418.9 420.6 420.2 422.9 427.0 442.6 458.8 492.3 535.1 548.3 529.7 546.4 591.7 643.6 698.9 762.2 782.9 781.5 647.8 674.6 639.4 626.4 581.3 529.3 508.5 517.6 483.4 468.0 440.5 425.2 407.8 391.4 376.6 374.4 380.8 391.2 436.9 439.8 437.0 435.6 442.0 440.8 435.6 438.7 439.1 450.0 461.5 464.9 440.6 415.3 381.0 360.4 366.7 377.4 396.0
504.9 533.6 549.3 514.0 468.1 440.3 427.0 414.3 412.3 417.0 424.2 428.5 424.3 422.5 421.2 428.0 424.6 418.1 418.3 432.7 441.5 439.3 435.6 439.1 431.7 430.0 426.9 436.6 459.0 492.5 501.4 498.1 519.2 560.9 605.0 647.5 698.3 753.0 788.3 816.1 847.1 744.7 703.5 637.5 576.9 570.0 549.9 514.0 486.4 466.7 448.3 424.7 422.3 392.5 376.9 367.9 363.2 360.6 364.8 377.6 384.7 392.4 450.6 452.9 440.7 427.5 423.3 446.5 445.5 421.7 391.4 372.0 366.9 358.8 364.8 373.0
607.5 618.9 603.7 550.9 494.1 449.8 441.1 436.0 426.7 426.1 428.6 434.3 442.3 439.4 434.6 429.9 425.5 426.8 430.4 440.1 451.5 452.3 443.5 452.6 440.1 439.3 430.9 434.7 450.5 470.6 476.1 485.4 499.4 526.6 561.8 590.7 632.5 686.9 762.3 836.4 882.2 909.1 866.4 674.8 652.0 634.5 601.6 568.8 545.0 519.2 482.9 454.3 437.3 411.7 398.7 382.8 367.4 361.5 355.4 354.1 362.7 378.6 380.2 444.2 437.3 423.1 410.2 406.8 408.3 394.4 379.4 372.3 369.6 367.4 366.8 367.7
678.0 649.8 606.8 551.6 495.8 462.8 476.4 462.3 451.6 445.3 449.5 456.1 456.4 453.6 446.7 437.3 427.8 432.4 441.1 448.8 452.2 454.6 459.1 459.7 449.1 456.8 442.7 434.8 447.4 461.0 466.7 478.9 494.9 513.8 533.9 556.5 590.2 638.3 713.9 799.7 889.9 935.3 901.2 858.2 737.9 714.8 672.0 623.3 584.4 550.8 513.1 471.0 458.1 423.2 395.3 385.2 389.3 386.8 375.1 358.8 347.1 351.5 363.4 446.5 461.1 448.6 420.4 403.9 402.2 389.8 377.8 373.9 373.9 378.5 392.3 398.7
691.9 641.4 586.4 534.3 492.7 475.7 501.7 496.1 486.3 484.4 485.0 478.3 484.2 486.3 462.5 442.1 433.8 442.6 452.7 459.8 455.7 474.7 475.4 456.8 473.3 478.1 457.9 443.1 444.7 453.9 467.5 477.6 496.6 510.8 526.5 561.2 576.6 615.4 682.9 765.9 864.1 918.2 907.7 897.6 910.0 789.0 736.1 692.8 643.5 604.2 580.1 554.9 484.0 443.8 451.7 446.1 421.7 409.9 387.4 367.3 347.8 341.8 358.4 402.7 457.7 460.6 430.9 415.3 406.9 386.3 373.4 369.4 372.7 386.1 411.4 438.6
658.1 603.3 549.1 527.7 510.5 494.7 508.4 530.5 520.9 516.4 519.6 511.6 507.1 488.3 481.9 457.3 438.2 457.2 469.3 464.8 464.5 476.5 467.2 465.8 503.3 496.9 480.2 453.9 445.8 452.5 470.5 475.6 489.2 504.3 525.1 548.4 565.0 604.8 659.6 714.4 814.5 865.2 832.5 850.2 895.9 839.2 809.8 766.9 716.0 634.0 595.4 584.2 554.1 549.9 526.2 483.1 450.5 416.0 404.2 369.9 347.9 335.9 346.1 395.8 444.2 451.1 427.5 412.1 400.1 381.6 369.5 365.8 371.8 414.8 444.8 464.1
619.0 573.9 576.6 572.7 564.5 527.6 525.6 535.0 531.9 530.2 534.9 524.3 509.1 483.9 468.0 461.4 454.2 456.7 465.3 470.0 468.9 470.6 488.9 501.5 520.5 508.9 486.2 484.8 465.6 458.4 464.6 469.0 477.7 491.5 507.1 532.1 552.8 588.5 612.0 649.5 719.1 756.8 775.4 794.1 847.0 812.7 759.9 721.5 686.8 635.8 602.7 595.8 585.6 574.6 564.9 511.0 451.2 414.3 380.4 353.5 343.9 331.6 335.4 368.4 436.8 449.9 426.0 401.5 387.7 375.1 367.6 365.0 373.4 423.2 478.7 504.9
619.7 604.3 621.4 630.8 625.5 586.3 553.7 528.8 518.5 511.7 511.3 501.2 486.7 480.2 478.6 476.8 466.9 459.3 461.5 473.6 475.1 481.6 512.2 550.3 535.8 514.6 522.2 523.9 508.1 466.3 452.8 463.3 468.5 477.6 489.4 511.8 540.2 555.2 577.3 604.0 641.8 678.5 707.6 753.5 817.1 789.0 734.8 719.0 673.7 679.3 632.2 592.9 589.0 583.1 556.6 496.6 443.3 381.7 369.6 381.3 367.0 333.4 325.4 344.1 385.9 450.3 432.5 407.7 381.6 372.0 366.0 368.5 387.3 419.9 473.5 538.4
665.7 678.5 697.8 709.5 695.9 648.3 572.1 540.7 526.9 517.8 505.6 497.5 489.5 490.0 495.2 491.5 479.7 467.7 473.2 487.8 481.9 499.5 549.5 584.7 552.6 539.0 569.1 563.6 520.6 482.3 458.7 458.0 468.0 477.4 489.5 503.2 525.1 535.9 551.5 569.4 595.4 627.4 667.1 712.0 776.8 837.8 725.4 692.1 699.3 717.2 681.7 618.0 600.3 544.6 483.2 430.8 388.4 381.2 371.7 357.0 351.4 342.0 323.2 322.1 342.8 381.9 415.2 390.8 374.5 370.0 365.3 372.0 399.7 434.9 471.6 521.5
737.8 753.6 762.1 737.4 687.7 644.4 576.1 558.1 545.9 557.1 556.7 541.5 528.3 520.5 528.3 512.2 493.6 483.5 488.3 499.2 493.0 532.7 580.5 618.4 582.2 588.9 602.3 559.1 518.9 490.1 467.8 457.6 467.7 477.3 487.5 497.6 525.8 545.0 547.9 550.9 563.8 586.0 626.1 681.5 753.1 819.1 840.8 806.5 778.5 738.5 720.3 654.9 604.6 551.2 480.6 423.0 389.1 376.5 370.0 367.9 343.7 329.7 325.9 319.2 318.5 335.8 321.6 374.0 371.4 368.1 365.4 374.8 407.0 433.1 458.0 498.2
745.1 778.6 767.8 707.8 649.1 610.7 585.0 585.9 588.7 622.6 628.3 592.2 575.2 572.3 558.2 536.9 515.9 498.7 522.1 517.3 501.7 535.3 571.9 621.8 648.5 638.0 588.2 549.3 511.5 494.0 478.2 474.2 470.9 482.9 488.7 498.2 526.9 541.8 534.3 530.7 538.6 557.6 592.8 657.8 732.5 817.7 852.2 791.0 760.3 787.3 810.7 821.9 652.8 601.8 554.9 505.0 437.7 399.2 382.2 361.9 367.8 357.6 343.0 323.4 315.0 314.3 315.6 386.6 377.7 369.8 364.9 375.6 396.3 375.1 396.8 441.5
792.4 805.5 775.4 726.4 674.5 643.6 648.0 643.6 648.3 689.1 679.7 646.1 634.6 631.2 610.4 571.6 537.0 513.7 533.8 535.2 512.4 542.9 587.4 643.4 677.6 641.2 579.3 543.2 517.4 515.3 494.9 487.2 473.0 473.6 488.7 496.1 514.8 538.2 528.6 524.9 539.2 549.2 586.1 639.5 708.0 802.3 860.3 816.6 753.6 790.7 833.0 878.5 749.7 678.6 612.4 565.8 465.9 411.0 391.5 360.6 368.9 371.2 356.4 329.6 312.2 311.4 317.9 343.5 317.7 304.1 304.6 321.2 342.9 359.6 395.7 416.9
