data/case_study_destine/merger_hmc_by_domain/geo/ToscanaDomain.dem.txt
ncols   431
nrows   336
xllcorner    10.0675
yllcorner    42.6109
cellsize    0.005010
NODATA_value -9999
[rows 0 to 32 of 336, columns 225 to 299 of 431]
-9999.0 -9999.0 -9999.0 -9999.0 -9999.0 -9999.0 -9999.0 -9999.0 -9999.0 -9999.0 -9999.0 -9999.0 -9999.0 -9999.0 -9999.0 -9999.0 -9999.0 -9999.0 -9999.0 -9999.0 -9999.0 -9999.0 -9999.0 -9999.0 -9999.0 -9999.0 -9999.0 -9999.0 -9999.0 -9999.0 -9999.0 -9999.0 -9999.0 -9999.0 -9999.0 -9999.0 -9999.0 -9999.0 -9999.0 -9999.0 -9999.0 -9999.0 -9999.0 -9999.0 -9999.0 -9999.0 -9999.0 -9999.0 -9999.0 -9999.0 -9999.0 -9999.0 -9999.0 -9999.0 -9999.0 -9999.0 -9999.0 -9999.0 -9999.0 -9999.0 -9999.0 -9999.0 -9999.0 -9999.0 -9999.0 -9999.0 -9999.0 -9999.0 -9999.0 -9999.0 -9999.0 -9999.0 -9999.0 -9999.0 -9999.0
-9999.0 -9999.0 -9999.0 -9999.0 -9999.0 -9999.0 -9999.0 -9999.0 -9999.0 -9999.0 -9999.0 -9999.0 -9999.0 -9999.0 -9999.0 -9999.0 -9999.0 -9999.0 -9999.0 -9999.0 -9999.0 -9999.0 -9999.0 -9999.0 -9999.0 -9999.0 -9999.0 -9999.0 -9999.0 -9999.0 -9999.0 -9999.0 -9999.0 -9999.0 -9999.0 -9999.0 -9999.0 -9999.0 -9999.0 -9999.0 -9999.0 -9999.0 -9999.0 -9999.0 -9999.0 -9999.0 -9999.0 -9999.0 -9999.0 -9999.0 -9999.0 -9999.0 -9999.0 -9999.0 -9999.0 -9999.0 -9999.0 -9999.0 -9999.0 -9999.0 -9999.0 -9999.0 -9999.0 -9999.0 -9999.0 -9999.0 -9999.0 -9999.0 -9999.0 -9999.0 -9999.0 -9999.0 -9999.0 -9999.0 -9999.0
300.6 269.1 346.1 385.2 413.0 449.6 466.8 449.7 454.7 509.0 600.7 644.5 628.0 625.0 623.5 623.1 591.9 498.1 380.5 470.1 530.6 561.8 591.9 588.1 645.2 666.9 648.4 631.8 607.1 551.9 546.8 583.8 557.3 436.8 465.2 495.9 455.7 430.2 374.9 314.9 413.8 445.5 489.0 513.0 564.1 609.9 566.8 523.2 472.9 429.5 315.9 349.8 431.5 512.4 551.7 568.4 548.2 561.4 577.5 535.3 460.1 376.2 373.1 440.9 461.6 464.3 453.0 417.3 445.0 500.2 431.3 335.7 330.9 306.1 282.1
270.2 349.6 435.6 497.8 512.3 537.2 560.6 560.0 566.8 586.2 631.0 683.1 718.7 730.7 701.3 642.2 551.8 469.8 388.7 480.4 569.2 651.8 704.3 705.6 695.1 711.5 663.1 616.2 565.0 579.8 647.0 651.1 606.3 484.1 493.4 521.6 477.1 456.7 332.8 360.3 416.1 476.7 539.8 593.0 619.0 624.2 566.3 507.9 446.8 392.7 360.1 332.5 350.0 431.4 485.0 537.8 609.0 625.4 584.9 495.2 444.0 436.2 460.3 485.6 473.8 479.1 521.7 466.3 384.5 420.2 428.3 411.6 404.4 357.1 311.5
294.0 316.3 395.2 484.8 578.8 628.9 658.7 678.2 676.4 711.0 719.8 748.5 785.9 804.1 726.3 645.2 563.7 481.1 397.3 480.0 547.1 611.2 685.3 768.8 807.4 802.1 732.2 673.1 598.5 623.1 686.3 680.0 642.6 547.2 555.7 608.0 506.7 368.8 339.7 422.3 444.2 451.7 480.1 565.0 640.6 612.5 543.3 490.2 434.4 446.7 439.2 384.0 327.3 390.3 454.7 522.9 572.8 554.4 511.7 507.5 488.0 528.5 529.9 480.3 405.1 424.0 488.8 448.6 358.3 310.7 305.2 330.0 237.8 205.4 197.3
374.0 374.4 321.7 404.5 514.4 579.3 618.8 667.8 688.1 753.5 814.2 849.9 881.6 850.5 773.4 687.9 594.7 514.5 415.2 455.1 505.7 571.5 640.9 692.2 749.3 801.8 741.5 681.9 654.2 663.5 691.2 677.8 628.9 557.0 592.0 529.3 437.5 343.4 423.6 487.7 538.0 544.1 541.7 575.9 646.2 653.9 592.2 517.6 515.8 546.0 530.6 456.0 393.4 341.0 369.8 439.1 467.2 475.2 488.1 450.8 500.8 509.2 465.7 464.0 430.4 365.9 449.0 466.1 403.9 323.3 268.4 231.7 175.5 153.2 168.5
421.8 458.2 403.7 335.7 413.3 473.4 533.4 598.2 674.4 779.8 904.2 983.5 954.0 853.4 769.4 702.0 622.2 538.7 427.8 504.1 566.9 603.1 645.7 701.6 749.0 794.6 768.9 741.3 733.8 692.0 671.7 650.0 624.4 570.8 533.1 490.1 367.8 381.8 482.6 535.9 583.7 625.5 651.5 666.0 677.4 687.8 617.9 574.5 607.0 668.8 598.5 513.8 455.4 390.9 343.4 409.4 459.2 482.8 425.3 467.9 508.0 437.8 430.9 383.1 376.2 340.7 406.2 424.3 427.0 341.6 200.0 176.0 180.4 215.7 269.3
462.5 514.5 477.1 414.0 362.2 456.3 567.0 637.5 720.5 815.0 908.2 999.7 949.8 891.4 833.4 745.0 638.1 531.0 446.6 529.8 591.1 654.1 701.8 734.1 766.4 772.2 819.4 796.4 725.3 688.7 644.7 594.0 581.6 554.5 504.7 447.3 365.7 410.5 495.9 541.6 558.3 582.4 634.7 686.3 727.8 729.4 684.8 671.0 705.2 685.9 579.6 485.4 452.5 437.7 357.8 436.0 503.4 483.7 404.0 465.2 509.8 459.7 391.8 383.8 318.1 309.0 332.3 354.1 341.3 200.7 189.5 244.9 256.7 282.1 333.9
496.8 568.7 530.1 476.5 388.6 457.0 536.8 597.6 674.4 761.0 852.8 952.0 980.5 864.3 730.9 634.1 494.5 467.4 487.3 521.3 552.9 603.3 649.2 689.9 699.2 749.3 809.8 830.5 797.6 748.3 678.0 692.7 653.2 578.1 503.2 424.9 364.7 412.3 425.2 438.2 464.9 501.8 558.7 623.8 706.7 777.7 768.2 780.5 761.1 655.3 559.9 538.3 512.9 426.0 364.3 440.1 505.0 473.1 390.7 409.0 431.5 372.0 332.9 333.4 335.4 284.8 270.0 252.3 207.9 197.5 258.7 295.2 333.7 336.6 354.5
521.6 609.3 634.7 570.2 442.1 444.3 534.2 618.5 705.5 777.1 852.1 929.9 930.5 782.4 636.8 499.9 525.6 597.4 628.4 604.8 571.7 567.9 588.5 638.4 691.7 753.7 823.2 850.4 794.9 746.5 755.7 730.9 668.7 555.8 462.6 384.6 451.9 520.4 483.3 485.2 531.1 553.0 582.4 646.1 721.2 790.8 780.5 739.9 683.1 632.2 598.4 568.0 502.1 411.0 388.2 456.0 519.3 477.3 478.2 432.1 407.6 395.4 398.4 401.7 285.4 199.4 200.8 200.2 255.4 313.9 341.1 391.2 436.5 427.7 465.9
556.5 645.9 690.5 599.3 472.2 455.6 553.7 626.8 697.2 763.1 842.4 940.9 913.9 740.1 553.6 551.1 634.6 670.5 708.9 718.2 670.1 640.9 605.2 653.9 725.4 784.7 847.1 895.9 877.3 824.5 806.8 699.8 607.7 506.8 399.4 456.5 539.6 587.1 555.6 549.2 569.6 623.9 644.7 690.6 759.6 798.9 743.5 663.0 594.9 543.3 501.1 474.6 453.9 377.4 428.7 489.5 539.0 543.6 557.7 498.8 469.5 420.6 432.9 329.7 216.2 230.7 278.8 332.2 357.0 363.8 388.8 423.3 441.7 491.5 492.9
630.7 718.1 753.3 663.5 558.8 455.3 562.8 619.5 691.4 768.7 843.6 889.4 862.6 730.2 546.3 590.6 704.3 762.0 762.1 795.8 799.0 728.4 668.9 666.0 725.7 793.6 857.9 918.7 910.0 803.3 714.0 659.0 589.2 446.3 441.5 518.9 588.9 647.1 651.6 651.0 636.3 681.7 730.4 756.5 796.0 759.4 683.6 624.4 600.6 589.0 547.2 497.6 421.0 391.7 467.5 522.7 508.9 462.1 481.8 507.0 418.6 370.0 317.3 236.8 220.6 303.2 309.3 321.6 346.6 357.4 356.5 362.0 420.1 440.1 453.5
615.7 735.8 769.9 675.8 583.1 487.2 600.2 704.3 783.9 819.4 878.6 932.6 918.6 795.6 602.3 587.5 703.6 788.4 833.2 831.8 860.0 804.2 735.5 715.1 781.9 835.5 894.8 913.9 861.4 787.2 696.4 585.1 481.6 432.6 517.1 550.0 584.4 649.5 718.9 752.2 724.5 745.8 802.0 821.0 764.2 753.9 666.0 579.2 522.2 516.2 529.2 440.5 401.5 467.1 518.8 535.9 512.7 432.2 422.6 488.8 393.5 332.9 222.8 239.5 305.8 351.9 405.4 437.7 464.1 477.3 462.5 406.5 387.2 409.8 432.1
689.8 772.5 767.7 680.8 584.5 526.5 645.5 715.9 792.0 894.0 939.7 982.0 956.3 790.6 635.8 580.2 674.7 740.1 794.7 865.8 923.3 891.1 794.3 759.9 825.4 892.8 947.1 868.9 753.5 675.6 599.0 501.4 482.9 526.5 598.3 627.8 630.5 668.4 739.3 808.9 827.1 834.9 831.5 779.4 667.3 663.5 660.6 591.9 546.0 516.7 443.6 454.1 469.8 511.8 501.9 453.0 451.4 430.6 397.3 417.3 364.4 233.5 249.6 316.0 384.6 443.8 469.5 500.5 570.0 579.6 540.3 430.3 462.3 525.3 502.3
646.0 740.3 750.6 679.3 593.5 546.9 684.9 737.2 793.5 849.0 903.8 971.3 977.8 852.0 679.8 595.3 688.7 753.5 820.3 877.7 934.1 921.1 851.8 844.0 881.5 895.3 855.7 783.4 689.6 601.8 501.7 519.3 563.8 594.9 633.2 699.1 715.1 723.3 783.2 844.5 883.1 848.1 769.3 705.8 651.6 568.1 596.7 645.3 614.1 513.4 504.1 585.2 593.4 574.0 535.2 474.8 417.9 404.7 376.1 353.5 328.3 240.5 307.0 388.6 400.3 405.7 465.8 533.0 615.1 540.3 492.5 435.3 485.6 568.2 611.3
592.8 702.7 763.5 728.8 630.0 547.3 619.3 656.4 703.9 779.5 860.0 943.6 948.8 892.2 741.7 614.4 617.7 727.7 776.5 824.4 891.4 851.4 852.7 888.8 888.9 824.8 735.0 684.4 622.6 525.9 548.0 620.8 661.5 661.6 681.3 741.5 793.8 819.0 863.3 887.1 833.4 787.6 771.6 723.3 662.5 587.5 519.7 543.0 524.5 505.8 602.6 680.6 738.9 641.5 520.5 457.8 477.9 531.1 480.1 411.5 314.9 231.2 317.1 415.4 495.1 490.9 474.1 523.0 618.2 571.0 484.8 525.3 521.8 523.1 577.9
551.1 649.5 747.1 748.3 683.9 577.9 617.9 696.6 739.1 784.5 834.9 913.2 939.0 921.3 845.4 747.8 605.8 669.3 726.7 790.4 833.7 774.2 792.1 810.9 861.7 895.3 833.9 741.3 631.1 546.7 631.7 680.7 733.9 750.8 744.1 764.9 809.3 877.0 916.6 875.3 805.3 735.3 704.2 702.6 664.9 592.8 607.0 602.0 615.0 644.4 692.0 771.1 766.1 593.6 523.1 566.5 594.7 511.4 443.3 412.0 348.5 243.7 301.4 372.5 483.0 465.7 503.2 546.0 583.0 562.1 564.3 559.7 615.9 621.2 631.4
530.1 636.7 731.1 784.3 749.5 665.0 593.2 657.4 692.3 724.3 767.8 827.2 895.7 896.4 830.2 686.7 638.5 709.9 691.6 710.3 724.1 738.5 779.9 797.7 828.3 868.5 787.6 701.6 616.1 588.5 680.3 736.2 784.6 823.6 831.1 833.4 866.6 917.3 933.0 855.3 789.8 742.8 709.1 668.9 653.8 677.6 731.4 765.1 777.4 787.2 812.1 846.8 773.8 630.9 603.1 686.2 628.4 560.4 543.0 488.8 372.3 256.7 332.1 372.6 399.4 426.1 461.2 492.5 581.6 669.6 678.4 633.2 662.2 629.6 599.1
502.9 600.6 719.6 823.9 806.7 701.4 666.2 745.2 731.5 735.1 748.2 811.8 879.6 818.9 739.4 631.7 701.0 783.6 807.9 798.6 772.2 768.6 803.8 857.0 863.7 880.0 861.7 777.8 685.8 617.9 702.7 762.8 822.7 876.6 914.5 928.2 958.6 982.2 950.0 914.2 857.1 811.2 769.1 735.7 785.5 817.9 862.8 901.6 930.0 929.7 939.2 893.4 767.2 685.3 685.0 748.7 643.7 539.6 507.3 513.3 416.1 257.5 358.6 413.8 466.4 542.1 598.9 580.9 614.2 687.8 661.8 588.8 595.0 555.1 581.2
455.7 587.0 683.6 755.2 793.9 697.4 765.8 851.6 867.2 883.2 835.7 855.9 911.0 889.0 784.7 664.1 756.7 800.2 885.1 891.2 869.8 874.1 841.9 878.1 932.7 957.1 922.1 817.9 746.2 685.7 738.9 782.9 835.7 881.5 935.3 993.3 993.1 939.2 877.3 834.9 815.4 814.6 797.2 786.3 822.9 828.4 911.8 955.9 976.3 987.0 932.0 916.0 875.5 790.7 791.3 687.1 542.7 528.2 447.4 401.9 355.5 254.0 383.0 452.1 532.9 586.2 635.0 707.3 706.7 664.3 583.0 564.0 532.4 518.8 566.4
422.4 557.9 648.7 701.0 750.8 729.0 818.6 904.3 970.0 987.5 935.7 974.2 1007.8 944.1 802.2 716.1 805.4 855.0 899.5 971.9 989.5 995.4 956.7 950.6 1008.6 1045.6 971.8 852.1 779.6 747.3 820.6 830.0 868.9 925.6 971.6 979.7 943.7 896.2 839.9 783.1 739.8 731.3 714.6 706.4 698.4 751.2 784.4 888.7 867.3 918.2 839.7 839.4 879.3 819.9 826.2 746.2 711.3 596.6 491.7 431.4 280.8 322.4 433.7 529.2 560.0 601.4 682.5 734.8 633.0 577.9 557.9 517.4 473.3 463.8 470.9
455.9 497.8 607.2 687.7 734.2 761.9 801.0 889.2 973.7 1037.8 1035.8 1090.6 1038.0 948.8 834.7 734.7 830.8 899.2 973.1 1033.6 1090.9 1146.8 1085.7 1049.0 1096.1 1117.0 1018.6 896.5 815.0 818.1 885.3 917.9 920.4 947.7 926.9 895.0 869.5 868.4 823.2 762.0 715.6 674.5 646.2 609.8 615.9 651.0 704.3 767.3 808.2 814.3 740.2 753.1 783.5 715.2 807.2 791.6 685.1 553.9 457.5 350.6 263.6 364.0 485.6 578.9 674.9 722.2 705.0 702.9 625.5 560.7 514.9 537.6 573.5 552.1 515.2
524.9 466.0 593.4 652.3 715.3 805.8 869.2 884.6 941.6 1022.1 1108.7 1154.9 1073.2 986.4 898.8 753.9 802.8 867.4 944.5 1039.9 1144.6 1218.7 1235.2 1167.7 1193.8 1179.9 1063.9 942.4 860.4 901.9 957.5 1016.9 1027.4 931.6 868.4 816.2 775.4 789.0 783.2 729.8 672.4 676.9 684.6 645.4 559.1 590.5 620.9 635.2 684.0 700.1 664.4 656.7 665.7 632.5 647.3 599.2 537.8 417.9 390.7 287.0 332.1 418.4 511.6 606.7 705.9 731.4 631.4 624.2 575.3 578.9 647.3 717.7 727.7 655.1 669.3
547.2 463.4 575.3 638.3 704.9 783.0 869.5 942.7 1013.0 1086.2 1163.3 1200.2 1122.2 1010.8 909.7 780.4 804.4 903.1 958.8 1003.0 1076.7 1157.7 1246.5 1290.4 1253.8 1136.8 1055.6 1003.1 956.7 980.4 1078.4 1135.7 1014.7 921.6 857.6 802.3 716.7 668.4 652.9 638.1 602.3 572.1 608.2 601.0 551.0 593.3 630.3 670.5 708.7 700.0 678.2 682.9 646.5 601.4 538.0 496.1 394.0 297.7 315.6 345.1 414.7 490.5 601.8 720.2 722.5 653.9 628.6 619.4 642.9 730.0 782.3 734.6 650.7 590.6 604.6
523.1 473.2 562.0 601.7 650.2 708.7 769.3 848.1 916.7 1004.8 1113.6 1165.5 1140.3 1050.4 952.1 861.2 806.4 884.3 1016.0 1101.7 1167.2 1231.5 1261.4 1308.7 1248.7 1111.5 1055.9 1037.1 1028.0 1069.6 1143.5 1077.5 995.9 924.6 838.9 764.7 702.8 649.3 602.3 565.7 536.9 532.2 545.3 528.5 537.8 590.8 620.6 648.5 688.4 737.4 760.6 729.4 648.3 567.6 590.2 471.0 354.8 334.9 416.8 467.8 474.4 528.6 664.2 772.7 692.9 717.8 728.8 666.7 726.0 769.9 716.9 652.1 563.4 518.9 496.0
474.8 540.5 627.4 686.1 718.7 743.7 798.4 834.0 878.2 950.2 1029.9 1096.7 1129.2 1059.2 1003.6 979.9 896.8 851.6 984.3 1085.0 1189.2 1282.0 1241.5 1188.2 1156.4 1041.7 990.6 962.4 982.0 1038.4 981.6 940.9 971.4 946.9 861.5 817.2 764.7 728.6 661.9 618.1 606.2 622.0 588.5 507.5 606.3 660.1 697.1 723.7 761.2 809.0 755.6 613.0 549.3 471.8 380.5 328.4 361.0 488.0 550.6 482.6 499.3 603.3 693.9 781.7 752.1 812.3 770.2 761.3 817.7 780.7 687.7 671.2 691.2 630.1 612.0
498.5 582.8 653.6 727.8 799.8 848.3 886.2 921.4 946.0 946.5 1004.7 1081.9 1151.3 1146.5 1124.7 1079.6 982.4 877.9 976.5 1070.2 1142.1 1196.5 1176.4 1100.1 1037.7 994.2 947.2 910.3 876.9 847.3 851.0 867.2 898.9 932.6 934.3 881.8 850.0 844.8 741.8 694.7 723.2 773.0 678.3 521.4 568.0 702.1 690.1 759.9 761.7 723.4 668.8 548.9 421.6 343.7 347.9 400.9 439.8 515.3 653.4 675.7 536.9 553.0 608.2 704.8 816.8 848.8 828.0 766.6 753.3 725.4 685.7 644.4 599.7 548.3 518.1
529.2 629.5 689.4 765.3 836.3 902.3 973.4 1007.5 1052.4 1074.1 1079.6 1134.0 1188.0 1224.3 1165.4 1077.6 970.5 930.2 998.6 1058.1 1138.6 1192.6 1155.1 1093.4 1018.8 967.4 925.1 880.9 839.2 782.3 774.9 798.8 813.8 856.2 856.0 839.5 860.6 871.9 790.6 743.5 712.1 747.2 667.9 551.0 497.9 598.7 589.8 725.9 760.1 633.4 506.6 428.3 352.3 418.4 498.4 565.2 578.8 540.4 620.9 765.6 690.0 610.4 624.5 734.6 866.3 955.9 877.2 796.2 713.4 669.1 644.3 609.7 581.8 579.4 574.5
545.7 610.0 668.6 742.4 813.9 896.5 983.4 1027.1 1008.8 1001.0 1028.4 1082.4 1148.4 1167.0 1101.5 1042.3 946.1 1026.8 1117.1 1184.3 1282.2 1278.0 1203.0 1189.2 1120.5 969.9 905.0 857.4 814.6 773.4 717.9 713.8 751.1 793.8 761.0 735.2 788.5 820.0 766.2 699.3 621.0 668.4 595.2 528.3 480.4 466.2 488.6 563.2 673.8 546.7 407.1 338.1 420.0 521.7 598.2 658.2 719.6 715.9 686.9 735.1 790.8 750.1 847.2 867.5 993.8 932.7 818.5 810.8 793.0 812.8 784.6 768.5 759.1 713.8 675.5
586.9 629.8 680.0 741.8 804.6 874.1 898.4 906.2 899.2 920.1 990.0 1066.0 1128.4 1176.8 1136.5 1055.1 966.9 1062.6 1138.8 1221.8 1228.3 1195.5 1141.5 1146.4 1107.1 999.5 925.0 857.8 777.3 730.1 693.4 649.1 678.7 714.5 675.7 663.4 720.6 759.8 748.6 624.6 547.7 530.2 547.7 588.4 624.8 582.3 517.3 447.0 504.5 540.2 416.8 360.7 469.5 496.3 529.6 584.6 668.2 782.2 856.7 911.5 869.4 893.9 987.8 1026.0 1040.4 986.8 871.8 800.8 719.1 688.6 710.9 722.8 693.1 687.9 605.7
614.6 690.6 726.8 766.5 802.2 847.0 818.5 826.0 809.3 860.2 904.6 955.4 1033.3 1097.8 1088.5 1046.2 1014.8 1030.0 1127.1 1160.7 1095.2 1031.3 1019.6 1009.0 989.7 955.9 911.0 845.9 784.0 727.1 671.3 631.7 609.6 632.9 612.8 614.1 647.8 615.8 589.9 589.7 723.3 705.0 737.4 776.4 703.8 587.0 573.6 578.0 491.2 419.7 364.2 461.7 596.4 656.9 566.7 666.6 725.5 734.5 827.8 952.9 933.0 931.6 942.6 903.2 966.8 978.3 948.9 853.2 808.9 746.7 651.6 605.9 560.6 517.9 509.0
656.4 604.3 657.0 697.6 757.3 754.9 730.2 772.8 751.6 804.0 846.9 893.2 944.6 997.5 1063.3 1138.0 1147.3 1088.2 1127.5 1192.6 1111.7 990.8 934.0 907.6 888.0 875.1 868.6 834.5 797.3 769.7 740.7 686.0 631.6 601.2 581.7 575.8 581.9 625.7 726.4 810.3 893.8 936.1 930.4 887.3 767.3 674.3 733.7 697.2 592.3 450.7 405.7 505.1 613.4 737.3 719.4 636.3 728.1 838.4 901.1 939.7 883.6 797.6 795.9 859.7 901.0 834.3 900.0 892.4 793.9 691.9 616.1 541.1 464.4 456.6 479.7
704.2 680.9 636.7 621.9 652.9 691.9 682.7 682.8 744.1 798.8 846.5 890.3 936.7 990.1 1084.4 1203.3 1242.0 1191.5 1170.9 1208.3 1086.2 976.5 887.2 853.4 812.4 786.5 777.4 767.4 728.1 695.8 697.1 690.9 667.0 646.1 653.2 636.9 636.7 654.8 687.9 765.8 813.0 841.5 850.6 818.9 714.0 695.0 694.7 619.4 489.6 387.9 466.7 617.7 576.3 689.5 807.6 776.5 749.1 821.2 945.4 905.0 794.9 750.9 753.0 769.0 749.5 832.7 882.3 827.7 869.5 759.8 660.8 511.2 503.8 641.6 678.6
