data/case_study_destine/merger_hmc_by_domain/geo/ToscanaDomain.dem.txt
ncols   431
nrows   336
xllcorner    10.0675
yllcorner    42.6109
cellsize    0.005010
NODATA_value -9999
[rows 99 to 131 of 336, columns 300 to 374 of 431]
968.3 964.0 886.1 876.3 949.5 1029.4 1035.4 970.6 929.7 931.1 993.0 1027.8 970.1 902.7 912.0 887.5 883.4 865.9 779.8 715.1 740.5 814.8 804.2 759.5 701.3 598.8 496.8 496.2 531.3 579.2 612.4 628.2 643.1 621.8 631.1 625.0 679.8 735.0 765.7 780.5 799.9 808.2 871.3 976.1 1096.4 1198.5 1244.9 1200.3 1070.9 970.7 1135.7 1271.0 1324.9 1200.0 1234.9 1288.2 1280.1 1214.1 1113.5 1013.0 987.6 1037.4 1043.3 1085.2 1140.8 1164.6 1181.6 1235.2 1202.5 1114.5 1066.6 1046.5 933.3 964.1 951.7
969.4 1043.5 964.7 935.4 1034.3 1118.3 1065.3 1021.7 995.6 979.3 1037.0 997.2 965.1 999.5 997.2 970.9 980.1 932.0 868.3 786.9 816.7 853.6 807.3 765.2 700.2 653.9 601.1 522.9 468.8 513.8 548.1 555.2 549.5 560.8 606.5 649.4 660.7 663.2 680.6 696.0 724.8 798.2 907.5 980.7 1043.5 1116.3 1153.0 1100.2 995.0 905.1 1025.9 1138.8 1214.2 1165.2 1133.6 1251.1 1177.1 1121.9 1051.4 985.6 915.3 889.4 918.0 988.3 1006.3 1029.5 1075.0 1144.4 1235.8 1187.2 1165.9 1182.2 1173.5 1167.9 1150.5
974.9 1025.9 994.2 1022.4 1067.2 1125.4 1114.6 1072.5 1052.3 1017.0 1017.1 1013.7 992.5 1006.8 1014.6 1037.5 1046.6 996.6 913.0 883.0 896.9 866.4 819.3 788.1 755.2 713.9 657.1 601.4 515.9 469.3 498.5 525.3 567.7 596.2 674.8 737.8 784.0 772.6 822.3 778.4 769.0 860.9 875.7 862.0 910.9 974.9 1047.5 1079.4 993.1 882.5 872.1 942.1 1025.1 990.2 1098.1 1236.6 1180.7 1053.0 935.9 868.9 905.1 992.4 1026.6 1024.6 998.7 1008.0 1018.3 1096.1 1145.9 1115.5 1023.1 1059.0 1093.6 1126.9 1162.7
954.3 1027.1 1069.9 1057.3 1103.7 1098.0 1050.3 1026.8 1008.2 997.3 1007.1 983.5 960.1 929.1 950.5 1009.6 1007.3 1009.7 976.8 951.3 909.1 871.3 828.8 783.1 732.0 697.0 660.3 634.9 550.5 446.1 488.1 553.2 596.3 642.5 698.8 750.2 811.3 876.2 911.2 891.8 858.2 867.4 820.1 761.4 803.3 873.9 964.4 992.5 992.0 947.1 839.3 787.1 850.6 900.9 991.2 1077.7 1125.6 1106.7 939.4 855.9 977.3 1075.3 1143.5 1077.2 999.4 928.6 912.8 963.1 1007.5 1083.1 988.7 912.9 984.0 1071.1 1154.0
1023.5 1047.7 1088.1 1108.3 1121.4 1055.6 984.7 942.5 937.6 939.4 999.4 1029.1 1012.8 941.0 889.0 925.7 895.3 952.7 920.1 843.8 827.6 826.1 820.7 783.7 735.9 678.7 626.7 592.2 561.4 456.8 457.5 534.8 582.3 625.7 674.9 739.1 796.0 850.0 843.0 877.5 869.9 819.2 806.9 740.2 721.1 820.3 946.3 893.0 885.9 906.8 887.6 776.3 762.8 829.8 849.5 919.6 910.3 1007.7 915.4 825.8 952.7 1048.4 1154.7 1064.0 961.1 885.0 834.0 854.4 951.2 961.0 875.6 855.3 998.6 1112.0 1216.5
1069.2 1118.5 1156.6 1180.1 1188.8 1095.7 999.5 935.4 904.2 931.1 952.8 974.7 1024.4 989.0 913.0 875.7 843.8 883.8 891.9 805.2 724.2 691.3 715.0 711.8 684.7 642.0 605.0 562.6 523.8 490.7 428.6 494.6 549.6 587.3 620.9 674.3 743.7 791.3 758.3 798.4 793.4 753.9 695.0 687.6 776.7 914.5 955.9 871.1 795.7 757.9 729.4 675.6 688.0 748.5 695.1 720.8 749.1 808.4 794.3 859.2 944.1 1019.9 1103.1 1087.2 976.3 901.6 819.4 797.3 852.6 836.2 783.1 820.2 918.7 1022.2 1144.3
1079.1 1151.2 1152.2 1131.7 1143.9 1153.4 1114.4 1025.8 934.6 912.4 911.9 967.6 1017.1 1051.2 1008.2 930.9 853.6 844.4 897.9 821.7 733.6 659.4 617.1 604.8 597.1 615.4 612.6 567.1 533.0 490.5 423.2 470.3 505.5 541.8 575.3 633.4 695.4 705.4 701.8 767.3 770.0 692.2 633.7 689.4 763.7 852.7 846.1 758.8 775.5 805.7 780.7 701.2 608.0 641.0 745.6 860.3 808.2 794.1 859.8 1009.8 1042.1 1028.5 1060.3 1100.0 1036.0 936.6 835.9 742.5 776.3 745.9 756.0 829.0 913.0 1013.9 1086.3
1114.3 1164.9 1153.4 1122.6 1068.3 1058.0 1064.4 1037.8 917.7 902.1 984.8 1032.7 1072.7 1018.1 944.7 882.5 825.6 811.3 885.1 855.7 789.9 725.5 666.6 600.8 544.1 539.6 566.6 584.3 561.7 511.6 420.2 448.7 477.1 507.2 549.0 589.7 625.5 617.7 650.6 701.0 718.4 667.2 600.1 651.3 725.5 794.2 772.0 689.0 690.1 719.9 696.3 634.6 598.0 737.7 814.4 949.5 1012.6 1007.6 1005.9 1117.2 1126.0 1172.5 1171.3 1117.3 1018.6 906.5 815.0 773.6 712.3 706.7 784.7 843.6 915.5 918.7 949.8
1077.7 1168.7 1231.2 1173.3 1104.8 1062.3 977.6 920.2 860.0 898.3 926.7 936.9 1021.9 1045.1 978.2 984.7 900.4 787.4 749.8 787.5 829.2 819.6 743.6 669.9 600.5 534.7 495.2 515.6 526.0 499.7 432.9 409.5 449.2 476.7 497.5 533.9 573.6 561.0 572.6 626.3 642.2 609.5 581.0 623.5 687.0 723.6 726.5 686.6 610.8 639.4 581.9 570.8 639.0 688.5 772.9 878.3 982.9 1083.2 1186.1 1231.2 1208.7 1202.3 1169.2 1065.5 1003.7 975.1 916.2 867.6 730.3 700.9 753.0 825.8 880.4 831.6 815.9
1132.0 1189.9 1280.1 1236.9 1205.1 1168.9 1088.1 1012.5 971.6 875.3 801.7 817.8 945.1 1013.3 1028.8 1016.9 943.9 835.0 737.2 670.0 717.4 844.2 812.0 718.0 652.1 594.1 531.7 474.6 476.1 478.0 459.6 400.8 416.4 445.1 460.9 487.5 510.8 514.6 542.7 578.9 581.8 562.0 544.5 584.0 632.7 651.2 649.9 629.1 575.6 540.1 538.5 620.4 709.4 792.7 862.4 944.3 1066.3 1121.8 1117.0 1162.8 1096.0 1066.8 1072.1 965.1 865.6 876.2 855.8 828.6 743.4 654.5 696.2 763.3 780.6 748.4 749.8
1217.2 1232.3 1279.2 1297.5 1231.5 1193.7 1145.0 1122.2 1078.7 983.9 879.9 753.5 803.6 834.9 886.1 889.0 824.8 799.5 762.9 665.7 639.6 763.9 789.2 709.2 655.1 597.3 513.8 465.9 443.8 439.5 455.3 433.7 391.5 423.0 444.4 450.2 473.0 479.5 502.7 518.9 523.2 526.3 515.7 544.9 573.8 585.0 578.4 560.3 529.6 514.2 561.9 623.6 725.5 791.5 874.5 981.6 1000.4 972.4 1002.0 1078.6 997.8 921.1 913.5 872.7 761.3 723.4 731.0 721.7 713.9 647.7 649.1 665.6 685.6 743.0 841.2
1324.1 1308.0 1244.6 1191.0 1129.6 1073.1 1015.7 976.4 932.1 866.5 800.8 756.3 690.6 681.0 673.4 653.4 635.6 612.7 648.1 667.7 582.4 624.9 680.9 641.5 556.0 493.7 475.4 501.5 518.4 460.7 430.8 427.9 404.7 400.7 429.9 440.5 451.1 448.7 449.5 461.6 491.6 508.8 495.4 510.3 519.5 524.2 518.2 503.2 493.5 495.9 549.6 601.9 653.3 719.2 798.0 866.0 848.4 874.6 1005.2 1035.4 939.0 819.1 763.1 740.0 629.8 606.8 623.1 627.6 623.6 659.8 748.4 717.9 701.9 786.4 792.9
1418.0 1334.5 1278.8 1226.3 1201.2 1092.3 1010.1 948.5 905.8 860.5 803.7 744.9 789.2 829.9 787.8 737.2 706.1 658.6 606.8 564.4 574.5 517.5 529.8 521.9 491.4 547.4 593.1 654.5 614.8 524.3 470.7 453.5 416.8 384.4 405.9 417.5 427.8 429.1 430.5 468.1 478.1 493.2 464.7 496.5 500.9 483.8 480.3 483.2 478.5 482.8 525.1 566.4 607.2 645.0 684.7 722.1 755.3 880.8 952.9 922.5 853.7 770.7 654.4 587.9 673.4 744.3 779.4 773.4 688.2 748.2 872.3 863.3 715.8 713.7 739.3
1470.0 1381.6 1348.6 1340.1 1270.0 1161.9 1100.9 1059.3 1013.0 936.0 846.5 860.7 927.2 985.2 918.8 876.2 840.9 757.0 700.8 604.0 534.8 622.1 598.5 525.0 593.7 667.9 758.5 711.3 624.4 588.2 559.4 502.9 444.9 407.3 389.4 378.0 382.8 400.9 415.3 443.7 450.8 447.8 457.9 486.0 486.6 479.5 466.0 471.6 466.3 471.7 500.7 539.1 562.7 582.3 633.9 694.8 794.5 846.7 889.9 843.9 748.2 683.9 602.6 573.4 694.1 767.5 840.4 834.7 767.7 886.6 1001.0 889.0 784.0 765.7 811.2
1469.2 1462.9 1424.0 1366.0 1310.3 1260.6 1199.2 1103.0 1013.4 970.7 917.9 974.7 1048.4 1098.3 1025.4 951.1 870.5 782.0 694.5 583.7 611.6 723.5 634.6 546.7 660.4 749.8 764.8 753.6 701.5 640.8 569.7 494.5 440.0 451.7 445.7 428.9 402.1 385.1 394.4 381.8 417.6 433.1 458.5 473.6 484.3 467.8 457.1 458.9 455.1 462.8 483.1 499.1 524.7 578.9 624.8 685.3 699.3 750.4 766.1 759.8 672.8 563.4 561.5 593.1 631.7 683.4 743.0 838.6 896.0 951.1 1049.6 968.6 885.0 886.3 932.0
1475.6 1490.2 1463.1 1426.7 1384.7 1303.0 1212.5 1151.0 1094.4 1042.6 993.2 1079.7 1136.0 1061.5 980.1 902.2 821.5 753.6 644.3 598.2 721.9 769.2 676.3 599.7 597.6 684.4 738.2 745.8 710.7 631.1 543.9 474.0 490.8 533.0 544.3 518.3 481.4 433.7 459.8 381.5 398.8 415.5 437.7 466.6 473.0 456.2 446.4 445.7 444.7 455.8 477.8 501.2 508.6 540.8 576.4 606.8 659.9 647.8 624.1 582.0 528.9 571.6 695.2 719.5 691.2 718.1 758.0 833.3 904.0 976.5 1040.3 1056.3 1040.3 1073.1 1064.9
1329.5 1476.1 1458.6 1444.2 1402.7 1346.2 1277.6 1215.2 1158.3 1070.3 1085.9 1183.8 1146.7 1029.2 927.5 849.1 765.2 692.1 627.4 666.2 816.0 817.1 759.9 659.7 627.0 743.8 743.5 719.9 686.5 611.4 520.0 506.4 580.5 610.5 606.8 553.5 496.0 451.2 460.0 391.1 367.1 398.1 452.6 469.4 457.3 450.2 437.5 434.6 435.1 452.5 475.4 486.7 482.4 514.6 546.1 573.1 591.0 567.5 522.9 495.9 540.2 609.8 701.8 783.8 838.0 860.7 844.3 888.0 947.0 1007.7 1079.6 1153.6 1167.6 1168.8 1186.2
1237.0 1300.6 1252.2 1279.6 1434.3 1412.0 1318.0 1254.0 1172.0 1144.4 1224.9 1193.9 1104.7 1029.4 953.8 866.6 782.2 683.6 687.6 764.7 872.5 839.9 752.7 668.2 685.9 719.1 730.3 683.4 628.5 582.9 530.4 564.1 631.3 648.5 589.3 524.9 494.8 488.1 475.7 432.0 383.9 366.1 413.3 455.6 438.1 443.3 422.3 424.3 426.1 456.6 480.1 464.7 476.9 496.8 521.1 536.7 539.4 490.5 473.9 532.3 612.1 641.2 707.0 755.1 830.7 904.7 924.9 970.7 1010.2 1084.3 1163.5 1261.5 1283.9 1202.1 1208.0
1108.6 1026.1 1063.5 1247.3 1386.7 1433.3 1360.2 1286.9 1223.5 1259.1 1257.2 1224.2 1153.1 1073.8 966.1 861.4 760.3 706.0 779.1 911.4 944.3 865.1 778.1 724.7 838.2 828.6 787.1 724.6 670.9 635.6 607.7 676.1 707.6 655.1 608.6 569.6 575.6 555.5 525.6 474.4 425.1 371.2 383.2 407.9 417.2 423.0 413.8 414.6 424.8 469.6 470.8 468.9 450.8 495.4 542.4 571.8 532.7 465.9 490.3 544.0 598.4 659.6 716.7 776.7 829.1 880.1 931.5 975.4 1029.4 1080.5 1127.6 1189.5 1180.6 1097.2 1103.8
897.6 937.4 1104.2 1159.0 1234.9 1364.4 1391.9 1361.4 1333.9 1327.1 1232.5 1153.2 1071.9 994.6 901.9 805.2 766.2 861.7 927.2 1030.3 1026.0 932.5 848.7 825.4 956.1 934.8 857.0 807.8 787.4 732.3 733.1 772.7 755.1 697.6 653.6 628.6 627.9 577.9 529.2 505.9 467.8 404.6 367.8 389.3 400.6 403.7 407.1 411.9 433.7 469.9 447.5 437.1 468.4 518.9 551.0 522.3 482.0 448.3 486.3 562.3 618.7 667.6 733.7 772.7 804.1 861.5 938.2 994.3 1048.2 1042.9 1055.3 1073.9 1091.2 1020.7 1019.5
841.3 911.5 958.5 1024.8 1128.6 1221.0 1387.4 1469.0 1436.5 1337.3 1237.0 1137.4 1043.1 968.3 865.9 827.2 915.8 1006.1 1073.9 1121.2 1051.9 964.8 919.4 964.2 1030.1 961.5 916.8 910.7 878.2 853.8 876.3 837.2 738.4 644.1 608.2 565.8 538.2 516.3 517.9 527.3 484.1 450.2 398.1 364.1 361.9 396.6 400.9 419.1 461.5 448.4 414.7 426.4 478.6 525.0 512.3 464.5 439.4 472.8 543.3 559.8 566.5 604.7 631.8 679.9 732.5 816.6 914.9 989.1 980.3 943.2 972.0 1002.5 1005.8 966.9 973.0
846.2 911.8 990.2 1087.7 1180.9 1189.6 1321.3 1497.0 1436.8 1313.1 1247.0 1159.0 1047.2 943.9 873.8 909.0 1056.7 1158.0 1215.8 1165.5 1089.1 1056.7 1067.0 1037.5 1020.7 1003.3 991.8 980.9 942.4 931.8 883.3 832.8 731.8 637.7 567.0 508.0 503.1 467.1 434.8 431.8 419.8 406.0 401.4 392.1 357.7 380.3 369.9 378.0 400.3 409.3 401.9 433.5 481.0 497.7 445.4 429.7 500.0 599.3 557.2 540.2 603.0 674.6 713.9 737.5 786.4 854.3 932.9 965.3 901.4 870.7 932.4 929.4 934.7 929.0 955.6
992.0 1077.8 1153.6 1246.9 1346.3 1358.0 1440.4 1542.1 1441.2 1313.4 1207.1 1112.5 1034.8 985.3 950.9 990.2 1159.9 1307.6 1298.8 1256.1 1201.0 1113.2 1044.5 976.8 917.6 880.4 867.3 922.8 869.5 824.9 774.5 721.2 676.4 618.4 568.5 515.9 457.4 441.4 467.7 513.6 499.5 440.0 424.0 429.2 433.3 381.8 381.9 394.3 378.5 357.4 383.6 452.2 453.5 422.7 434.0 482.9 558.3 577.6 512.7 598.8 654.4 763.9 837.5 865.7 871.0 841.8 850.3 853.2 839.6 814.4 837.1 855.1 900.4 970.9 1000.4
906.1 1024.9 1170.9 1199.5 1160.1 1300.4 1428.0 1518.9 1460.5 1333.0 1255.6 1203.6 1138.1 1071.8 1009.2 1092.8 1235.2 1356.3 1285.6 1218.8 1143.7 1055.4 937.0 844.6 802.5 754.3 699.9 719.3 740.4 683.9 652.7 611.4 548.3 516.9 496.1 467.6 478.6 504.5 541.7 574.9 540.3 494.9 446.5 483.3 542.7 510.0 515.5 549.3 488.3 392.6 371.3 399.5 406.3 420.7 443.9 458.4 466.8 486.0 524.6 626.4 703.8 793.0 862.6 833.0 744.3 718.3 757.3 805.2 829.3 879.1 891.3 897.8 992.3 1043.2 1089.9
1006.7 1083.9 1086.3 982.0 1099.8 1211.6 1277.6 1377.9 1432.1 1431.3 1387.8 1297.8 1228.4 1174.6 1144.3 1187.9 1308.6 1378.6 1294.3 1213.9 1116.3 1023.6 912.6 871.2 920.2 864.5 751.6 645.9 629.0 594.1 597.8 595.3 630.5 633.9 556.9 492.2 530.8 578.6 617.4 672.9 606.3 535.4 506.5 586.9 656.2 646.7 679.3 626.4 497.5 425.8 359.9 396.9 449.2 514.9 528.9 517.2 563.1 575.9 631.3 655.1 689.6 716.1 753.1 693.8 673.1 759.4 842.9 944.3 999.1 993.0 1003.6 979.8 1056.8 1129.4 1160.3
851.0 869.8 932.4 869.7 993.1 1075.5 1096.9 1181.8 1317.4 1468.4 1478.7 1411.8 1357.7 1343.8 1300.8 1348.6 1414.0 1378.2 1267.2 1156.9 1050.0 1000.3 1031.3 1036.5 1003.0 870.8 761.4 764.6 782.5 724.9 732.9 793.6 781.8 673.4 599.3 548.0 544.4 627.5 670.9 717.1 681.1 665.4 656.6 694.0 762.3 765.3 737.8 667.8 528.8 457.3 377.8 348.4 381.6 515.4 632.4 620.1 686.7 684.3 722.9 633.2 583.7 586.5 607.4 627.7 731.7 822.8 908.8 1021.5 1113.6 1146.8 1135.8 1102.3 1110.8 1136.2 1113.1
696.3 727.5 745.1 784.7 877.2 973.0 1078.1 1159.2 1295.4 1464.4 1503.6 1488.9 1512.3 1488.5 1452.8 1506.5 1456.8 1335.5 1218.6 1175.4 1141.1 1140.2 1177.2 1122.5 1011.3 916.5 911.5 961.0 926.1 856.4 861.6 918.6 843.2 788.5 726.1 631.2 598.7 678.5 764.8 815.6 775.6 730.9 688.6 726.5 751.9 715.6 661.2 693.7 630.9 535.0 476.3 426.7 360.6 442.3 603.1 659.8 759.5 779.7 690.8 544.9 541.3 626.3 678.7 709.3 736.5 834.8 931.3 1035.4 1148.6 1241.9 1248.0 1176.9 1087.6 1020.0 984.8
722.0 784.0 824.9 866.2 919.4 1022.3 1202.7 1330.8 1411.2 1416.0 1326.5 1374.8 1407.3 1488.3 1589.1 1540.8 1431.0 1344.7 1316.0 1327.5 1264.7 1279.4 1266.3 1151.0 1103.1 1059.8 1103.4 1097.3 1031.8 984.3 971.8 895.8 824.2 764.9 692.5 641.6 667.0 721.4 786.1 770.8 714.4 658.6 601.8 620.5 642.4 737.7 688.2 595.6 624.1 613.2 566.8 506.2 368.9 412.7 541.4 703.2 772.1 671.1 555.1 509.7 592.3 664.2 741.7 833.9 863.3 863.8 955.2 1053.0 1149.2 1268.3 1282.0 1165.1 1028.3 905.3 865.6
777.8 916.1 987.6 1012.8 1116.7 1182.0 1280.1 1354.5 1349.8 1217.2 1156.4 1209.8 1300.2 1469.9 1616.3 1582.4 1523.3 1466.8 1454.6 1429.3 1379.3 1378.4 1317.8 1278.4 1251.5 1238.1 1252.6 1181.4 1101.8 1061.4 1007.0 974.3 936.6 885.2 818.1 790.0 803.1 810.5 777.9 716.5 647.3 583.7 530.9 515.5 516.0 612.2 684.9 613.6 513.5 490.1 545.1 474.9 355.7 427.3 542.5 596.7 642.8 619.1 516.2 488.3 571.7 657.3 774.5 868.0 949.5 936.4 1002.4 1082.1 1153.0 1237.0 1251.1 1155.2 1043.9 881.9 805.3
804.0 895.2 909.0 943.2 1028.2 1148.0 1193.0 1163.2 1228.9 1088.8 1017.9 1121.5 1242.5 1390.4 1471.5 1466.7 1474.8 1511.3 1542.5 1541.5 1482.8 1422.8 1465.2 1420.4 1372.2 1301.4 1252.4 1203.4 1157.3 1097.2 1042.1 1000.0 936.6 946.6 921.7 915.9 941.8 895.2 817.3 746.7 672.1 601.7 559.3 533.0 483.3 465.9 507.2 508.7 465.1 415.6 454.1 363.5 360.9 418.7 423.0 431.9 472.6 470.6 462.5 474.6 537.7 618.2 737.1 855.3 944.4 1015.5 1039.9 1106.1 1179.5 1195.9 1149.6 1055.6 997.8 958.1 911.1
821.7 836.8 796.8 843.9 935.0 1026.9 1026.1 1034.0 1097.8 974.8 931.8 1087.3 1228.0 1290.4 1232.3 1261.0 1244.1 1295.1 1415.4 1527.7 1562.2 1532.1 1466.1 1388.6 1314.4 1238.8 1163.7 1077.8 1003.1 951.3 910.5 887.5 832.9 851.9 818.7 831.7 823.1 811.6 809.3 786.5 752.3 676.8 613.9 576.8 516.8 466.6 438.8 423.9 402.9 387.3 378.0 337.1 384.9 454.9 498.1 481.8 473.6 496.9 535.9 540.7 568.0 669.5 790.7 897.9 989.7 1058.9 1108.3 1145.3 1212.7 1210.8 1201.1 1158.6 1090.5 1040.7 964.4
699.4 697.3 731.0 804.6 898.3 987.6 957.6 925.6 989.9 890.7 896.1 1023.7 1149.6 1156.2 1039.6 1089.6 1062.3 1184.9 1337.0 1411.1 1460.2 1531.3 1425.0 1333.6 1281.6 1234.8 1191.7 1138.0 1075.0 987.3 921.5 876.2 790.7 749.3 752.9 736.0 711.2 674.8 641.6 631.8 672.9 713.2 657.7 619.1 570.7 510.6 462.5 486.8 442.8 405.1 375.4 334.8 358.7 436.0 506.4 530.9 525.6 541.6 571.0 579.8 608.1 722.0 842.4 845.5 880.6 969.6 1078.9 1183.6 1228.9 1184.8 1140.4 1058.7 995.4 938.8 858.3
562.1 591.5 665.8 782.1 902.7 982.5 880.5 886.1 915.5 781.8 821.8 957.6 1080.0 1014.3 922.2 928.5 979.8 1152.1 1247.3 1204.0 1345.9 1507.4 1459.2 1408.8 1349.4 1225.4 1137.8 1069.7 1007.1 955.8 895.4 835.7 814.0 849.0 935.2 950.5 881.7 804.3 735.5 665.4 577.2 602.6 702.6 714.0 641.1 579.6 544.5 549.3 506.5 464.3 435.2 382.3 329.3 392.6 433.0 428.4 441.6 463.1 501.4 525.2 597.4 662.5 699.3 765.9 872.0 966.4 1056.6 1174.8 1212.3 1152.2 1100.6 1155.7 1164.3 1088.5 951.9
