data/case_study_destine/merger_hmc_by_domain/geo/ToscanaDomain.dem.txt
ncols   431
nrows   336
xllcorner    10.0675
yllcorner    42.6109
cellsize    0.005010
NODATA_value -9999
[rows 198 to 230 of 336, columns 75 to 149 of 431]
-9999.0 -9999.0 -9999.0 -9999.0 -9999.0 -9999.0 -9999.0 -9999.0 -9999.0 -9999.0 -9999.0 78.5 79.1 81.0 82.8 88.9 90.8 96.1 101.5 105.4 109.9 117.8 123.4 130.6 141.0 155.0 163.6 172.2 189.0 201.3 215.7 200.7 216.1 266.0 285.8 288.7 293.9 273.4 267.6 241.3 184.2 161.1 146.5 144.5 166.0 189.2 161.4 116.1 91.8 131.4 140.5 158.1 183.4 198.8 209.1 219.9 232.5 255.3 299.3 290.3 270.2 293.5 248.3 216.6 235.5 212.3 234.2 226.0 222.1 223.6 230.8 207.3 178.2 155.9 184.4
-9999.0 -9999.0 -9999.0 -9999.0 -9999.0 -9999.0 -9999.0 -9999.0 -9999.0 -9999.0 -9999.0 -9999.0 82.5 82.2 83.8 86.3 90.7 94.2 97.3 100.1 105.4 113.5 116.0 119.6 129.4 141.8 154.3 164.3 173.4 183.0 172.9 170.0 178.1 207.9 228.6 214.9 225.2 250.9 278.8 244.7 183.9 176.1 179.1 198.6 198.9 180.0 158.0 151.5 113.1 94.0 106.6 142.8 154.8 190.5 218.3 243.0 285.2 320.9 382.7 345.1 366.2 375.8 298.8 347.6 292.0 248.2 291.9 304.2 297.2 281.6 247.8 205.3 211.5 200.9 158.1
-9999.0 -9999.0 -9999.0 -9999.0 -9999.0 -9999.0 -9999.0 -9999.0 -9999.0 -9999.0 -9999.0 -9999.0 -9999.0 82.4 82.6 83.6 87.8 91.4 93.4 94.7 98.6 104.1 110.0 119.5 128.4 137.7 145.8 145.1 154.1 168.1 178.7 177.3 163.8 173.5 168.2 174.2 187.8 215.0 249.0 222.1 209.5 243.6 253.8 201.7 181.0 182.3 167.4 161.0 167.9 137.5 97.8 164.4 170.6 177.1 196.3 204.1 252.5 318.1 401.2 487.9 498.8 404.5 361.9 374.2 308.6 293.3 353.9 415.6 422.5 348.5 270.9 251.5 281.5 275.2 229.3
-9999.0 -9999.0 -9999.0 -9999.0 -9999.0 -9999.0 -9999.0 -9999.0 -9999.0 -9999.0 -9999.0 -9999.0 -9999.0 84.7 82.2 82.7 84.1 87.4 89.4 92.5 96.4 102.6 110.2 117.6 122.8 126.4 125.3 138.2 157.1 165.7 164.5 165.8 157.0 155.1 154.0 166.2 194.8 241.2 311.5 308.8 315.7 316.8 272.3 217.5 214.0 198.7 167.6 197.7 214.3 161.4 98.7 150.9 178.3 215.0 248.0 264.7 280.0 341.3 379.6 442.4 496.7 464.6 465.3 402.6 347.9 344.4 395.2 466.2 398.9 295.7 288.3 369.3 399.2 366.3 313.4
-9999.0 -9999.0 -9999.0 -9999.0 -9999.0 -9999.0 -9999.0 -9999.0 -9999.0 -9999.0 -9999.0 -9999.0 -9999.0 -9999.0 82.5 82.7 83.3 84.9 86.6 89.7 93.6 97.0 102.6 106.2 108.0 114.0 128.6 139.2 144.6 150.6 155.2 152.7 147.2 144.5 159.1 183.5 218.5 278.9 339.5 363.7 386.5 393.4 332.9 311.9 254.1 188.0 208.9 243.0 217.5 164.6 112.8 107.4 157.2 194.8 233.9 261.4 301.5 322.8 363.5 412.2 466.5 519.5 514.2 466.1 451.0 435.6 458.1 416.7 318.3 346.2 389.0 448.7 497.0 400.2 313.9
-9999.0 -9999.0 -9999.0 -9999.0 -9999.0 -9999.0 -9999.0 -9999.0 -9999.0 -9999.0 -9999.0 -9999.0 -9999.0 -9999.0 85.7 83.0 83.3 84.5 86.6 89.3 91.7 94.8 97.0 98.9 104.4 111.3 122.8 132.9 132.1 149.7 161.1 148.2 134.3 146.5 165.7 189.8 226.8 257.1 281.0 281.6 319.1 332.1 355.8 311.3 250.3 248.5 219.3 195.7 193.2 195.6 150.8 105.1 164.4 193.4 206.5 232.6 246.4 275.4 326.7 361.3 424.6 490.5 554.5 545.3 508.7 497.3 439.4 358.6 327.5 398.7 442.9 513.8 497.7 420.1 373.1
-9999.0 -9999.0 -9999.0 -9999.0 -9999.0 -9999.0 -9999.0 -9999.0 -9999.0 -9999.0 -9999.0 -9999.0 -9999.0 -9999.0 -9999.0 83.6 83.4 83.9 87.0 89.8 91.6 93.1 94.7 97.2 100.3 104.5 109.9 114.0 122.2 130.7 135.7 141.3 141.5 147.3 168.4 183.6 199.0 217.5 230.7 240.6 260.1 302.3 354.3 351.3 313.0 271.2 249.5 272.5 270.8 235.9 183.7 122.5 113.8 168.0 207.2 235.5 244.1 258.2 282.2 325.6 373.9 452.2 514.1 488.3 418.3 383.7 383.2 392.9 382.1 381.2 427.9 496.9 526.6 500.3 480.6
-9999.0 -9999.0 -9999.0 -9999.0 -9999.0 -9999.0 -9999.0 -9999.0 -9999.0 -9999.0 -9999.0 -9999.0 -9999.0 -9999.0 -9999.0 87.7 83.4 83.5 85.1 89.1 88.7 90.9 92.3 96.6 100.0 106.0 111.9 120.4 130.8 141.5 152.9 160.2 151.1 152.3 154.7 174.7 209.5 262.9 309.8 334.8 335.2 361.4 396.9 402.6 329.0 360.6 357.2 366.7 349.5 307.4 258.0 197.7 117.7 196.3 272.4 313.0 334.2 350.8 367.2 430.8 461.8 499.6 493.6 419.2 412.1 445.8 506.2 481.5 423.1 464.6 500.6 529.6 519.8 420.3 373.3
-9999.0 -9999.0 -9999.0 -9999.0 -9999.0 -9999.0 -9999.0 -9999.0 -9999.0 -9999.0 -9999.0 -9999.0 -9999.0 -9999.0 -9999.0 -9999.0 85.1 83.5 83.7 86.0 88.5 89.0 91.3 94.3 97.8 103.0 108.8 115.6 122.5 130.8 140.0 138.2 146.2 144.4 156.0 176.6 216.0 264.8 319.4 373.1 395.4 409.9 438.8 482.1 395.5 448.4 495.2 530.4 465.2 407.7 303.5 212.2 121.9 181.4 244.2 306.6 362.5 390.8 410.6 470.6 545.8 545.5 476.0 419.5 468.9 512.1 565.7 535.5 504.1 521.2 545.8 499.0 477.0 374.8 296.6
-9999.0 -9999.0 -9999.0 -9999.0 -9999.0 -9999.0 -9999.0 -9999.0 -9999.0 -9999.0 -9999.0 -9999.0 -9999.0 -9999.0 -9999.0 -9999.0 86.3 83.1 83.5 84.6 86.7 89.5 92.0 94.0 97.2 101.9 106.0 108.5 112.8 121.3 127.1 142.3 161.0 179.2 192.4 204.2 218.9 237.5 258.5 272.3 298.9 329.6 415.9 509.8 481.4 534.9 609.7 556.9 474.6 392.6 295.1 214.6 126.1 186.9 234.6 252.2 281.8 315.6 364.0 449.9 527.8 515.8 447.9 442.6 512.4 549.4 574.0 529.9 473.2 469.2 501.4 460.1 377.7 285.8 308.1
-9999.0 -9999.0 -9999.0 -9999.0 -9999.0 -9999.0 -9999.0 -9999.0 -9999.0 -9999.0 -9999.0 -9999.0 -9999.0 -9999.0 -9999.0 -9999.0 -9999.0 83.4 83.4 83.6 86.7 90.3 91.8 94.8 97.0 100.1 101.7 106.6 118.3 127.9 135.1 143.9 153.9 161.3 171.9 191.1 216.9 261.7 304.2 325.5 354.7 359.9 378.3 476.5 561.4 638.1 597.3 516.6 425.4 360.1 279.4 210.8 129.1 175.9 224.2 284.7 337.2 377.2 408.3 472.1 554.5 524.9 501.0 458.8 471.4 507.1 552.9 498.4 429.1 405.4 424.4 417.7 355.4 300.9 379.9
-9999.0 -9999.0 -9999.0 -9999.0 -9999.0 -9999.0 -9999.0 -9999.0 -9999.0 -9999.0 -9999.0 -9999.0 -9999.0 -9999.0 -9999.0 -9999.0 -9999.0 83.7 84.1 83.3 85.3 89.4 90.8 93.1 94.6 96.6 100.5 107.3 112.2 117.3 126.4 135.9 145.7 157.3 170.9 190.6 217.5 275.7 334.3 364.8 379.6 383.4 425.9 481.5 548.3 606.6 545.4 474.3 396.5 319.1 241.8 208.9 160.0 141.5 179.3 266.6 330.2 336.9 405.9 479.5 486.6 472.9 499.7 487.8 527.7 547.1 577.4 547.1 501.7 440.6 342.9 337.1 345.9 390.9 383.0
-9999.0 -9999.0 -9999.0 -9999.0 -9999.0 -9999.0 -9999.0 -9999.0 -9999.0 -9999.0 -9999.0 -9999.0 -9999.0 -9999.0 -9999.0 -9999.0 -9999.0 84.7 83.2 83.1 84.3 86.9 89.7 90.8 93.8 98.3 103.5 108.7 115.6 122.8 129.9 138.9 152.0 164.7 179.8 194.9 212.9 231.4 242.9 260.4 276.1 323.5 401.3 454.7 544.6 519.6 462.3 420.0 347.7 298.3 243.2 228.8 221.4 178.2 139.9 204.8 245.2 306.0 364.0 388.2 374.8 401.4 489.7 538.2 538.7 545.4 532.1 529.3 571.0 480.3 367.4 435.1 493.6 485.2 397.1
-9999.0 -9999.0 -9999.0 -9999.0 -9999.0 -9999.0 -9999.0 -9999.0 -9999.0 -9999.0 -9999.0 -9999.0 -9999.0 -9999.0 -9999.0 -9999.0 -9999.0 -9999.0 83.2 83.2 83.6 86.0 88.3 90.7 95.6 99.6 104.2 109.3 114.2 120.5 130.7 139.8 147.4 158.1 166.5 180.6 197.2 229.7 269.5 305.2 310.4 318.4 370.6 425.8 518.2 551.9 505.9 454.7 338.3 280.7 260.3 288.5 303.6 246.2 158.1 165.8 216.9 231.6 256.9 295.5 363.3 420.8 451.4 450.9 480.5 518.3 521.7 481.4 486.6 492.8 396.6 496.7 537.0 488.5 412.2
-9999.0 -9999.0 -9999.0 -9999.0 -9999.0 -9999.0 -9999.0 -9999.0 -9999.0 -9999.0 -9999.0 -9999.0 -9999.0 -9999.0 -9999.0 -9999.0 -9999.0 -9999.0 83.2 83.1 83.2 85.0 88.2 90.9 95.7 99.9 103.3 107.1 111.2 116.9 127.0 135.0 140.0 147.4 161.3 175.9 191.7 217.2 256.4 322.1 362.6 405.7 471.0 478.6 488.6 526.3 484.2 422.4 371.2 332.5 313.8 317.6 342.8 290.1 202.8 192.7 264.1 307.1 264.7 280.8 342.3 362.9 364.1 422.2 475.9 535.3 527.3 526.1 498.1 428.5 430.7 514.6 535.5 507.1 451.0
-9999.0 -9999.0 -9999.0 -9999.0 -9999.0 -9999.0 -9999.0 -9999.0 -9999.0 -9999.0 -9999.0 -9999.0 -9999.0 -9999.0 -9999.0 -9999.0 -9999.0 -9999.0 83.8 83.1 83.2 84.0 86.3 90.3 93.8 97.1 99.8 103.9 108.5 113.9 119.8 128.9 137.1 147.6 157.5 170.0 195.0 223.8 284.5 326.8 339.2 331.5 396.2 438.8 411.3 425.6 375.8 342.4 316.0 301.2 294.6 309.2 288.7 285.4 189.0 180.2 244.4 303.6 283.4 261.8 286.5 299.5 318.2 363.7 428.4 492.1 520.3 493.9 491.4 439.3 452.9 479.6 526.3 558.7 554.5
-9999.0 -9999.0 -9999.0 -9999.0 -9999.0 -9999.0 -9999.0 -9999.0 -9999.0 -9999.0 -9999.0 -9999.0 -9999.0 -9999.0 -9999.0 -9999.0 -9999.0 -9999.0 -9999.0 83.2 83.5 83.7 86.5 89.8 92.3 94.5 97.4 101.2 105.7 110.9 116.1 123.1 132.5 147.3 163.9 182.7 192.9 212.7 231.8 254.9 272.3 319.0 400.4 469.8 431.6 418.0 418.3 429.8 366.1 368.0 329.3 263.5 240.7 258.6 213.5 163.1 222.8 261.7 278.2 260.2 257.1 262.1 277.5 307.9 370.2 437.6 482.0 511.8 521.6 469.4 441.0 497.7 542.2 602.4 591.3
-9999.0 -9999.0 -9999.0 -9999.0 -9999.0 -9999.0 -9999.0 -9999.0 -9999.0 -9999.0 -9999.0 -9999.0 -9999.0 -9999.0 -9999.0 -9999.0 -9999.0 -9999.0 -9999.0 84.3 83.1 83.8 87.5 88.9 91.6 94.4 96.0 100.3 103.8 113.3 121.4 129.6 132.9 145.2 156.0 162.4 171.7 201.8 242.7 304.3 365.0 383.0 417.3 447.9 495.2 501.2 472.8 441.8 444.9 379.1 264.3 236.8 236.9 199.6 178.7 185.2 235.7 286.8 332.6 323.0 307.8 310.7 301.4 290.6 323.4 365.3 403.0 448.4 485.6 506.2 450.2 486.7 511.8 543.3 532.8
-9999.0 -9999.0 -9999.0 -9999.0 -9999.0 -9999.0 -9999.0 -9999.0 -9999.0 -9999.0 -9999.0 -9999.0 -9999.0 -9999.0 -9999.0 -9999.0 -9999.0 -9999.0 -9999.0 83.2 83.8 85.0 93.7 90.8 90.1 92.8 95.1 97.6 101.9 111.2 118.8 126.0 126.8 133.2 141.9 148.6 158.6 184.6 237.4 298.8 349.5 328.8 321.7 364.7 419.4 439.2 462.3 478.4 370.8 272.3 321.6 370.3 344.4 288.7 227.0 241.7 242.7 298.0 361.6 382.0 379.4 378.7 372.8 353.0 336.5 320.4 358.4 411.3 457.2 506.9 470.5 437.7 433.9 449.1 484.0
-9999.0 -9999.0 -9999.0 -9999.0 -9999.0 -9999.0 -9999.0 -9999.0 -9999.0 -9999.0 -9999.0 -9999.0 -9999.0 -9999.0 -9999.0 -9999.0 -9999.0 -9999.0 -9999.0 84.4 83.9 84.2 86.4 86.8 89.8 89.8 91.2 96.6 100.4 108.1 108.7 111.8 117.4 125.0 130.1 146.0 166.0 190.6 213.9 231.1 232.0 240.6 257.2 308.8 374.3 415.7 377.6 370.1 279.2 373.3 477.5 482.1 381.8 298.6 248.3 280.4 274.3 295.9 372.2 421.7 459.8 469.6 445.5 438.1 409.0 352.3 355.9 402.9 454.7 491.9 445.3 401.8 415.9 463.3 478.1
-9999.0 -9999.0 -9999.0 -9999.0 -9999.0 -9999.0 -9999.0 -9999.0 -9999.0 -9999.0 -9999.0 -9999.0 -9999.0 -9999.0 -9999.0 -9999.0 -9999.0 -9999.0 -9999.0 84.2 83.1 83.1 83.5 85.7 88.4 89.7 91.5 94.1 97.1 100.7 103.6 107.7 112.4 116.8 122.5 138.4 160.2 167.5 180.8 198.3 202.0 225.9 293.9 361.8 423.7 442.2 379.2 290.9 321.7 406.6 504.9 508.2 420.2 313.8 283.6 328.3 337.0 311.6 358.7 417.6 505.1 582.7 557.0 471.0 413.5 382.3 405.9 425.4 471.3 468.0 464.0 420.1 380.0 414.1 413.8
-9999.0 -9999.0 -9999.0 -9999.0 -9999.0 -9999.0 -9999.0 -9999.0 -9999.0 -9999.0 -9999.0 -9999.0 -9999.0 -9999.0 -9999.0 -9999.0 -9999.0 -9999.0 -9999.0 84.1 83.1 83.2 84.0 85.5 87.6 89.4 91.3 94.1 95.9 98.1 100.5 104.8 108.3 112.9 121.1 125.8 132.4 150.5 165.1 168.7 185.3 214.5 254.7 327.1 389.7 377.5 310.1 314.9 387.9 449.2 509.8 458.5 352.4 351.9 374.7 382.9 376.5 338.7 354.0 395.0 435.9 491.1 499.6 479.9 433.8 447.7 463.4 455.2 435.0 437.0 477.1 454.3 420.0 390.6 339.0
-9999.0 -9999.0 -9999.0 -9999.0 -9999.0 -9999.0 -9999.0 -9999.0 -9999.0 -9999.0 -9999.0 -9999.0 -9999.0 -9999.0 -9999.0 -9999.0 -9999.0 -9999.0 -9999.0 87.4 83.3 83.1 83.8 85.8 87.9 89.9 92.2 95.5 99.1 101.8 103.2 105.7 109.1 112.2 119.1 145.1 163.2 152.0 157.1 166.0 192.4 243.3 290.5 365.0 411.7 368.0 296.8 360.9 439.7 484.8 424.5 366.9 415.8 483.6 455.3 425.0 368.3 308.8 302.0 332.0 358.9 386.2 388.4 459.5 489.2 477.4 407.6 393.9 378.1 425.1 439.3 403.1 385.6 375.4 326.1
-9999.0 -9999.0 -9999.0 -9999.0 -9999.0 -9999.0 -9999.0 -9999.0 -9999.0 -9999.0 -9999.0 -9999.0 -9999.0 -9999.0 -9999.0 -9999.0 -9999.0 -9999.0 -9999.0 91.3 84.0 83.4 85.4 87.9 90.3 92.5 95.1 100.1 102.6 108.1 108.5 109.3 110.8 115.3 129.6 166.4 186.2 175.5 235.8 229.0 200.3 260.3 339.8 386.7 371.3 308.9 348.0 428.9 452.3 438.5 395.6 453.0 496.3 509.3 472.5 449.3 376.1 261.3 281.6 325.0 351.6 357.8 353.0 423.7 481.6 472.0 419.4 396.9 345.6 378.3 416.1 449.8 395.3 309.3 308.7
-9999.0 -9999.0 -9999.0 -9999.0 -9999.0 -9999.0 -9999.0 -9999.0 -9999.0 -9999.0 -9999.0 -9999.0 -9999.0 -9999.0 -9999.0 -9999.0 -9999.0 -9999.0 -9999.0 90.5 89.8 85.7 86.1 92.0 94.8 97.5 99.8 103.3 105.0 108.6 111.2 112.5 115.0 123.7 156.5 204.4 177.8 184.6 244.1 285.3 226.0 261.6 348.6 381.6 322.0 346.9 379.8 434.9 428.2 419.5 484.5 470.0 454.3 463.8 454.5 420.0 372.1 261.8 292.8 353.2 361.5 333.8 360.2 415.0 451.2 438.0 458.4 440.7 395.3 339.9 328.2 347.4 297.1 252.1 262.0
-9999.0 -9999.0 -9999.0 -9999.0 -9999.0 -9999.0 -9999.0 -9999.0 -9999.0 -9999.0 -9999.0 -9999.0 -9999.0 -9999.0 -9999.0 -9999.0 -9999.0 -9999.0 -9999.0 -9999.0 96.0 87.2 88.7 95.6 99.3 102.7 105.8 108.9 110.1 112.9 115.0 118.7 122.3 134.5 172.0 220.1 175.6 206.8 215.9 266.5 241.3 280.7 357.1 352.1 346.6 403.5 401.2 430.2 418.2 449.1 432.4 399.1 347.7 377.5 382.9 330.0 335.8 237.0 276.3 326.2 303.5 303.6 359.8 405.5 394.7 369.5 395.4 444.2 449.6 375.5 290.5 251.6 233.9 273.0 309.4
-9999.0 -9999.0 -9999.0 -9999.0 -9999.0 -9999.0 -9999.0 -9999.0 -9999.0 -9999.0 -9999.0 -9999.0 -9999.0 -9999.0 -9999.0 -9999.0 -9999.0 -9999.0 -9999.0 -9999.0 96.8 88.5 92.8 98.1 103.0 106.0 109.8 113.5 116.5 119.1 120.1 125.1 132.6 149.7 195.2 228.4 191.4 229.2 240.2 275.3 259.5 282.1 365.8 340.5 379.5 404.1 421.2 449.3 427.2 405.2 343.5 335.8 288.6 310.9 329.1 288.7 231.2 217.8 308.3 320.7 266.5 290.1 335.6 378.0 351.4 318.9 338.1 347.9 385.3 369.9 284.1 217.7 260.3 294.7 311.8
-9999.0 -9999.0 -9999.0 -9999.0 -9999.0 -9999.0 -9999.0 -9999.0 -9999.0 -9999.0 -9999.0 -9999.0 -9999.0 -9999.0 -9999.0 -9999.0 -9999.0 -9999.0 -9999.0 -9999.0 96.9 89.3 93.3 99.5 104.3 108.3 112.5 117.7 121.6 124.8 128.0 138.0 166.0 183.6 197.1 257.7 217.0 217.0 268.2 317.1 298.9 333.1 394.6 353.9 396.4 433.5 440.8 399.1 358.7 349.7 314.4 271.1 254.7 282.1 296.8 270.3 206.2 245.3 338.9 356.1 301.4 263.3 308.6 344.7 323.1 294.3 298.4 280.9 303.4 309.2 220.7 229.7 266.7 283.5 324.6
-9999.0 -9999.0 -9999.0 -9999.0 -9999.0 -9999.0 -9999.0 -9999.0 -9999.0 -9999.0 -9999.0 -9999.0 -9999.0 -9999.0 -9999.0 -9999.0 -9999.0 -9999.0 -9999.0 -9999.0 89.4 88.6 92.7 98.8 103.7 109.1 113.7 118.7 124.4 131.0 136.4 158.3 209.6 231.0 255.1 289.7 253.3 235.2 252.7 299.2 341.6 407.6 444.0 373.2 403.9 458.9 416.6 351.8 321.3 295.1 272.9 244.8 237.1 243.6 261.3 226.4 166.5 242.3 262.1 275.6 267.9 257.6 316.7 320.4 269.3 300.1 346.7 282.2 249.8 216.5 227.2 278.3 291.7 281.9 313.1
-9999.0 -9999.0 -9999.0 -9999.0 -9999.0 -9999.0 -9999.0 -9999.0 -9999.0 -9999.0 -9999.0 -9999.0 -9999.0 -9999.0 -9999.0 -9999.0 -9999.0 -9999.0 -9999.0 -9999.0 89.2 88.4 92.8 100.0 104.5 108.8 114.2 119.8 125.4 136.5 159.8 157.4 179.8 192.8 257.5 343.9 366.8 372.8 310.0 297.8 338.8 427.9 457.7 438.1 437.9 470.1 408.8 361.4 330.9 301.0 257.7 228.5 224.3 218.6 223.4 207.7 159.6 225.9 222.4 263.3 233.5 270.0 312.3 272.6 284.7 341.2 301.1 226.1 192.7 248.8 338.1 356.7 348.4 291.1 308.8
-9999.0 -9999.0 -9999.0 -9999.0 -9999.0 -9999.0 -9999.0 -9999.0 -9999.0 -9999.0 -9999.0 -9999.0 -9999.0 -9999.0 -9999.0 -9999.0 -9999.0 -9999.0 -9999.0 -9999.0 93.2 90.6 94.3 101.3 108.3 118.1 133.9 138.0 139.9 140.8 185.6 189.6 240.7 264.5 226.1 286.7 389.7 461.3 388.6 331.6 389.0 449.9 488.1 473.5 450.2 411.0 365.0 331.0 298.6 270.7 254.0 241.6 227.4 232.2 231.4 209.5 156.9 162.2 213.5 226.8 223.9 303.4 304.8 235.9 261.6 240.7 195.8 199.7 264.3 310.6 337.3 369.6 327.3 285.5 304.8
-9999.0 -9999.0 -9999.0 -9999.0 -9999.0 -9999.0 -9999.0 -9999.0 -9999.0 -9999.0 -9999.0 -9999.0 -9999.0 -9999.0 -9999.0 -9999.0 -9999.0 -9999.0 -9999.0 -9999.0 89.7 90.9 95.6 105.6 117.5 125.0 152.4 202.2 215.3 155.8 170.3 229.6 262.3 332.9 327.9 271.2 348.5 458.5 406.1 359.3 418.2 421.8 390.9 401.2 387.5 345.7 327.9 305.3 263.1 282.1 280.3 264.4 266.0 244.4 259.1 242.4 215.1 145.9 192.7 203.2 264.5 336.4 287.2 218.2 186.0 181.4 232.1 280.9 298.4 352.3 372.0 346.5 309.5 278.0 294.9
-9999.0 -9999.0 -9999.0 -9999.0 -9999.0 -9999.0 -9999.0 -9999.0 -9999.0 -9999.0 -9999.0 -9999.0 -9999.0 -9999.0 -9999.0 -9999.0 -9999.0 -9999.0 -9999.0 -9999.0 89.4 93.8 104.0 121.9 158.2 198.5 195.6 197.4 228.7 224.0 178.9 196.8 254.2 338.0 393.3 333.6 376.3 480.5 460.3 395.3 371.4 367.1 312.3 288.8 306.2 304.8 314.4 298.1 255.8 254.8 275.4 285.3 255.1 214.7 206.1 204.7 177.7 143.7 206.0 232.5 291.7 297.7 230.8 184.5 162.2 240.6 266.2 261.4 295.9 328.1 319.0 342.0 293.2 299.1 315.5
