data/case_study_destine/merger_hmc_by_domain/geo/ToscanaDomain.dem.txt
ncols   431
nrows   336
xllcorner    10.0675
yllcorner    42.6109
cellsize    0.005010
NODATA_value -9999
[rows 99 to 131 of 336, columns 150 to 224 of 431]
84.4 82.1 81.4 96.9 106.4 114.8 111.1 112.1 108.7 116.5 122.2 130.8 117.7 122.4 123.8 120.2 128.8 128.2 141.4 163.4 170.4 196.5 238.9 274.2 334.4 365.8 428.6 464.5 483.2 530.9 604.9 613.8 514.6 410.7 373.6 308.3 297.8 259.5 275.1 229.6 181.9 181.0 193.7 197.9 183.7 169.3 154.8 133.7 101.2 68.4 76.4 102.7 106.5 107.4 108.6 110.2 110.9 108.8 107.0 106.5 105.0 88.0 68.0 84.7 106.1 107.6 106.8 106.7 107.4 107.9 107.5 108.4 108.6 109.0 111.4
80.2 84.7 98.3 108.3 105.2 105.3 106.4 114.0 118.0 122.4 128.7 128.8 115.3 114.1 116.6 122.6 125.0 130.7 139.3 143.8 162.0 180.9 200.2 222.6 259.7 312.0 348.6 374.9 420.0 471.2 491.2 608.6 572.4 471.5 411.3 412.0 350.9 268.1 221.6 218.1 197.5 166.8 162.5 178.2 158.9 135.3 136.4 99.7 97.1 96.5 59.5 71.3 115.0 117.4 119.9 111.9 91.6 70.5 69.7 66.3 64.5 88.0 68.0 103.5 106.6 106.6 106.0 107.1 103.2 101.6 95.4 91.9 86.6 81.7 81.2
88.4 92.5 98.3 98.0 99.3 101.7 104.7 113.5 120.1 125.2 118.7 129.0 114.6 115.0 121.4 123.5 126.5 125.9 130.3 139.5 146.9 157.2 159.5 172.8 229.7 271.7 297.1 322.1 357.8 412.1 504.6 535.7 544.0 501.6 452.5 391.3 347.1 289.8 242.4 231.5 197.6 166.7 209.0 235.0 248.2 193.6 115.2 66.1 85.7 89.2 108.7 122.4 139.8 136.0 122.0 90.0 57.9 89.0 100.7 99.6 97.3 88.0 68.0 89.4 80.3 70.7 66.0 63.4 64.6 74.8 77.7 62.8 81.6 95.0 91.6
93.2 94.7 98.4 100.1 101.8 103.6 102.6 109.7 113.8 110.6 114.8 118.9 109.9 116.0 117.4 122.3 128.7 136.6 147.6 130.9 143.4 132.7 150.6 169.6 207.6 236.9 250.2 286.5 353.1 399.3 430.7 431.2 424.8 460.1 454.0 410.1 382.8 362.6 320.6 251.0 231.2 213.1 272.7 289.5 301.9 251.4 115.6 73.8 135.5 86.8 63.6 80.4 130.4 162.7 143.5 80.3 84.4 95.1 79.1 70.0 61.6 61.9 68.0 79.2 88.1 96.3 101.2 103.6 105.1 107.6 107.5 84.7 76.8 110.2 110.8
93.3 97.4 108.0 113.5 114.8 110.9 108.9 104.3 105.9 106.1 106.9 110.3 121.5 135.0 137.6 124.8 128.8 137.2 145.8 123.7 125.2 125.7 134.0 161.6 191.6 206.7 243.5 273.6 290.0 313.8 357.9 361.0 354.5 412.7 448.9 450.5 446.1 414.8 372.7 296.2 222.1 197.6 240.4 241.9 230.8 258.3 225.5 119.8 63.7 67.4 122.3 112.2 72.8 86.8 117.7 65.5 59.1 64.0 82.5 94.2 100.0 104.1 105.1 106.4 106.7 107.0 106.5 106.6 106.4 107.4 108.2 102.7 65.0 103.2 111.7
93.9 99.0 105.1 111.7 122.0 120.6 128.4 109.6 125.8 123.7 116.2 123.3 132.7 141.7 155.0 144.0 149.3 153.7 130.4 118.7 130.5 142.5 147.9 151.0 166.5 189.9 207.2 226.8 236.9 262.1 317.1 304.1 315.1 350.6 350.8 353.4 360.7 336.3 353.2 252.2 164.3 147.4 167.2 169.2 165.8 188.3 183.0 118.3 129.1 181.5 173.1 198.1 175.1 107.7 76.5 73.3 86.7 104.8 105.8 105.8 107.2 107.1 107.5 107.2 106.6 106.7 107.8 108.6 108.4 108.9 109.7 108.3 65.3 97.3 113.9
95.0 107.1 109.2 111.8 123.8 134.5 129.7 120.3 128.3 140.2 125.0 133.4 144.7 157.6 141.5 132.6 127.4 147.2 126.1 118.9 143.9 163.4 148.4 156.4 140.0 154.8 152.8 179.6 197.5 236.8 267.5 255.8 273.9 305.3 296.4 289.1 308.5 269.0 319.1 254.7 160.8 83.9 64.2 64.3 72.9 143.4 137.3 64.0 170.8 219.5 222.7 234.2 235.9 215.4 176.4 134.0 122.4 119.7 113.4 112.3 111.2 109.7 109.2 108.9 109.2 110.2 111.7 112.1 112.1 113.6 114.7 113.9 95.0 66.3 108.9
95.4 107.8 119.7 129.9 150.9 153.5 151.9 139.2 129.1 143.4 152.7 153.9 153.6 144.2 152.4 142.5 117.9 114.8 114.2 129.7 141.2 156.3 131.9 149.6 128.5 134.1 142.5 152.7 161.3 191.8 223.5 218.6 242.8 250.6 250.6 250.5 254.8 241.5 264.5 231.9 124.4 66.8 136.1 162.0 147.3 74.0 111.0 74.7 162.1 185.8 204.8 231.6 265.5 270.7 225.6 163.1 166.9 165.2 143.3 140.7 138.0 122.9 141.0 132.9 117.0 114.9 115.4 115.2 116.4 117.7 119.7 119.6 115.5 86.9 87.5
99.7 120.8 123.6 137.4 145.0 146.0 139.7 153.2 161.8 152.7 146.2 163.7 157.5 121.5 127.9 128.3 109.6 109.1 117.7 120.0 129.5 152.9 129.8 139.4 124.4 119.9 140.6 152.9 132.5 163.1 182.3 186.2 180.9 200.1 189.7 208.6 240.1 215.0 227.6 235.7 125.4 72.0 139.9 198.3 232.1 179.5 112.2 140.0 196.2 242.4 266.8 262.1 248.8 232.1 191.8 180.2 205.4 192.6 189.7 213.5 173.2 136.4 148.2 177.1 143.7 127.1 125.0 120.8 120.5 121.5 121.8 122.4 121.7 109.3 78.6
109.9 123.5 115.1 137.3 126.3 131.3 128.7 132.3 145.6 137.8 126.9 141.9 162.4 136.6 118.2 110.4 106.0 114.1 136.7 137.3 153.7 150.3 136.1 121.2 116.4 138.3 159.3 148.0 129.7 127.9 141.9 147.7 137.1 155.8 164.7 149.1 178.6 185.1 184.9 201.3 174.1 76.4 102.5 192.0 250.1 237.3 199.7 193.3 217.1 271.3 275.0 270.0 238.2 202.3 205.0 232.8 256.7 250.3 241.6 239.2 184.5 179.4 144.9 179.0 196.6 170.2 144.9 136.2 136.0 127.5 127.5 127.5 125.0 121.3 94.7
103.0 111.8 138.3 144.1 120.7 128.8 145.6 144.5 158.3 126.9 125.3 147.6 148.9 131.7 123.6 108.0 104.3 130.3 125.0 134.7 159.0 131.3 133.1 113.0 130.7 137.9 134.7 122.1 115.4 117.6 134.6 111.6 99.0 111.9 128.6 122.9 141.1 135.8 150.2 139.8 145.7 90.5 98.4 211.8 221.1 232.4 236.9 231.4 231.2 240.1 249.5 241.2 227.5 202.7 231.9 275.3 315.7 280.8 260.4 215.8 196.3 185.4 156.5 212.0 238.7 215.3 201.6 195.1 160.6 137.5 134.2 134.6 133.6 143.4 158.1
119.5 119.5 135.9 127.2 121.8 137.4 125.8 133.2 148.6 117.1 130.7 124.1 139.3 135.6 125.3 103.9 105.0 121.5 109.8 133.9 136.8 130.0 111.8 112.2 139.3 128.1 108.8 108.1 112.2 122.1 88.0 51.8 56.7 53.1 78.7 109.0 123.4 118.3 132.7 121.0 79.0 60.5 144.4 209.5 218.3 229.9 226.5 226.7 226.4 211.9 217.7 227.4 227.8 224.2 246.4 290.5 287.9 259.5 245.0 247.2 249.4 246.3 184.4 208.6 251.5 281.5 261.3 217.5 170.7 160.3 149.3 144.8 142.3 149.3 155.8
112.4 122.2 124.2 114.2 110.4 121.4 129.1 139.3 134.7 107.6 128.8 112.0 124.2 136.3 105.4 77.0 80.0 96.5 106.3 128.6 142.8 112.6 105.4 135.3 120.7 105.2 109.9 112.8 78.8 51.9 63.2 91.0 94.2 83.1 61.1 52.3 76.5 95.2 95.6 60.3 76.4 125.7 160.3 186.9 207.0 224.1 234.7 218.6 204.9 208.4 208.9 216.9 214.7 210.7 241.0 255.8 258.9 227.2 243.4 293.0 293.8 260.8 225.1 236.5 240.7 294.0 280.2 247.3 222.3 191.9 174.2 158.7 167.0 166.7 184.5
100.8 105.5 108.2 112.5 134.4 140.1 137.2 127.2 112.8 111.4 117.8 111.7 141.2 111.2 49.1 70.0 63.2 47.3 54.9 71.7 90.4 96.2 104.4 110.1 98.8 103.7 66.6 51.9 73.6 90.6 95.7 96.2 96.3 96.5 98.9 90.0 75.7 66.6 63.0 68.1 76.4 154.9 199.4 212.2 216.2 220.3 223.7 199.1 195.5 199.3 217.4 223.4 203.4 209.5 214.5 219.7 234.6 217.8 265.5 304.1 306.3 324.4 285.7 265.0 287.2 343.3 329.1 277.2 230.7 204.0 181.0 200.5 167.4 168.2 188.7
101.4 109.7 130.4 135.4 120.1 123.8 123.6 103.4 102.9 124.2 102.9 100.1 100.0 50.9 75.4 94.4 93.8 91.8 86.7 78.1 58.4 47.4 69.3 90.8 85.4 56.1 64.2 96.3 96.8 97.0 97.8 96.7 96.5 97.0 99.2 100.1 102.2 108.0 117.2 118.2 76.3 95.1 152.8 198.2 215.0 204.9 216.4 180.0 189.5 201.3 202.1 213.7 186.6 192.9 210.5 211.5 213.8 219.0 299.7 310.7 302.3 375.2 366.6 338.8 345.5 392.2 374.6 336.6 287.3 231.5 214.6 226.8 198.8 181.5 217.5
92.3 93.4 94.7 93.2 87.9 85.0 85.5 84.8 93.0 92.6 80.0 68.5 45.7 70.7 93.6 94.7 94.8 95.0 95.0 94.7 94.4 89.0 69.7 54.0 58.7 84.5 99.0 99.8 99.3 98.3 99.0 99.8 99.8 100.7 102.6 101.8 102.0 105.0 153.0 181.2 146.6 93.3 78.3 121.9 156.7 198.7 174.3 182.4 202.2 189.6 197.7 183.1 202.0 214.5 204.5 197.2 192.5 225.6 270.4 272.1 328.1 354.0 394.8 422.2 393.8 377.8 389.8 354.6 316.5 306.0 271.6 229.7 203.2 220.4 239.3
76.4 75.2 56.6 47.3 40.9 43.1 49.0 45.3 50.3 55.2 60.0 53.1 79.6 92.0 93.6 95.0 96.0 95.5 95.2 95.3 95.3 96.0 97.2 97.5 98.8 100.7 100.3 100.6 100.6 100.6 100.5 100.9 102.2 103.1 104.1 106.2 109.2 126.8 165.6 183.4 206.7 178.8 113.9 98.8 91.9 121.5 162.5 194.4 182.7 167.0 168.5 198.4 206.4 197.2 177.7 188.7 195.4 204.6 214.2 255.2 265.0 300.1 330.7 385.9 364.5 364.9 414.4 416.3 374.5 387.2 369.7 320.4 274.8 251.6 243.9
55.5 57.9 72.6 87.3 90.2 90.4 92.2 92.6 93.3 94.3 94.2 61.3 70.4 82.6 93.4 96.5 97.5 97.4 97.6 96.3 95.4 95.7 96.0 98.2 98.0 100.2 100.8 102.9 102.4 103.6 103.4 105.9 107.4 110.4 112.4 116.3 124.9 154.0 197.3 225.0 226.6 182.8 165.7 188.7 144.1 115.7 98.3 116.2 129.1 138.1 169.5 182.7 178.6 167.2 173.9 188.5 196.2 209.3 205.2 221.5 213.9 234.3 280.5 312.7 311.0 348.8 365.3 367.0 364.8 360.6 347.3 324.3 297.1 292.2 269.4
92.2 92.9 92.6 92.4 92.8 92.5 92.9 94.0 94.2 95.7 96.2 86.5 62.4 57.0 82.9 97.6 101.1 101.7 99.7 98.6 98.2 99.1 98.6 99.3 101.2 102.7 102.9 105.8 105.2 105.2 107.2 109.2 114.5 121.3 125.5 133.8 150.8 174.4 221.3 275.4 242.2 219.0 164.8 214.5 197.3 208.4 158.3 132.1 107.5 94.4 108.0 126.1 141.3 152.9 167.5 179.1 193.9 187.2 187.4 189.8 199.5 231.5 260.8 265.6 297.9 326.8 314.7 309.0 316.1 351.3 351.8 332.5 314.1 282.5 250.8
91.9 92.7 94.1 93.5 94.2 94.6 95.0 96.3 96.5 97.8 98.3 98.3 94.4 67.7 66.9 98.3 102.3 105.4 116.5 119.1 124.1 113.3 113.9 107.1 107.6 106.1 107.3 109.1 108.4 110.1 111.9 116.6 125.8 143.6 156.7 157.0 202.4 225.2 207.3 250.7 287.7 268.6 196.8 179.6 219.8 219.8 215.3 182.3 140.8 120.3 147.5 115.6 105.0 105.7 139.7 161.7 163.6 173.2 186.9 209.2 215.9 237.6 203.1 218.2 243.7 266.9 280.9 295.5 314.1 313.9 303.0 287.5 306.7 290.7 261.2
94.5 95.8 96.4 97.7 98.0 97.6 97.6 99.2 100.6 100.7 101.5 101.6 96.0 61.3 80.7 99.9 103.9 107.4 123.5 135.4 139.2 135.3 140.7 126.7 130.3 130.7 115.7 114.9 132.9 136.4 138.3 152.3 170.0 189.8 212.7 199.9 181.9 232.1 268.0 251.9 283.3 255.0 214.9 178.9 229.9 243.7 222.0 206.2 159.4 115.2 204.8 179.1 147.9 129.2 105.8 114.5 139.4 162.0 175.7 185.3 197.1 187.7 192.7 203.2 206.5 234.5 276.1 299.6 280.3 268.9 274.3 290.4 315.4 304.8 298.1
100.2 99.7 101.2 104.5 105.9 105.3 105.8 109.8 107.7 107.4 108.2 109.7 107.3 82.4 61.2 85.7 103.2 111.8 119.5 144.4 162.6 171.4 151.2 148.5 161.7 162.0 147.9 122.8 123.3 138.9 154.7 162.1 163.0 184.3 197.1 243.2 223.3 223.7 263.1 259.0 300.5 289.8 252.4 196.7 218.6 255.5 236.0 206.6 163.7 111.9 196.2 199.9 168.4 179.0 171.5 145.4 115.1 115.4 134.5 158.0 166.9 189.0 186.5 194.7 224.5 245.9 236.1 236.3 222.6 240.9 294.8 311.4 315.5 297.4 289.9
113.7 119.6 128.0 137.8 132.1 129.2 139.9 136.2 128.1 124.0 123.0 129.6 124.2 138.8 109.3 62.0 90.6 101.3 106.3 119.2 143.6 159.4 177.8 160.5 181.9 184.2 147.5 127.7 123.8 128.1 134.7 160.9 184.8 218.5 222.9 247.7 255.4 259.4 252.9 264.1 296.3 297.9 246.8 203.0 253.4 263.1 208.4 211.5 188.3 119.0 182.2 213.1 188.2 204.2 184.7 197.5 187.9 160.9 133.6 118.3 136.8 164.7 174.6 184.9 193.8 200.2 217.5 244.4 253.9 260.2 273.6 304.1 335.4 331.9 323.8
130.5 133.9 170.9 169.2 153.4 187.6 202.3 171.6 162.0 142.8 155.6 150.3 150.7 151.8 157.3 90.9 66.9 59.0 101.5 110.5 126.8 145.9 155.1 165.3 190.0 157.7 143.2 126.8 130.9 148.4 136.1 137.4 155.5 169.0 207.6 203.2 200.3 227.8 251.0 284.1 289.6 309.4 286.1 220.9 230.7 279.6 255.1 247.9 194.8 135.9 152.0 201.3 223.6 227.0 198.3 217.4 212.6 228.3 213.3 171.0 131.0 139.4 195.2 241.8 258.5 249.7 251.9 305.4 307.4 286.0 312.0 278.3 299.7 326.4 337.8
159.8 130.2 152.2 186.6 175.9 162.7 163.8 180.6 193.1 170.0 175.6 186.6 173.1 163.4 166.8 131.2 132.3 75.8 95.4 109.7 117.8 123.7 143.8 174.8 182.3 152.6 130.4 138.3 144.7 147.4 165.5 149.7 143.2 148.9 165.4 183.5 220.7 269.3 248.9 239.2 256.2 302.7 269.5 252.2 227.0 276.2 278.2 233.6 210.8 165.4 131.8 194.0 207.1 243.0 222.9 240.4 248.1 262.8 230.0 188.4 168.3 127.1 181.8 238.0 249.9 287.4 291.4 271.9 311.9 316.2 325.8 314.3 311.0 312.1 319.4
167.7 162.1 157.9 172.5 146.3 144.9 148.2 154.1 166.6 172.0 193.0 205.0 183.2 200.7 191.8 186.6 143.8 108.9 75.3 94.9 115.9 119.7 135.6 142.5 159.8 181.1 134.1 138.5 152.1 164.9 177.4 171.8 162.7 164.2 154.4 179.8 223.9 236.0 209.2 246.7 242.2 247.0 290.2 280.4 233.2 245.7 289.0 259.7 225.8 192.3 133.0 178.5 208.2 242.0 261.3 272.3 267.6 276.7 262.3 224.5 198.5 146.6 147.2 213.7 255.2 268.7 314.6 337.9 320.1 334.4 340.9 349.3 345.8 322.5 330.3
162.1 155.6 160.0 134.8 137.3 149.5 165.3 166.5 175.5 180.7 163.6 152.0 152.9 158.8 174.3 195.2 151.0 123.8 113.1 80.4 109.6 119.3 134.3 154.3 179.5 165.5 152.8 143.0 137.1 156.5 175.3 171.6 187.7 188.1 180.8 160.2 192.3 192.0 195.5 206.5 218.2 247.6 239.3 269.9 258.5 242.9 276.4 275.8 237.8 192.6 164.0 141.4 190.6 204.2 211.9 223.2 251.9 253.3 284.7 275.9 229.4 189.9 138.6 176.1 238.7 268.6 285.3 322.0 360.3 358.0 368.1 377.1 354.0 342.5 349.1
139.2 127.5 128.7 130.1 152.3 142.4 137.6 138.8 141.3 140.0 162.8 179.6 198.2 216.7 172.7 205.5 162.2 136.7 123.7 99.7 89.5 95.6 109.5 134.6 158.4 171.0 174.6 175.5 159.0 143.0 147.9 165.3 186.7 218.7 202.6 180.2 165.0 181.2 200.3 192.5 206.8 219.1 227.1 246.0 276.0 274.8 252.8 263.0 217.6 212.3 209.6 189.5 148.9 213.5 257.5 253.6 284.9 298.6 275.5 312.6 272.1 246.5 181.6 141.8 176.0 214.8 266.7 290.6 327.9 346.6 344.6 370.9 374.1 367.7 355.1
135.6 152.2 166.1 161.0 150.6 174.4 182.7 168.5 182.9 151.3 147.0 169.9 197.0 201.9 215.3 193.8 171.3 152.3 142.3 123.7 103.1 100.2 84.2 103.9 124.6 158.0 188.7 185.8 203.0 157.7 149.6 156.4 189.5 198.4 207.4 206.6 185.1 174.8 195.1 213.9 249.3 257.5 255.8 268.8 257.6 284.6 276.9 263.7 254.6 266.9 255.8 224.0 167.0 163.3 226.9 276.8 291.5 304.2 309.0 313.4 340.4 306.1 264.0 196.6 151.0 154.8 200.9 251.1 289.4 291.8 306.6 356.2 381.5 370.1 345.9
155.4 150.5 169.0 181.5 181.0 169.5 173.7 211.5 200.8 154.8 179.9 151.3 154.9 168.5 216.6 218.1 179.7 150.8 148.2 138.4 128.7 124.0 103.4 90.8 87.0 125.0 134.3 143.2 161.3 161.8 181.0 163.5 160.1 172.4 198.9 201.9 195.5 185.9 187.5 199.3 218.6 255.0 232.4 235.8 247.1 254.0 263.6 281.0 281.5 283.1 233.9 215.4 238.5 183.8 187.9 233.9 272.2 309.7 350.0 324.2 349.1 364.5 303.0 253.0 221.2 188.7 153.9 176.0 230.1 265.9 297.9 315.2 329.4 338.0 364.6
109.0 139.4 147.1 140.2 156.1 193.0 193.3 221.8 216.3 168.7 194.1 185.3 160.9 178.8 205.6 223.5 173.0 152.5 145.3 142.1 155.2 157.2 137.2 120.7 103.2 98.1 94.6 129.4 135.1 142.9 165.1 172.2 175.4 165.8 168.7 179.7 206.4 215.2 202.9 199.8 217.2 216.7 213.8 232.1 245.4 251.7 257.3 285.4 293.4 295.7 296.5 288.5 266.8 213.4 174.3 197.2 251.6 292.9 349.9 373.2 367.5 358.5 299.0 285.5 281.2 246.2 208.8 171.2 169.9 238.4 266.0 282.8 315.7 343.1 356.1
98.9 89.9 90.1 100.2 135.2 160.2 185.5 182.2 205.6 217.3 190.3 230.9 191.0 167.0 187.0 216.0 205.4 176.5 179.9 172.8 180.0 159.4 132.0 129.3 122.4 121.0 87.8 122.4 130.3 140.1 160.8 174.8 190.6 182.1 173.2 207.2 216.5 219.6 225.2 202.7 203.1 220.2 246.7 241.4 227.4 238.3 258.5 267.1 244.7 252.5 280.7 307.6 276.1 275.6 247.0 184.9 211.3 261.9 315.1 335.1 322.6 359.3 314.0 285.1 252.4 289.0 261.0 210.9 163.3 193.0 233.3 265.8 288.0 292.3 312.1
183.6 174.7 137.3 128.2 93.3 123.3 150.5 180.9 193.7 187.6 215.3 243.7 225.0 213.3 206.7 194.1 217.0 175.2 159.2 152.5 147.5 136.9 140.9 165.7 125.6 120.7 90.0 115.6 147.1 144.4 147.1 168.2 164.3 179.0 183.1 186.8 209.3 209.5 218.0 220.2 214.9 203.9 190.4 194.0 210.4 254.9 254.6 222.7 205.7 222.4 256.1 302.8 304.5 312.0 303.7 254.7 196.7 220.0 263.2 286.7 313.2 361.4 359.1 314.0 294.7 334.6 270.9 249.1 232.3 175.2 189.3 222.8 234.1 240.3 249.3
