data/case_study_destine/runner_hmc/geo/gridded/marche.dem.txt
ncols        643
nrows        534
xllcorner    12.041800000000
yllcorner    42.520600000000
cellsize     0.003003000000
NODATA_value  -9999
[rows 125 to 149 of 534, columns 58 to 115 of 643]
859.0999755859375 845.5 775.4000244140625 700.29998779296875 678.70001220703125 685.5999755859375 708.5999755859375 721 735.79998779296875 761 777.79998779296875 797.9000244140625 820.20001220703125 851.29998779296875 882 915.79998779296875 940.29998779296875 966.79998779296875 994.79998779296875 1027.9000244140625 1061.5 1080.800048828125 1045.5999755859375 1022.79998779296875 1036.300048828125 1042 1065.0999755859375 1082.4000244140625 1084.199951171875 1087.4000244140625 1091.5999755859375 1073.800048828125 1048.300048828125 1001.0999755859375 959.70001220703125 914.5999755859375 882 849.4000244140625 826.79998779296875 813 795.70001220703125 768.0999755859375 750.29998779296875 734.79998779296875 711.20001220703125 676.5 651.4000244140625 642.70001220703125 633.70001220703125 638.5999755859375 622.9000244140625 596.29998779296875 573.70001220703125 579.0999755859375 551.20001220703125 504.79998779296875 491.899993896484375 470.5
816 840.20001220703125 815.5999755859375 795.70001220703125 771.0999755859375 731 713.5999755859375 727.20001220703125 736.70001220703125 760.79998779296875 785.20001220703125 826.5 842.9000244140625 868.70001220703125 885.9000244140625 916.5999755859375 954.70001220703125 988 1004.79998779296875 1028.9000244140625 1053.199951171875 1057.300048828125 1015 972.4000244140625 973 989.79998779296875 1032.199951171875 1049 1031.9000244140625 1021.9000244140625 1014.20001220703125 1023.5999755859375 1035 1009.4000244140625 971.5999755859375 933.79998779296875 909.20001220703125 864.79998779296875 818.29998779296875 788.9000244140625 765 745.9000244140625 710.70001220703125 688.5999755859375 678.4000244140625 671.79998779296875 649.79998779296875 624.9000244140625 600.5 592.79998779296875 586.0999755859375 547.79998779296875 545.0999755859375 554.0999755859375 565.5 539.5 535.79998779296875 512.0999755859375
825 855.5 874.5999755859375 879.4000244140625 831 770.20001220703125 753 817.79998779296875 823.79998779296875 804.29998779296875 851.5 878 883.70001220703125 934.29998779296875 928.9000244140625 933.20001220703125 969.20001220703125 1003.4000244140625 1032.800048828125 1039.4000244140625 1015.5 1001.29998779296875 969.9000244140625 923.9000244140625 927.4000244140625 949.0999755859375 989 1008.79998779296875 982 952.9000244140625 941.0999755859375 966.4000244140625 1001.20001220703125 987.5 950.0999755859375 915.4000244140625 897.0999755859375 881.4000244140625 859.29998779296875 820.5999755859375 777.79998779296875 760.9000244140625 720.0999755859375 685.29998779296875 641.0999755859375 633.29998779296875 632.20001220703125 622.5999755859375 598.20001220703125 557.70001220703125 548.0999755859375 533.5999755859375 510.600006103515625 526.9000244140625 551.5 567.0999755859375 581 557.29998779296875
854.9000244140625 888.70001220703125 917 898.4000244140625 861.79998779296875 800.5999755859375 803.9000244140625 886.29998779296875 924.9000244140625 914.5999755859375 934 924.4000244140625 939.29998779296875 979.5 991.0999755859375 979 989.4000244140625 1009.70001220703125 1030.800048828125 1037.300048828125 1007.5 948.4000244140625 886.4000244140625 874.79998779296875 878.70001220703125 916.29998779296875 947.79998779296875 958.5999755859375 928.9000244140625 894.0999755859375 885.0999755859375 921.70001220703125 964.70001220703125 962.29998779296875 913.79998779296875 874.79998779296875 850.29998779296875 860 872.29998779296875 854.70001220703125 840.20001220703125 819.9000244140625 793.4000244140625 741.79998779296875 659.70001220703125 602.0999755859375 571.29998779296875 568.5999755859375 584.79998779296875 560.9000244140625 522.79998779296875 514.79998779296875 495 507.79998779296875 530.4000244140625 544.29998779296875 579.9000244140625 571.79998779296875
878.70001220703125 918.0999755859375 947.29998779296875 936.4000244140625 902.0999755859375 864.70001220703125 873.20001220703125 921.70001220703125 946.70001220703125 972.20001220703125 982.5999755859375 966.5 983.70001220703125 1013.5 1026.9000244140625 1005 986.9000244140625 994.0999755859375 1023.0999755859375 1034.5 1003.0999755859375 909.9000244140625 826.9000244140625 823.20001220703125 828.29998779296875 853.9000244140625 884.0999755859375 891.4000244140625 853.79998779296875 811.79998779296875 849.9000244140625 930.4000244140625 968 955 895.5 848.79998779296875 811.79998779296875 815.5 845.9000244140625 882.70001220703125 892.5 863.0999755859375 821.0999755859375 748.4000244140625 678.9000244140625 606.9000244140625 546.4000244140625 507 519.29998779296875 537.4000244140625 524.70001220703125 494.600006103515625 472.600006103515625 494.399993896484375 505 542.70001220703125 580.5 539.4000244140625
880.20001220703125 905.5 928 945 946.79998779296875 936.4000244140625 915.4000244140625 930.4000244140625 963.20001220703125 992.0999755859375 1005.5999755859375 997.29998779296875 996.5999755859375 999.9000244140625 998.9000244140625 968.70001220703125 955.0999755859375 975.20001220703125 998.4000244140625 991.20001220703125 954.9000244140625 860.5999755859375 782.0999755859375 771.5 783.5 796 811.4000244140625 795.0999755859375 761.79998779296875 784.5999755859375 861.4000244140625 900.70001220703125 924.5999755859375 910.29998779296875 845.9000244140625 792.5 768.29998779296875 784.5 824.0999755859375 853.79998779296875 872.0999755859375 867.29998779296875 839.5 779.29998779296875 695 632.79998779296875 586.0999755859375 527.70001220703125 474 460.100006103515625 480 481 433.79998779296875 459.5 526.70001220703125 553 558.29998779296875 528.4000244140625
859.5999755859375 886.79998779296875 910.0999755859375 943.4000244140625 954.79998779296875 955.70001220703125 958.79998779296875 976.5 1011.70001220703125 1038.300048828125 1029.199951171875 995.5 960.70001220703125 947.9000244140625 937.0999755859375 914 922.70001220703125 947.5999755859375 961.79998779296875 950.4000244140625 891.70001220703125 818.29998779296875 779.5 719 722.70001220703125 736.5999755859375 721.70001220703125 717.5999755859375 752 821.79998779296875 849.29998779296875 852.0999755859375 895.5 864.0999755859375 777.9000244140625 726.5999755859375 735.5 764.79998779296875 785.9000244140625 809.5 829.20001220703125 831.4000244140625 814 780.5 724.5999755859375 682.20001220703125 623.5 567.70001220703125 510.29998779296875 456 428.600006103515625 414.20001220703125 415.29998779296875 481.29998779296875 510.899993896484375 510.20001220703125 519 480.5
853.70001220703125 879.5 921.4000244140625 911.20001220703125 904.29998779296875 916.9000244140625 939.5 962.0999755859375 982.70001220703125 1023.79998779296875 1044.300048828125 1004.5 962 926 899.70001220703125 850.29998779296875 855.0999755859375 900.29998779296875 914.79998779296875 908.29998779296875 851.5 758.9000244140625 729.9000244140625 685.9000244140625 667.4000244140625 666 674 726.20001220703125 785.29998779296875 791.0999755859375 771 818.4000244140625 869.4000244140625 825.0999755859375 740.4000244140625 682.79998779296875 694.9000244140625 730 752.20001220703125 772.29998779296875 782.29998779296875 789.0999755859375 785.20001220703125 778.20001220703125 770.5 750.9000244140625 691.20001220703125 627.0999755859375 574.79998779296875 535.9000244140625 499.399993896484375 432.20001220703125 404.600006103515625 461.5 472.100006103515625 485.399993896484375 477 449.79998779296875
818 852.9000244140625 876.20001220703125 855.70001220703125 850.79998779296875 862.5999755859375 886.5999755859375 927.0999755859375 978.9000244140625 1028.4000244140625 1039.5999755859375 1012.20001220703125 980.79998779296875 947.5 928.5999755859375 863.70001220703125 807.9000244140625 824.29998779296875 847.4000244140625 802.9000244140625 803.5 770.70001220703125 717.9000244140625 641.0999755859375 616.9000244140625 636.9000244140625 691.0999755859375 752.4000244140625 773.5999755859375 717.5999755859375 705.79998779296875 767.79998779296875 819.20001220703125 806.70001220703125 741.20001220703125 635.4000244140625 633.5999755859375 687.4000244140625 712.20001220703125 728.20001220703125 737.0999755859375 735.5999755859375 735.5 736.5999755859375 730.5999755859375 743.20001220703125 722.4000244140625 677.5999755859375 628.20001220703125 566.70001220703125 523.9000244140625 464.5 391.600006103515625 418.100006103515625 462 458.29998779296875 450.600006103515625 419.399993896484375
798.5999755859375 828.9000244140625 831.9000244140625 806.20001220703125 808.5 841.70001220703125 889.29998779296875 941.9000244140625 997.20001220703125 1026.699951171875 1011.9000244140625 972.70001220703125 937.9000244140625 904.79998779296875 884.5 866.0999755859375 808 754.9000244140625 734.20001220703125 698.9000244140625 683.20001220703125 740.29998779296875 753.0999755859375 629.29998779296875 588.0999755859375 653.5999755859375 698.79998779296875 722.5999755859375 724.4000244140625 664.5 643.5 685.0999755859375 726 766.29998779296875 732.5999755859375 613.20001220703125 571 626.0999755859375 656.0999755859375 681.70001220703125 696.20001220703125 697.5999755859375 690.29998779296875 689.20001220703125 683.0999755859375 700.9000244140625 714.5 690.29998779296875 616.0999755859375 542.79998779296875 497.20001220703125 459.5 398.20001220703125 377.5 388.100006103515625 391.29998779296875 388.79998779296875 358.70001220703125
782.0999755859375 808.29998779296875 765.0999755859375 740.0999755859375 788.0999755859375 833.5 855.4000244140625 901.4000244140625 949.70001220703125 976.9000244140625 972.4000244140625 934.20001220703125 884.4000244140625 848.0999755859375 821.0999755859375 802.5999755859375 779.4000244140625 743.5 695.9000244140625 643.79998779296875 625.20001220703125 713.29998779296875 739.4000244140625 625.79998779296875 565.79998779296875 635.5 667.5999755859375 689.79998779296875 692.79998779296875 631.79998779296875 597.29998779296875 631.9000244140625 631.4000244140625 660.4000244140625 672.5999755859375 635.5 542.29998779296875 538 587.20001220703125 619.4000244140625 637.29998779296875 651 640.20001220703125 629.9000244140625 630.20001220703125 635.79998779296875 618.0999755859375 618.9000244140625 564.4000244140625 505.600006103515625 463.5 431.20001220703125 390.100006103515625 360.70001220703125 353.899993896484375 355 351.20001220703125 360.100006103515625
771.9000244140625 751.70001220703125 690.79998779296875 706.29998779296875 768.5999755859375 803.5999755859375 822.70001220703125 866.0999755859375 915.5 962 957.79998779296875 912.0999755859375 868.4000244140625 827.70001220703125 795.4000244140625 756.70001220703125 696.0999755859375 674.20001220703125 667.29998779296875 628.79998779296875 591.5999755859375 642.9000244140625 677.5 630.0999755859375 551.20001220703125 581.70001220703125 616.20001220703125 642.20001220703125 641.9000244140625 591.70001220703125 538.20001220703125 568.5 564.79998779296875 570.70001220703125 599.5 599 575.5 501.29998779296875 492.20001220703125 531.0999755859375 559.5999755859375 555.70001220703125 542.5999755859375 553.79998779296875 567.79998779296875 556.79998779296875 530.0999755859375 543.0999755859375 518.70001220703125 467.5 419.79998779296875 377.79998779296875 362.70001220703125 362.100006103515625 397 446.399993896484375 453 442.399993896484375
719.9000244140625 678.20001220703125 660.5 703.9000244140625 748.29998779296875 777.9000244140625 816.5 869.79998779296875 926.70001220703125 969.9000244140625 950.5999755859375 917.70001220703125 890.5999755859375 864 821.5999755859375 784.4000244140625 726 672.4000244140625 633.5 598.79998779296875 573.9000244140625 561.5999755859375 602 629.4000244140625 594.9000244140625 534.4000244140625 539.9000244140625 566.70001220703125 541 506.29998779296875 482 484.399993896484375 478.399993896484375 481.600006103515625 474.79998779296875 490.5 477.79998779296875 467.79998779296875 468.20001220703125 454.100006103515625 461 439.79998779296875 434.899993896484375 475.20001220703125 498.29998779296875 481.5 463.899993896484375 470.600006103515625 433.100006103515625 396.600006103515625 374.5 389.100006103515625 424.29998779296875 386.29998779296875 439.79998779296875 497.79998779296875 522 514.4000244140625
628 633.79998779296875 666.5 699.79998779296875 735.4000244140625 774.5999755859375 809.79998779296875 867.20001220703125 923.29998779296875 963.20001220703125 961.70001220703125 926.9000244140625 889 856.5 828.9000244140625 807.29998779296875 772.4000244140625 726.79998779296875 680.5999755859375 624 580.79998779296875 552.9000244140625 538.29998779296875 565.0999755859375 576.9000244140625 530.29998779296875 493.70001220703125 497 504.79998779296875 525.0999755859375 541.4000244140625 549.5999755859375 510.79998779296875 487.600006103515625 476.100006103515625 454.5 440.70001220703125 432.899993896484375 432.100006103515625 423 410.5 411.70001220703125 406.600006103515625 404.5 405.29998779296875 407.399993896484375 394.20001220703125 387.20001220703125 380.20001220703125 390.399993896484375 416.600006103515625 477 431.399993896484375 408.100006103515625 486 549 572.5999755859375 561.29998779296875
706.20001220703125 723.5 730.70001220703125 772 821.9000244140625 863.79998779296875 869 880 921.5 962.5999755859375 953.20001220703125 921.70001220703125 882.5 840.5999755859375 813.29998779296875 784.79998779296875 761.20001220703125 732.4000244140625 700.9000244140625 661.5 597.4000244140625 562.5999755859375 565.9000244140625 560.79998779296875 531.29998779296875 506.79998779296875 537.29998779296875 571.29998779296875 611.0999755859375 655.29998779296875 673 674.70001220703125 613.4000244140625 612 603.29998779296875 558.20001220703125 531.79998779296875 539.5 515.4000244140625 498.100006103515625 444.29998779296875 450.899993896484375 477.600006103515625 448.29998779296875 428.29998779296875 406 425.5 448.600006103515625 456.20001220703125 477.70001220703125 479.600006103515625 465.100006103515625 408.29998779296875 455.70001220703125 534.9000244140625 572.70001220703125 579.5 538
840.20001220703125 842 831.4000244140625 801.4000244140625 828.5999755859375 892.5 940.5999755859375 962.20001220703125 977.5999755859375 958.9000244140625 905.79998779296875 877.9000244140625 862.29998779296875 829.5 812.70001220703125 784 744.79998779296875 706.70001220703125 678.5999755859375 621.0999755859375 589.29998779296875 610.79998779296875 626.0999755859375 592.9000244140625 554 542.5999755859375 606.70001220703125 642.9000244140625 663.5 698.4000244140625 747 742.0999755859375 701.70001220703125 694 648 600.70001220703125 608.70001220703125 646.79998779296875 612.0999755859375 548.70001220703125 465.5 449.899993896484375 509.899993896484375 510.5 497.29998779296875 479.399993896484375 523.29998779296875 531.5 501.70001220703125 484.79998779296875 493.70001220703125 473.600006103515625 418.100006103515625 464.79998779296875 516.79998779296875 534.0999755859375 553 553.70001220703125
908.5999755859375 908.4000244140625 901.4000244140625 895.0999755859375 884.70001220703125 903.29998779296875 963.4000244140625 1006.79998779296875 979 924.5999755859375 887.29998779296875 847.9000244140625 812.0999755859375 785.70001220703125 759.20001220703125 743.0999755859375 717.20001220703125 660.5999755859375 619 614.5999755859375 639.29998779296875 612.20001220703125 589.5999755859375 582.9000244140625 594.9000244140625 615.29998779296875 635.9000244140625 667.0999755859375 701.4000244140625 752.70001220703125 786.5999755859375 765.70001220703125 749.20001220703125 728.4000244140625 676.79998779296875 654.0999755859375 616.20001220703125 599.9000244140625 560.0999755859375 479.79998779296875 462.70001220703125 498 543.79998779296875 558 518 512.9000244140625 532.4000244140625 505.5 514.0999755859375 533.5999755859375 507.399993896484375 443.79998779296875 439.70001220703125 467.100006103515625 488.5 518.20001220703125 550.9000244140625 589.5
819 838.5 867.9000244140625 901.5 905.20001220703125 929.9000244140625 991.79998779296875 995.4000244140625 944.5999755859375 886 845.5999755859375 820 775.70001220703125 745 725.70001220703125 701.5999755859375 670.9000244140625 641.4000244140625 660.9000244140625 716.70001220703125 686.79998779296875 608.0999755859375 636.5 682.5999755859375 712.5999755859375 679.70001220703125 692.0999755859375 735.5999755859375 761.70001220703125 777.20001220703125 746.20001220703125 705.0999755859375 693 665 595.29998779296875 566.9000244140625 533.29998779296875 511.5 505.100006103515625 476.79998779296875 490.79998779296875 541.29998779296875 570.0999755859375 585 543.29998779296875 542.5 519.29998779296875 536.5999755859375 529.20001220703125 471.79998779296875 451.600006103515625 453.5 510.100006103515625 518.9000244140625 510.20001220703125 557.70001220703125 593.20001220703125 602.29998779296875
720.79998779296875 746.79998779296875 785.5 814.9000244140625 835.29998779296875 868.29998779296875 916.5 954.5999755859375 935.70001220703125 880.5 864.0999755859375 841.29998779296875 822.4000244140625 803.20001220703125 770.0999755859375 733.0999755859375 709.9000244140625 713.5999755859375 724.29998779296875 782.9000244140625 747.20001220703125 672.70001220703125 639.70001220703125 706.70001220703125 804.0999755859375 763.79998779296875 742.0999755859375 825 860.0999755859375 775.0999755859375 707.4000244140625 673.79998779296875 637.79998779296875 584.29998779296875 555.9000244140625 558.79998779296875 570 589.29998779296875 593.70001220703125 521.4000244140625 513.0999755859375 570.5999755859375 603.9000244140625 614.70001220703125 587.70001220703125 554.5 537.5999755859375 546.5 502.100006103515625 489.5 521.70001220703125 544 541.4000244140625 552.79998779296875 567.9000244140625 604.29998779296875 586.20001220703125 562.29998779296875
815.29998779296875 795.29998779296875 774.4000244140625 788.4000244140625 834.4000244140625 842.5 860.79998779296875 890.79998779296875 927.20001220703125 944.20001220703125 935.4000244140625 921.79998779296875 886.0999755859375 851.4000244140625 791.4000244140625 777.4000244140625 787.29998779296875 811.5 794.9000244140625 839.4000244140625 813 765.0999755859375 685.9000244140625 700.0999755859375 843.70001220703125 851.79998779296875 815 874.5 861.79998779296875 759.5 690.0999755859375 654.0999755859375 626.5999755859375 629.79998779296875 652.5 668.20001220703125 674.20001220703125 640.5 581.79998779296875 525.5 573.5999755859375 639.79998779296875 680.0999755859375 679.20001220703125 639.0999755859375 604.5999755859375 573.5 543.20001220703125 542.4000244140625 564.5 598.79998779296875 611.70001220703125 598.5999755859375 612.9000244140625 593.9000244140625 584.70001220703125 577.4000244140625 546
898 939 909.5999755859375 889.0999755859375 933.4000244140625 921 924.29998779296875 916.4000244140625 925.0999755859375 975.0999755859375 1026.5999755859375 1012.4000244140625 955.29998779296875 890.5999755859375 853 856.79998779296875 882.70001220703125 906.4000244140625 902.0999755859375 909.20001220703125 856.20001220703125 800.70001220703125 728.4000244140625 713.20001220703125 848.4000244140625 897.29998779296875 867.20001220703125 882.20001220703125 865.5999755859375 786.20001220703125 723.29998779296875 665.70001220703125 670.70001220703125 710 728.9000244140625 695.20001220703125 651.70001220703125 617 592.0999755859375 571.20001220703125 605.70001220703125 653.29998779296875 706.9000244140625 728.4000244140625 694 651.5 610.5 584.70001220703125 596.9000244140625 630.70001220703125 643.20001220703125 612.4000244140625 589.70001220703125 609.29998779296875 584.70001220703125 562.0999755859375 549 535.5
954.79998779296875 968.4000244140625 973.9000244140625 973 964.20001220703125 977.5 1005 1019.4000244140625 1005.20001220703125 1024.199951171875 1068.800048828125 1028.0999755859375 964 916.5999755859375 916.9000244140625 939.9000244140625 957.5999755859375 988.79998779296875 978.29998779296875 947.5999755859375 884.4000244140625 820.5999755859375 743.5999755859375 731.79998779296875 852.5999755859375 904 893.79998779296875 848.70001220703125 822.5 820.29998779296875 757.79998779296875 710.5999755859375 765.5999755859375 775.79998779296875 713.0999755859375 661 665.5999755859375 707.79998779296875 692.9000244140625 632.4000244140625 634.70001220703125 660.9000244140625 708.5 755.5 750.9000244140625 701.5 666 640.70001220703125 644.0999755859375 648.4000244140625 624.5999755859375 573.29998779296875 535.5999755859375 541.79998779296875 533.20001220703125 551.79998779296875 556.5999755859375 545.79998779296875
940 901 906.20001220703125 913.4000244140625 919.5 951.5999755859375 993.5 1034.5999755859375 1054.199951171875 1078.0999755859375 1059.800048828125 1009.70001220703125 962.29998779296875 939.5999755859375 906.0999755859375 886.29998779296875 895.9000244140625 918.0999755859375 910.70001220703125 907.20001220703125 872.5999755859375 807.0999755859375 736.29998779296875 778.5 865.20001220703125 882.0999755859375 835 769 746.79998779296875 801.29998779296875 802.4000244140625 778 837 827.20001220703125 730 693.70001220703125 723.70001220703125 730.20001220703125 684.0999755859375 696.79998779296875 734.0999755859375 734.4000244140625 771.4000244140625 810.4000244140625 802.5999755859375 777.79998779296875 748.29998779296875 700 649.70001220703125 600 577.9000244140625 548.29998779296875 536.9000244140625 512.29998779296875 466.70001220703125 496.79998779296875 527.20001220703125 529.29998779296875
852 847.9000244140625 871 906.4000244140625 970.9000244140625 1006.5 1008.4000244140625 1005.79998779296875 990.79998779296875 1034.699951171875 1044.199951171875 1003.29998779296875 988.5999755859375 978 933.20001220703125 893.70001220703125 868.5999755859375 843.0999755859375 814.70001220703125 800 784.5 769.0999755859375 760.20001220703125 775 799.29998779296875 801.70001220703125 745.0999755859375 715 710.5999755859375 757 805.9000244140625 837 873.79998779296875 875.9000244140625 822.4000244140625 781.70001220703125 774 727 742.20001220703125 786.20001220703125 777.4000244140625 777.20001220703125 783.4000244140625 789.5 761 769.70001220703125 781.29998779296875 734 658.4000244140625 607.4000244140625 590.0999755859375 595.9000244140625 594.5 557.70001220703125 479.5 449.79998779296875 465.100006103515625 472.100006103515625
782.5999755859375 865 918.9000244140625 965.29998779296875 994.9000244140625 978.9000244140625 929 949 929.5999755859375 952.4000244140625 992 1018.20001220703125 1001.79998779296875 945.79998779296875 906.29998779296875 902.4000244140625 886.5 865.79998779296875 817.4000244140625 820.20001220703125 848.5 838 792.0999755859375 731.4000244140625 706.20001220703125 711.4000244140625 672.0999755859375 673.0999755859375 733.0999755859375 799.5999755859375 830.5 841.9000244140625 853.9000244140625 853 856.70001220703125 846.70001220703125 822.79998779296875 808.0999755859375 814.20001220703125 793.79998779296875 746.79998779296875 700.4000244140625 696.29998779296875 726.5 700.70001220703125 731.5 770 770.79998779296875 717.20001220703125 660.9000244140625 622.20001220703125 588.79998779296875 558.20001220703125 532.5 499.600006103515625 492.600006103515625 470.70001220703125 435.399993896484375
