data/case_study_destine/runner_hmc/geo/gridded/marche.dem.txt
ncols        643
nrows        534
xllcorner    12.041800000000
yllcorner    42.520600000000
cellsize     0.003003000000
NODATA_value  -9999
[rows 450 to 474 of 534, columns 464 to 521 of 643]
633.29998779296875 694.79998779296875 793.20001220703125 778.70001220703125 672.70001220703125 698.0999755859375 768.4000244140625 810.70001220703125 837.70001220703125 813.29998779296875 698.29998779296875 780.0999755859375 920.79998779296875 961.0999755859375 907.29998779296875 915.4000244140625 905.4000244140625 866 779.79998779296875 705.5 646.20001220703125 549.79998779296875 558.9000244140625 636.79998779296875 687.5999755859375 768.0999755859375 825.29998779296875 902.5999755859375 923.29998779296875 867.5 888.20001220703125 849 830 875.79998779296875 953.4000244140625 1032.0999755859375 1008.79998779296875 987.5 989.20001220703125 878.70001220703125 777 852.5 934.5 999.0999755859375 1076.5 1159.5 1236.300048828125 1411.699951171875 1565.699951171875 1590.5 1633.4000244140625 1747.0999755859375 1815.9000244140625 1795.699951171875 -9999 -9999 -9999 -9999
715.70001220703125 703.29998779296875 776.5 828.29998779296875 733.5 716.5999755859375 759 848.20001220703125 920.9000244140625 920.5999755859375 808 829.29998779296875 954.5 977.70001220703125 945.4000244140625 981.79998779296875 930.0999755859375 819 733.9000244140625 699.29998779296875 685.5 568 567.79998779296875 690.5 711.29998779296875 744.5 818.5 903.9000244140625 979.5 976.79998779296875 979.20001220703125 956.0999755859375 918.70001220703125 949.20001220703125 980.5 1000.29998779296875 1029.5 1085.0999755859375 1055.0999755859375 938.4000244140625 855.20001220703125 842.70001220703125 880.0999755859375 953.70001220703125 1033.5 1123.9000244140625 1209.199951171875 1328.199951171875 -9999 -9999 -9999 -9999 -9999 -9999 -9999 -9999 -9999 -9999
831.5 779.20001220703125 823.5999755859375 859.9000244140625 805.29998779296875 850.5 845.0999755859375 902.70001220703125 1001.5999755859375 995.9000244140625 894 899 1002.5 1014.79998779296875 1005.5 983.29998779296875 919.5999755859375 884.79998779296875 786.70001220703125 692.5999755859375 631.29998779296875 565 567.70001220703125 697.70001220703125 790.20001220703125 832.29998779296875 877.0999755859375 934.70001220703125 952.9000244140625 935.0999755859375 921 912.29998779296875 879.70001220703125 904.70001220703125 907.79998779296875 925.70001220703125 963.20001220703125 1045 1107.9000244140625 1074.300048828125 1021.29998779296875 957.70001220703125 953.29998779296875 982 1039.199951171875 1135 1223.9000244140625 -9999 -9999 -9999 -9999 -9999 -9999 -9999 -9999 -9999 -9999 -9999
865.5 883.70001220703125 895.0999755859375 906.29998779296875 865.79998779296875 936.20001220703125 973.79998779296875 984.9000244140625 1054.5 1042.699951171875 972.0999755859375 1019.79998779296875 1039.699951171875 1016.0999755859375 1027.300048828125 965.9000244140625 867.20001220703125 868.4000244140625 841.20001220703125 768.29998779296875 686.29998779296875 582.5999755859375 573.20001220703125 713.0999755859375 819.70001220703125 852 845.0999755859375 884.0999755859375 855.79998779296875 831.4000244140625 830.4000244140625 815.9000244140625 795.29998779296875 821.29998779296875 853.20001220703125 919.9000244140625 990.0999755859375 1075.0999755859375 1141.800048828125 1167.699951171875 1147.5 1104.699951171875 1073.800048828125 1112.4000244140625 1112.199951171875 1148.5 -9999 -9999 -9999 -9999 -9999 -9999 -9999 -9999 -9999 -9999 -9999 -9999
790.4000244140625 868.70001220703125 916.9000244140625 944.4000244140625 953.4000244140625 975.4000244140625 1031.699951171875 1074.199951171875 1078.5 1070.0999755859375 1072.5999755859375 1097.800048828125 1021.20001220703125 951 940.4000244140625 900.79998779296875 813 755 739.5 695.5 665.0999755859375 615.70001220703125 556.70001220703125 687.9000244140625 773.9000244140625 761.0999755859375 786.79998779296875 843.9000244140625 769.79998779296875 729.5999755859375 735.70001220703125 754.20001220703125 789.70001220703125 814.5 826.5999755859375 888.20001220703125 971.79998779296875 1073.699951171875 1140 1178.9000244140625 1210.4000244140625 1203.4000244140625 1182.9000244140625 1207.9000244140625 1188.4000244140625 -9999 -9999 -9999 -9999 -9999 -9999 -9999 -9999 -9999 -9999 -9999 -9999 -9999
745.20001220703125 770.29998779296875 837.29998779296875 892.0999755859375 948 1001.20001220703125 1068.300048828125 1129.0999755859375 1085.9000244140625 1060.4000244140625 1117 1111.5999755859375 1053.699951171875 990.5999755859375 908.79998779296875 817.9000244140625 762.0999755859375 721.79998779296875 708.5999755859375 685.0999755859375 657.79998779296875 583.79998779296875 562.29998779296875 656.79998779296875 659.20001220703125 652.79998779296875 691.70001220703125 713.5999755859375 689.0999755859375 724.9000244140625 791.79998779296875 845.70001220703125 877.20001220703125 902 901.70001220703125 932.0999755859375 987.4000244140625 1049.5 1128.0999755859375 1194.5 1245.5 1291.300048828125 1297 -9999 -9999 -9999 -9999 -9999 -9999 -9999 -9999 -9999 -9999 -9999 -9999 -9999 -9999 -9999
902.29998779296875 855.4000244140625 859.29998779296875 905.9000244140625 948.70001220703125 1000.79998779296875 1089.0999755859375 1094.0999755859375 1029.800048828125 1004.9000244140625 1056.300048828125 1088 1053.5 1022.9000244140625 989.29998779296875 945.20001220703125 908.5 869.79998779296875 835.4000244140625 793.0999755859375 741.20001220703125 598.5 564.20001220703125 609.0999755859375 650 702.5 715.20001220703125 734.70001220703125 720.4000244140625 714.9000244140625 749.9000244140625 798.9000244140625 826.79998779296875 864.5999755859375 898.5 937.4000244140625 1007 1071.0999755859375 1138.5999755859375 1215.9000244140625 1293.5999755859375 1349.9000244140625 -9999 -9999 -9999 -9999 -9999 -9999 -9999 -9999 -9999 -9999 -9999 -9999 -9999 -9999 -9999 -9999
940.29998779296875 953.29998779296875 960.70001220703125 977 997 1041.699951171875 1061.199951171875 1048 1022.5 967.70001220703125 1003.79998779296875 1042.4000244140625 1002.29998779296875 1004.9000244140625 956.70001220703125 947.0999755859375 937.29998779296875 852.79998779296875 785.5999755859375 742.9000244140625 703.9000244140625 628.79998779296875 571 630.20001220703125 741.9000244140625 809.70001220703125 849.0999755859375 882.29998779296875 888.29998779296875 838.0999755859375 860.5 907.20001220703125 918.29998779296875 949.79998779296875 982.5999755859375 995.79998779296875 1046.9000244140625 1107.5999755859375 1172.5 1240.800048828125 1319.199951171875 -9999 -9999 -9999 -9999 -9999 -9999 -9999 -9999 -9999 -9999 -9999 -9999 -9999 -9999 -9999 -9999 -9999
809.70001220703125 879.20001220703125 941.70001220703125 998.0999755859375 1060.4000244140625 1059.199951171875 991.29998779296875 989.70001220703125 987.5999755859375 909.29998779296875 981.5999755859375 1031.800048828125 939.5 980.4000244140625 981.5999755859375 899 914.9000244140625 907.70001220703125 824.5999755859375 768.70001220703125 662.0999755859375 580.5999755859375 602.5 710.0999755859375 783.5999755859375 772.29998779296875 801.9000244140625 866 926.9000244140625 957.5 961.5999755859375 967.0999755859375 942.20001220703125 913.70001220703125 914.70001220703125 932.9000244140625 1001.5 1078.4000244140625 1160.300048828125 1225.800048828125 -9999 -9999 -9999 -9999 -9999 -9999 -9999 -9999 -9999 -9999 -9999 -9999 -9999 -9999 -9999 -9999 -9999 -9999
882.5 904.29998779296875 923.70001220703125 970 990.4000244140625 1028.800048828125 977.20001220703125 932 879.0999755859375 845.70001220703125 971.5999755859375 974.4000244140625 900.4000244140625 927.5999755859375 950.20001220703125 860.4000244140625 900.0999755859375 905.9000244140625 803.79998779296875 708.0999755859375 597.4000244140625 600.4000244140625 638 707.20001220703125 714.5 737.9000244140625 807 866.20001220703125 923.0999755859375 928.20001220703125 874.4000244140625 868.70001220703125 822.4000244140625 816.70001220703125 833.20001220703125 890.4000244140625 975.4000244140625 1040.4000244140625 1108 1189.5 -9999 -9999 -9999 -9999 -9999 -9999 -9999 -9999 -9999 -9999 -9999 -9999 -9999 -9999 -9999 -9999 -9999 -9999
959 1028.4000244140625 1029.800048828125 982.5 906.0999755859375 943 934.5999755859375 897 805.79998779296875 816 930.5 907.5999755859375 836 900 920 807.0999755859375 855.70001220703125 829.5 704.79998779296875 621 592.5999755859375 657.70001220703125 673 674.29998779296875 673.5999755859375 678.5 732.5999755859375 802.5 832.5999755859375 818.5999755859375 774.5 771.0999755859375 807.9000244140625 894.5999755859375 911.79998779296875 894.29998779296875 954.70001220703125 1012.4000244140625 1082.800048828125 1162.699951171875 -9999 -9999 -9999 -9999 -9999 -9999 -9999 -9999 -9999 -9999 -9999 -9999 -9999 -9999 -9999 -9999 -9999 -9999
1058.199951171875 1056.5999755859375 993.20001220703125 927.5 842 832.4000244140625 825.0999755859375 802.29998779296875 759.5 753.5 846.20001220703125 826.29998779296875 781.79998779296875 841 845.5 744.0999755859375 764.79998779296875 709.29998779296875 619.70001220703125 624.70001220703125 625.29998779296875 690.0999755859375 780.70001220703125 813.5999755859375 801.5 750 703.70001220703125 708.29998779296875 727.70001220703125 734 753.5999755859375 804.70001220703125 858.5 929.20001220703125 986.20001220703125 985.5 979.4000244140625 1045.5999755859375 1121.4000244140625 -9999 -9999 -9999 -9999 -9999 -9999 -9999 -9999 -9999 -9999 -9999 -9999 -9999 -9999 -9999 -9999 -9999 -9999 -9999
1062.699951171875 976.20001220703125 875.79998779296875 809.20001220703125 746.9000244140625 736.79998779296875 736.29998779296875 714.5 718.29998779296875 705.79998779296875 705.5999755859375 699.9000244140625 691.4000244140625 708.0999755859375 701.9000244140625 667.0999755859375 650.4000244140625 629.79998779296875 671.70001220703125 720.70001220703125 687.9000244140625 675.5 776.29998779296875 807.5 820 826 813.9000244140625 838.4000244140625 868.5 865.4000244140625 829.20001220703125 855.79998779296875 883.79998779296875 915.5 973.70001220703125 1036.9000244140625 1045.5999755859375 1110 1169.5999755859375 -9999 -9999 -9999 -9999 -9999 -9999 -9999 -9999 -9999 -9999 -9999 -9999 -9999 -9999 -9999 -9999 -9999 -9999 -9999
959.9000244140625 858.5 783.20001220703125 758 795.79998779296875 848 874.20001220703125 828.5 816.4000244140625 793.9000244140625 734.5999755859375 757.4000244140625 766.0999755859375 730.79998779296875 689.5 679.20001220703125 739.20001220703125 759.79998779296875 781.0999755859375 819.9000244140625 785.4000244140625 686 705.70001220703125 745.0999755859375 763 797.9000244140625 827.5 856 904.79998779296875 943.20001220703125 947.29998779296875 935.0999755859375 954.9000244140625 976.4000244140625 1000.0999755859375 1032.0999755859375 1086.9000244140625 1166.4000244140625 -9999 -9999 -9999 -9999 -9999 -9999 -9999 -9999 -9999 -9999 -9999 -9999 -9999 -9999 -9999 -9999 -9999 -9999 -9999 -9999
860.29998779296875 782.79998779296875 786.9000244140625 821.5 855.0999755859375 913 948.5 930.9000244140625 889.70001220703125 875.5999755859375 817.0999755859375 850.5 938.5999755859375 899.20001220703125 828.5999755859375 759.5 876.9000244140625 891.29998779296875 882.4000244140625 908.9000244140625 848.20001220703125 712.79998779296875 712.79998779296875 795.4000244140625 841.79998779296875 875 909.29998779296875 915.79998779296875 933.4000244140625 946.20001220703125 984.70001220703125 1012.70001220703125 1039 1084.5999755859375 1115.5 1131.300048828125 1148.9000244140625 1175.800048828125 -9999 -9999 -9999 -9999 -9999 -9999 -9999 -9999 -9999 -9999 -9999 -9999 -9999 -9999 -9999 -9999 -9999 -9999 -9999 -9999
857.4000244140625 796 877.5999755859375 918.0999755859375 911.29998779296875 936.0999755859375 1006.5 1037.9000244140625 987.79998779296875 1028.199951171875 977.29998779296875 894.5999755859375 1002.20001220703125 987.9000244140625 857.70001220703125 825.20001220703125 962.70001220703125 1023.79998779296875 982.20001220703125 894.20001220703125 802.79998779296875 699 710.9000244140625 768.0999755859375 800.5 802 808.4000244140625 833.20001220703125 877.5 890.4000244140625 923.70001220703125 959.5 1009.29998779296875 1068.800048828125 1148.9000244140625 1217.800048828125 1192.5 1176.300048828125 -9999 -9999 -9999 -9999 -9999 -9999 -9999 -9999 -9999 -9999 -9999 -9999 -9999 -9999 -9999 -9999 -9999 -9999 -9999 -9999
822.5 821.29998779296875 915.9000244140625 972.79998779296875 1012.70001220703125 1006.5999755859375 1014.0999755859375 1066.5999755859375 1118.0999755859375 1149.0999755859375 1050.5999755859375 992.70001220703125 1035.5999755859375 985 903.79998779296875 952.20001220703125 1055.5999755859375 1074.0999755859375 975.5999755859375 864.20001220703125 763.5 702.79998779296875 729 742.79998779296875 734.79998779296875 771.5999755859375 806.29998779296875 831.29998779296875 846.5 896.0999755859375 922.79998779296875 963.4000244140625 1007.70001220703125 1076.4000244140625 1153 1219.699951171875 1198.4000244140625 1229.800048828125 1266.300048828125 -9999 -9999 -9999 -9999 -9999 -9999 -9999 -9999 -9999 -9999 -9999 -9999 -9999 -9999 -9999 -9999 -9999 -9999 -9999
821.9000244140625 852 938.9000244140625 998.5999755859375 1077.5 1133.800048828125 1144.0999755859375 1146.4000244140625 1147.0999755859375 1171.9000244140625 1116.5 1103.9000244140625 1118.0999755859375 1078.0999755859375 1035.199951171875 1047.5 1043.300048828125 1001.9000244140625 953.29998779296875 859.70001220703125 747.20001220703125 723.20001220703125 802.5999755859375 857.5999755859375 798.9000244140625 780.5 796.79998779296875 839.70001220703125 913.79998779296875 979.9000244140625 1010.5999755859375 1051.699951171875 1095.9000244140625 1133.199951171875 1192.699951171875 1251 1233.199951171875 1271.5999755859375 -9999 -9999 -9999 -9999 -9999 -9999 -9999 -9999 -9999 -9999 -9999 -9999 -9999 -9999 -9999 -9999 -9999 -9999 -9999 -9999
832.0999755859375 919.79998779296875 984.29998779296875 1041.0999755859375 1105 1193.9000244140625 1280.5999755859375 1292.300048828125 1239.199951171875 1240.4000244140625 1240.5 1172 1112.9000244140625 1065.800048828125 1009.4000244140625 1005.70001220703125 950.20001220703125 868.5999755859375 823.29998779296875 789.79998779296875 758.5999755859375 740.29998779296875 781 863.70001220703125 892.0999755859375 875.0999755859375 885.20001220703125 837.20001220703125 835.70001220703125 881.9000244140625 939.0999755859375 1009.20001220703125 1050.300048828125 1114.9000244140625 1193 1268.9000244140625 1281.4000244140625 -9999 -9999 -9999 -9999 -9999 -9999 -9999 -9999 -9999 -9999 -9999 -9999 -9999 -9999 -9999 -9999 -9999 -9999 -9999 -9999 -9999
849.9000244140625 949.9000244140625 1014.5 1065.5999755859375 1120.4000244140625 1200.5 1329 1390.0999755859375 1359.199951171875 1326.5999755859375 1236.0999755859375 1117.4000244140625 1047 986.4000244140625 927.0999755859375 886.29998779296875 855.79998779296875 845.5999755859375 845.5 857 822.20001220703125 770.9000244140625 785 797.5 887.5999755859375 942.4000244140625 970.4000244140625 977.0999755859375 893.4000244140625 892.70001220703125 923.0999755859375 967.0999755859375 1014.5999755859375 1077.4000244140625 1151.4000244140625 1220.199951171875 1275.9000244140625 -9999 -9999 -9999 -9999 -9999 -9999 -9999 -9999 -9999 -9999 -9999 -9999 -9999 -9999 -9999 -9999 -9999 -9999 -9999 -9999 -9999
857.5 938.5999755859375 1029.0999755859375 1082.4000244140625 1151.9000244140625 1218.4000244140625 1262.5 1299.800048828125 1341 1363.9000244140625 1258 1165.800048828125 1125.199951171875 1075.300048828125 1035.9000244140625 980.5999755859375 989.0999755859375 1004.5999755859375 995.70001220703125 947.70001220703125 858 795.70001220703125 870.4000244140625 891.20001220703125 902.0999755859375 941.29998779296875 1002.5999755859375 1027.199951171875 971.5 987.4000244140625 1043.4000244140625 1091.699951171875 1101.0999755859375 1132.199951171875 1178.4000244140625 1246.0999755859375 -9999 -9999 -9999 -9999 -9999 -9999 -9999 -9999 -9999 -9999 -9999 -9999 -9999 -9999 -9999 -9999 -9999 -9999 -9999 -9999 -9999 -9999
873 942.29998779296875 1042.199951171875 1089.699951171875 1114.9000244140625 1145.800048828125 1238.199951171875 1321.800048828125 1324.800048828125 1364.699951171875 1296.800048828125 1218.0999755859375 1170.0999755859375 1142.5999755859375 1128.4000244140625 1129.4000244140625 1123.4000244140625 1086.4000244140625 1026.4000244140625 960.29998779296875 881.20001220703125 811.4000244140625 873.0999755859375 937.0999755859375 984.9000244140625 990.79998779296875 1004 1060.5 1074.5 1083.5 1123.0999755859375 1169.199951171875 1207.4000244140625 1223.5999755859375 -9999 -9999 -9999 -9999 -9999 -9999 -9999 -9999 -9999 -9999 -9999 -9999 -9999 -9999 -9999 -9999 -9999 -9999 -9999 -9999 -9999 -9999 -9999 -9999
922.5 896.0999755859375 969.79998779296875 1029.4000244140625 1090.5 1175.0999755859375 1262 1278.699951171875 1281.800048828125 1354.9000244140625 1296.300048828125 1214.9000244140625 1132.300048828125 1075.0999755859375 1089.9000244140625 1100.300048828125 1055.300048828125 987.0999755859375 920 884.9000244140625 842.79998779296875 833.0999755859375 898.5 940.20001220703125 994.0999755859375 1048.5999755859375 1088.699951171875 1128.199951171875 1139.699951171875 1136.300048828125 -9999 -9999 -9999 -9999 -9999 -9999 -9999 -9999 -9999 -9999 -9999 -9999 -9999 -9999 -9999 -9999 -9999 -9999 -9999 -9999 -9999 -9999 -9999 -9999 -9999 -9999 -9999 -9999
906.70001220703125 942.20001220703125 991.5999755859375 1019.9000244140625 1057.4000244140625 1128.800048828125 1185.5999755859375 1206.4000244140625 1274.800048828125 1344 1274.5999755859375 1204.4000244140625 1145.5 1057.199951171875 975.9000244140625 960.0999755859375 930.70001220703125 897.29998779296875 897.20001220703125 873.9000244140625 849.0999755859375 911.5999755859375 938.5 978.20001220703125 1031.800048828125 1080.300048828125 1134.699951171875 -9999 -9999 -9999 -9999 -9999 -9999 -9999 -9999 -9999 -9999 -9999 -9999 -9999 -9999 -9999 -9999 -9999 -9999 -9999 -9999 -9999 -9999 -9999 -9999 -9999 -9999 -9999 -9999 -9999 -9999 -9999
921.79998779296875 977.79998779296875 1053.5 1099.199951171875 1113.800048828125 1115.4000244140625 1169.699951171875 1219.199951171875 1304.199951171875 1359.699951171875 1265 1177.5999755859375 1117.800048828125 1026.4000244140625 978.79998779296875 997.70001220703125 1003.0999755859375 1008.5 1029.9000244140625 960.9000244140625 878.70001220703125 964 1023.29998779296875 1048.300048828125 1080.5 1119.4000244140625 1155.800048828125 -9999 -9999 -9999 -9999 -9999 -9999 -9999 -9999 -9999 -9999 -9999 -9999 -9999 -9999 -9999 -9999 -9999 -9999 -9999 -9999 -9999 -9999 -9999 -9999 -9999 -9999 -9999 -9999 -9999 -9999 -9999
