data/case_study_destine/runner_hmc/geo/gridded/marche.dem.txt
ncols        643
nrows        534
xllcorner    12.041800000000
yllcorner    42.520600000000
cellsize     0.003003000000
NODATA_value  -9999
[rows 225 to 249 of 534, columns 174 to 231 of 643]
693.5999755859375 721.5 758.29998779296875 817.5999755859375 877 949.70001220703125 971.4000244140625 923.70001220703125 916.20001220703125 892 874.5999755859375 828.29998779296875 752.29998779296875 638.20001220703125 605.20001220703125 616.5 587.20001220703125 560.29998779296875 537.20001220703125 546.9000244140625 519.5 482.399993896484375 420.70001220703125 429.79998779296875 453.20001220703125 479.100006103515625 544.29998779296875 646.29998779296875 776.20001220703125 877 883.29998779296875 807 715.29998779296875 626.29998779296875 567.5 549.9000244140625 585.0999755859375 701.9000244140625 827.5 926.5 989 960.20001220703125 952.20001220703125 910.0999755859375 931.0999755859375 1037.800048828125 1131.5999755859375 1196.9000244140625 1315 1469.5999755859375 1482.9000244140625 1398.699951171875 1358.300048828125 1295.5 1069.800048828125 869.5 736.9000244140625 664.9000244140625
669.0999755859375 689 712.29998779296875 754.70001220703125 805 870.0999755859375 940.9000244140625 990.20001220703125 980 914 862.5 823.0999755859375 777.9000244140625 743.70001220703125 729.4000244140625 663.4000244140625 609.29998779296875 564.79998779296875 548.0999755859375 552.5999755859375 493 451.100006103515625 427.5 463 518.9000244140625 519.0999755859375 544.79998779296875 641.9000244140625 761.29998779296875 889.79998779296875 993.79998779296875 993.5 903 812.29998779296875 738.4000244140625 663.4000244140625 587.29998779296875 611.79998779296875 714.5999755859375 829 913.70001220703125 858.4000244140625 813.29998779296875 779.4000244140625 830.4000244140625 919 974.4000244140625 1086.9000244140625 1255 1388.4000244140625 1441.5999755859375 1417.5999755859375 1433.0999755859375 1336.300048828125 1054.5 895.79998779296875 768.20001220703125 699.20001220703125
622 660.5999755859375 684.5 712.9000244140625 744 803.20001220703125 853.4000244140625 905.9000244140625 959.29998779296875 921.79998779296875 843.4000244140625 798.79998779296875 779.29998779296875 789.5999755859375 793.0999755859375 688.79998779296875 604.70001220703125 557.79998779296875 500.29998779296875 481.70001220703125 443.899993896484375 430.899993896484375 442.100006103515625 540.70001220703125 604.5999755859375 623 638.20001220703125 681.5 760.5999755859375 849.5 938.20001220703125 953.9000244140625 901.79998779296875 865.5999755859375 836.5 803.79998779296875 736.5999755859375 690.5999755859375 703.20001220703125 742 790.5 811.9000244140625 751.79998779296875 709.5999755859375 748.29998779296875 823.79998779296875 927.79998779296875 1062.800048828125 1167.5999755859375 1252 1304 1357.5 1352.9000244140625 1134 932.70001220703125 827 726.29998779296875 726.0999755859375
571.0999755859375 615.5999755859375 655.0999755859375 668.70001220703125 701.5999755859375 742.79998779296875 770.70001220703125 815.0999755859375 871.5999755859375 912 880.0999755859375 810.79998779296875 751 690.20001220703125 691.20001220703125 648.20001220703125 561 494.79998779296875 449.20001220703125 445 471.70001220703125 475.399993896484375 440.899993896484375 508.79998779296875 588.20001220703125 645.5999755859375 708 742.70001220703125 780.9000244140625 776.79998779296875 733.29998779296875 720.79998779296875 707.9000244140625 792.5 882.70001220703125 934.5 934.4000244140625 893.5 853.5 794.5999755859375 732.9000244140625 716.79998779296875 704.79998779296875 667.5999755859375 698.5999755859375 769.4000244140625 864.70001220703125 922 1017.0999755859375 1079.5 1165.699951171875 1305.699951171875 1245.9000244140625 947.20001220703125 772.0999755859375 683.79998779296875 607 648.4000244140625
582 556.5 580.5 655.20001220703125 698.5 693.29998779296875 725.9000244140625 763.20001220703125 768.29998779296875 818.4000244140625 863.0999755859375 855.70001220703125 787.29998779296875 685.70001220703125 569.29998779296875 509.70001220703125 476.79998779296875 457 479.100006103515625 507.100006103515625 534 543.9000244140625 474.79998779296875 463.899993896484375 487 556.5999755859375 679.29998779296875 758.5 758.20001220703125 638.20001220703125 620.4000244140625 686.4000244140625 776.5 902.0999755859375 1011.79998779296875 1074.300048828125 1087.5999755859375 1063.5 1024.800048828125 953.70001220703125 849.29998779296875 744.70001220703125 690.20001220703125 667.79998779296875 646.29998779296875 636.5999755859375 678.79998779296875 752.5999755859375 867.5999755859375 907 1051.300048828125 1162.699951171875 1101.800048828125 895 759.29998779296875 643.70001220703125 539.5 507.29998779296875
609.5 552.5999755859375 545.0999755859375 611.5 629.79998779296875 632.4000244140625 671.5999755859375 703.0999755859375 703.29998779296875 733.5 740.5 746.5999755859375 743.79998779296875 652.5 522.5999755859375 510.29998779296875 547.20001220703125 547.79998779296875 559.29998779296875 576.5999755859375 556.9000244140625 569.70001220703125 555.5 542.29998779296875 505.399993896484375 501 634.29998779296875 703.9000244140625 672.5 582.79998779296875 678.29998779296875 818.5999755859375 896 962.20001220703125 1016.4000244140625 1007.29998779296875 993.79998779296875 1016.5 1085.4000244140625 1069.5 940.70001220703125 813.29998779296875 776.5 820.29998779296875 776.70001220703125 692.79998779296875 616.20001220703125 629.5 727.9000244140625 767.4000244140625 910.5999755859375 1023.5 980.5999755859375 833.20001220703125 715.9000244140625 566.79998779296875 491.600006103515625 474.79998779296875
605.9000244140625 614.70001220703125 567.79998779296875 541.20001220703125 542.70001220703125 550.5999755859375 595.29998779296875 624.4000244140625 657.5999755859375 668.79998779296875 629.20001220703125 616.0999755859375 580.0999755859375 517.9000244140625 540.20001220703125 659.5999755859375 728.70001220703125 691.5 636.5 640.0999755859375 608.0999755859375 622.29998779296875 609.70001220703125 573.5 528.70001220703125 479.600006103515625 520.5999755859375 555.0999755859375 582 646.79998779296875 760.20001220703125 873.5 874.0999755859375 824.4000244140625 816.70001220703125 784 777.29998779296875 877.0999755859375 1029.699951171875 1080.699951171875 972.5 898 905.79998779296875 979.4000244140625 950.0999755859375 845.79998779296875 709.4000244140625 587 619.20001220703125 666.20001220703125 774 888.20001220703125 896.9000244140625 787.9000244140625 663 526 521.29998779296875 586
688.29998779296875 701.0999755859375 643 584.5999755859375 553.0999755859375 539.4000244140625 524.70001220703125 543.5999755859375 569.9000244140625 564.5 543.5 512.0999755859375 501.399993896484375 542.0999755859375 658.29998779296875 781.5 822.20001220703125 790.29998779296875 747.5 735.70001220703125 681.4000244140625 658.9000244140625 618.70001220703125 599.5 553.5999755859375 528.29998779296875 502 550 670.29998779296875 789.20001220703125 884.5 895.29998779296875 779.4000244140625 666.79998779296875 684.20001220703125 716.29998779296875 794.4000244140625 914.70001220703125 1036.300048828125 1061 985.4000244140625 982.5 1032.800048828125 1072.199951171875 1010.5999755859375 892.5 768.9000244140625 612.5 557.79998779296875 560.20001220703125 612.0999755859375 738.5 809.79998779296875 758.20001220703125 626.79998779296875 497.79998779296875 527.70001220703125 641.0999755859375
727.4000244140625 679.4000244140625 636.70001220703125 621.20001220703125 623.5999755859375 615.29998779296875 556 529.79998779296875 517.20001220703125 504.20001220703125 504.899993896484375 504.79998779296875 559.20001220703125 618.9000244140625 704.0999755859375 813.5999755859375 893.20001220703125 877.0999755859375 856.9000244140625 829.9000244140625 735.5 675.4000244140625 640.79998779296875 601.70001220703125 578.79998779296875 585.70001220703125 553 519.5999755859375 601.0999755859375 716.0999755859375 821.5999755859375 775 658.0999755859375 654.5 785.79998779296875 872.4000244140625 898.9000244140625 952.5 983.20001220703125 919.4000244140625 893.0999755859375 907.5999755859375 974 1027.4000244140625 965.29998779296875 868.0999755859375 743.79998779296875 592.20001220703125 594.70001220703125 600.79998779296875 559.5999755859375 572.4000244140625 628.9000244140625 638.5999755859375 550.70001220703125 496.899993896484375 574.4000244140625 676.70001220703125
712.5999755859375 673.5999755859375 679 670.9000244140625 668.70001220703125 637.20001220703125 581.70001220703125 536.29998779296875 521.5999755859375 550.70001220703125 559.70001220703125 517.70001220703125 580.5999755859375 645.5 713.5 797.5999755859375 892.4000244140625 938.79998779296875 916.20001220703125 869.29998779296875 798.20001220703125 734.70001220703125 673.5999755859375 635.29998779296875 623.4000244140625 623 621.20001220703125 551.5 530.9000244140625 597.0999755859375 635.20001220703125 615.9000244140625 661.29998779296875 780.79998779296875 894.5999755859375 862.4000244140625 779.9000244140625 813 820.5 804.0999755859375 818.29998779296875 769.79998779296875 835.0999755859375 902.0999755859375 846.5999755859375 778.5 679.0999755859375 578.9000244140625 662.79998779296875 761 707.0999755859375 605.29998779296875 577.70001220703125 622.79998779296875 612.5999755859375 599.9000244140625 680.9000244140625 673.5999755859375
745.20001220703125 747.20001220703125 744.5999755859375 698.0999755859375 672.4000244140625 643.79998779296875 559.5999755859375 537 563.9000244140625 612.5999755859375 605.20001220703125 532.9000244140625 565.5999755859375 650.5999755859375 701.29998779296875 771.4000244140625 843.70001220703125 930 968.4000244140625 943.5 881.79998779296875 791 730.5 694.70001220703125 668.5999755859375 666.9000244140625 647.29998779296875 611.9000244140625 559.4000244140625 562.5 631.5999755859375 727.29998779296875 820.4000244140625 918.9000244140625 972.4000244140625 906.5999755859375 775.9000244140625 708.29998779296875 710.0999755859375 750.20001220703125 784.4000244140625 702.4000244140625 707.4000244140625 732.70001220703125 683.4000244140625 620.29998779296875 592.4000244140625 603.5 731.9000244140625 871.5999755859375 896.29998779296875 776.4000244140625 728.70001220703125 819.4000244140625 831.20001220703125 761.20001220703125 665.4000244140625 578.29998779296875
819.9000244140625 800.0999755859375 740.9000244140625 653.9000244140625 591.79998779296875 569.20001220703125 556.4000244140625 623.20001220703125 630.79998779296875 623 628.5 551.29998779296875 576.0999755859375 641.9000244140625 686.29998779296875 736.4000244140625 798 873.9000244140625 945.5999755859375 985.79998779296875 921.29998779296875 859.79998779296875 812.0999755859375 756 717.4000244140625 688.4000244140625 657.79998779296875 618.0999755859375 621.5999755859375 624.29998779296875 674.4000244140625 728.5999755859375 777.5999755859375 857.9000244140625 946.20001220703125 972.79998779296875 878.5 738 666.29998779296875 684.29998779296875 689.79998779296875 634.9000244140625 594.20001220703125 601.5 618.70001220703125 664.9000244140625 641.9000244140625 672.5 810.0999755859375 938.9000244140625 1046.0999755859375 1013.5 969.70001220703125 977.5999755859375 911 738.29998779296875 631.0999755859375 674.9000244140625
765.20001220703125 724.9000244140625 647.79998779296875 595.79998779296875 585.4000244140625 560.70001220703125 608.20001220703125 684.0999755859375 701.70001220703125 658.9000244140625 627 562.79998779296875 577.0999755859375 642.5 667.4000244140625 709.4000244140625 768.70001220703125 829.4000244140625 887.5999755859375 943.79998779296875 960.79998779296875 934.79998779296875 872.20001220703125 805.70001220703125 758.4000244140625 711 675.29998779296875 643.70001220703125 664.29998779296875 681.0999755859375 692.5999755859375 699.79998779296875 722.5 770.79998779296875 851.5999755859375 911 851.20001220703125 755.20001220703125 652.70001220703125 606.5999755859375 617 656.70001220703125 722.0999755859375 779.20001220703125 813.79998779296875 858.70001220703125 798 767.9000244140625 917.9000244140625 1060.300048828125 1195.199951171875 1234.9000244140625 1178.300048828125 1096.9000244140625 963.9000244140625 814.5 762.0999755859375 835.70001220703125
657.5999755859375 630.5 627.9000244140625 659.70001220703125 635.5999755859375 603.4000244140625 672.20001220703125 708.29998779296875 739.5 710.9000244140625 666.29998779296875 590.20001220703125 566.29998779296875 621.5 677.9000244140625 729.70001220703125 774 806.29998779296875 826.5 857.5 900.70001220703125 932.20001220703125 911.9000244140625 865.29998779296875 808 752.5 706.4000244140625 683.5 690.5999755859375 691.29998779296875 696 687.20001220703125 686.79998779296875 709.5 752.20001220703125 747.70001220703125 679.5999755859375 630.5999755859375 617.9000244140625 613.70001220703125 626.5 690.5 756.70001220703125 832.79998779296875 896.0999755859375 950.5 931.0999755859375 933 1040.5 1164.800048828125 1281 1310.699951171875 1258 1174.0999755859375 1084.0999755859375 980.20001220703125 911.20001220703125 847.4000244140625
692 686.0999755859375 748.70001220703125 730.5 655.0999755859375 675.5999755859375 750.20001220703125 790.4000244140625 771.5 721.9000244140625 644.0999755859375 608.5999755859375 616.5999755859375 617 681.29998779296875 728 761.5 780.29998779296875 775.0999755859375 796.20001220703125 820.9000244140625 854 890.20001220703125 898.9000244140625 869.79998779296875 822.9000244140625 756.5999755859375 712.4000244140625 691.5999755859375 658.5 648.70001220703125 661.29998779296875 653.0999755859375 658.5 639.0999755859375 625.9000244140625 654.5 710.5999755859375 770.5999755859375 767.9000244140625 674 640.4000244140625 684.4000244140625 769 840.5999755859375 913.20001220703125 971.4000244140625 1026.9000244140625 1113.5 1180.9000244140625 1170.9000244140625 1152.699951171875 1121.5999755859375 1059 991.5 936.4000244140625 856.5 733.9000244140625
753.79998779296875 749.70001220703125 794.70001220703125 743.5 680.5999755859375 712.79998779296875 785.79998779296875 811.79998779296875 750.0999755859375 696.20001220703125 679 713 703.70001220703125 663.9000244140625 659.29998779296875 700.5 759.4000244140625 766.70001220703125 745 766.20001220703125 774.0999755859375 786.70001220703125 808.5 837.70001220703125 844.4000244140625 806.20001220703125 753.5 702.5999755859375 651.4000244140625 619.0999755859375 614.79998779296875 614 610.5 607.5999755859375 606.0999755859375 646.5 718.5999755859375 -9999 -9999 919.79998779296875 824.5999755859375 678 703.4000244140625 779 836.9000244140625 896.29998779296875 951.29998779296875 1008.70001220703125 1046.800048828125 1008.9000244140625 960.4000244140625 941.5 932.5999755859375 942.9000244140625 882.4000244140625 781.70001220703125 726.5999755859375 606.9000244140625
826.4000244140625 803.20001220703125 775.29998779296875 733.5 708.5999755859375 733.29998779296875 794.29998779296875 819.5 788.0999755859375 747.0999755859375 721.4000244140625 760.4000244140625 756.70001220703125 712 686.4000244140625 703 740.5 737.4000244140625 727.29998779296875 734.79998779296875 745.79998779296875 754.5999755859375 752.0999755859375 759 777.79998779296875 747.29998779296875 682.79998779296875 648.9000244140625 634.0999755859375 649.5 664.0999755859375 657 657 -9999 -9999 -9999 -9999 -9999 -9999 -9999 888 753.5999755859375 754.79998779296875 840.9000244140625 890.79998779296875 954.0999755859375 1011.5 1063 1045.300048828125 953.70001220703125 882.0999755859375 848.5 796.0999755859375 795.5999755859375 774.0999755859375 691.5 656.79998779296875 625.29998779296875
-9999 -9999 800.70001220703125 780.70001220703125 752.0999755859375 750.9000244140625 783.9000244140625 820.5 838.5 786.29998779296875 790.70001220703125 814.70001220703125 778.70001220703125 754 766 750.4000244140625 737.4000244140625 747.4000244140625 737.0999755859375 715.0999755859375 716.29998779296875 725.9000244140625 722.0999755859375 718.70001220703125 697.79998779296875 654.70001220703125 659.20001220703125 692.5999755859375 713.79998779296875 733.5999755859375 721.5 692.70001220703125 -9999 -9999 -9999 -9999 -9999 -9999 -9999 -9999 -9999 811.0999755859375 815.20001220703125 873 915.29998779296875 972.4000244140625 1047.199951171875 1124 1141.0999755859375 1059.4000244140625 999.5999755859375 939.20001220703125 823 797.4000244140625 813.9000244140625 838.79998779296875 902.20001220703125 868.79998779296875
-9999 -9999 -9999 799 783.4000244140625 795 813.70001220703125 852.5 872.5 860.5 872.70001220703125 860.70001220703125 828.20001220703125 806.5 798.29998779296875 776.4000244140625 754.20001220703125 743.5 734.0999755859375 713.70001220703125 701.79998779296875 673.0999755859375 668 662.0999755859375 645.29998779296875 645 707.29998779296875 767.5999755859375 786.0999755859375 784.4000244140625 -9999 -9999 -9999 -9999 -9999 -9999 -9999 -9999 -9999 -9999 -9999 -9999 -9999 -9999 -9999 -9999 -9999 -9999 1118.300048828125 1042.800048828125 981.9000244140625 911.70001220703125 886.29998779296875 941.5 987.70001220703125 1000.4000244140625 1070 1067.0999755859375
-9999 -9999 -9999 -9999 833.0999755859375 855.5 856.5999755859375 867.29998779296875 -9999 -9999 -9999 -9999 854.5999755859375 844.70001220703125 826.20001220703125 797.0999755859375 774.70001220703125 734.5999755859375 712 713.4000244140625 732.20001220703125 699.5 667.5999755859375 676.70001220703125 681.5 690.9000244140625 710.29998779296875 -9999 -9999 -9999 -9999 -9999 -9999 -9999 -9999 -9999 -9999 -9999 -9999 -9999 -9999 -9999 -9999 -9999 -9999 -9999 -9999 -9999 1054.300048828125 966.0999755859375 933.5 958.0999755859375 1026.5999755859375 1083.0999755859375 1136.199951171875 1191.300048828125 1218.300048828125 1147.699951171875
-9999 -9999 -9999 -9999 -9999 -9999 -9999 -9999 -9999 -9999 -9999 -9999 -9999 868 824 778.79998779296875 749.0999755859375 747.0999755859375 734.4000244140625 728.20001220703125 738.70001220703125 716 720.79998779296875 734.5999755859375 721.4000244140625 -9999 -9999 -9999 -9999 -9999 -9999 -9999 -9999 -9999 -9999 -9999 -9999 -9999 -9999 -9999 -9999 -9999 -9999 -9999 -9999 -9999 -9999 -9999 -9999 1083.5999755859375 1091.800048828125 1109 1186.9000244140625 1262.800048828125 1297.5999755859375 1302.699951171875 1278.4000244140625 1164.300048828125
-9999 -9999 -9999 -9999 -9999 -9999 -9999 -9999 -9999 -9999 -9999 -9999 -9999 840 794.20001220703125 791 804.0999755859375 774.79998779296875 761 766.9000244140625 737.5 720.0999755859375 -9999 -9999 -9999 -9999 -9999 -9999 -9999 -9999 -9999 -9999 -9999 -9999 -9999 -9999 -9999 -9999 -9999 -9999 -9999 -9999 -9999 -9999 -9999 -9999 -9999 -9999 -9999 -9999 -9999 1246.300048828125 1323.0999755859375 1379.4000244140625 -9999 -9999 -9999 1284
-9999 -9999 -9999 -9999 -9999 -9999 -9999 -9999 -9999 -9999 -9999 -9999 848.70001220703125 816.29998779296875 816 851.5 843.4000244140625 802.79998779296875 791.20001220703125 789.79998779296875 752.4000244140625 -9999 -9999 -9999 -9999 -9999 -9999 -9999 -9999 -9999 -9999 -9999 -9999 -9999 -9999 -9999 -9999 -9999 -9999 -9999 -9999 -9999 -9999 -9999 -9999 -9999 -9999 -9999 -9999 -9999 -9999 -9999 -9999 -9999 -9999 -9999 -9999 -9999
-9999 -9999 -9999 -9999 -9999 -9999 -9999 -9999 -9999 -9999 -9999 -9999 -9999 833 -9999 -9999 -9999 859.5 -9999 -9999 -9999 -9999 -9999 -9999 -9999 -9999 -9999 -9999 -9999 -9999 -9999 -9999 -9999 -9999 -9999 -9999 -9999 -9999 -9999 -9999 -9999 -9999 -9999 -9999 -9999 -9999 -9999 -9999 -9999 -9999 -9999 -9999 -9999 -9999 -9999 -9999 -9999 -9999
-9999 -9999 -9999 -9999 -9999 -9999 -9999 -9999 -9999 -9999 -9999 -9999 -9999 -9999 -9999 -9999 -9999 -9999 -9999 -9999 -9999 -9999 -9999 -9999 -9999 -9999 -9999 -9999 -9999 -9999 -9999 -9999 -9999 -9999 -9999 -9999 -9999 -9999 -9999 -9999 -9999 -9999 -9999 -9999 -9999 -9999 -9999 -9999 -9999 -9999 -9999 -9999 -9999 -9999 -9999 -9999 -9999 -9999
