data/case_study_destine/runner_hmc/geo/gridded/marche.dem.txt
ncols        643
nrows        534
xllcorner    12.041800000000
yllcorner    42.520600000000
cellsize     0.003003000000
NODATA_value  -9999
[rows 375 to 399 of 534, columns 464 to 521 of 643]
724.9000244140625 774.4000244140625 819 888.5 891.4000244140625 848.20001220703125 792 745.9000244140625 717.5 687.5 663.9000244140625 617.4000244140625 562.70001220703125 523.9000244140625 546.5999755859375 595.20001220703125 599.0999755859375 558.9000244140625 523.4000244140625 488.100006103515625 451.70001220703125 416.399993896484375 390.100006103515625 385.5 372.5 366 353.899993896484375 343.100006103515625 322.5 327.100006103515625 338.29998779296875 350.100006103515625 357.600006103515625 366.399993896484375 388.79998779296875 393.70001220703125 440.70001220703125 488.79998779296875 463.70001220703125 421.5 372.70001220703125 330 286.70001220703125 257 259.399993896484375 286.100006103515625 298.29998779296875 303.20001220703125 306.20001220703125 314.20001220703125 328.899993896484375 347.5 347.79998779296875 361.899993896484375 398.899993896484375 434.70001220703125 483.899993896484375 517.20001220703125
718.79998779296875 759.79998779296875 803.29998779296875 845.20001220703125 877 882.9000244140625 836.4000244140625 776.70001220703125 726 695.9000244140625 676.29998779296875 636.70001220703125 581.0999755859375 508.399993896484375 486.79998779296875 522.5999755859375 516.5999755859375 482.79998779296875 438.100006103515625 420.600006103515625 408.70001220703125 399.100006103515625 384.70001220703125 367.100006103515625 330.79998779296875 316.100006103515625 308.600006103515625 309.79998779296875 308.20001220703125 304.5 297.899993896484375 294.100006103515625 295.600006103515625 303.29998779296875 326.100006103515625 350.79998779296875 394 397.899993896484375 368.100006103515625 331.600006103515625 297.100006103515625 271.70001220703125 260.600006103515625 277.29998779296875 308.79998779296875 332.100006103515625 336.899993896484375 327.100006103515625 324.70001220703125 329.899993896484375 351.79998779296875 362.5 374.29998779296875 391.70001220703125 424.600006103515625 475.29998779296875 517.29998779296875 556.29998779296875
692.5999755859375 738.5999755859375 785.20001220703125 790.0999755859375 785.5999755859375 806.5 789 773.5 725.5999755859375 648.70001220703125 621.5 630 585.9000244140625 513.5999755859375 454.29998779296875 443.100006103515625 406.399993896484375 370.20001220703125 344.70001220703125 343.100006103515625 352.29998779296875 349 336.100006103515625 327.29998779296875 320.70001220703125 333 372.5 399.600006103515625 383.20001220703125 348.899993896484375 310.100006103515625 300 305.399993896484375 291.600006103515625 284.5 285.399993896484375 292.20001220703125 287.899993896484375 280.29998779296875 270.399993896484375 265.20001220703125 274.5 312.79998779296875 339 360.70001220703125 388.79998779296875 383.5 356.29998779296875 340.79998779296875 342.20001220703125 370.79998779296875 394.79998779296875 429.20001220703125 473.899993896484375 480.5 491.79998779296875 535.20001220703125 552.4000244140625
701.79998779296875 727.5 750 739.9000244140625 725.4000244140625 734 708.5 700.0999755859375 679.5999755859375 580.79998779296875 498.20001220703125 496.600006103515625 499.600006103515625 438.79998779296875 379.399993896484375 356 352.899993896484375 359.70001220703125 370.5 355.899993896484375 336.20001220703125 349.600006103515625 368 385.899993896484375 392.399993896484375 421.20001220703125 466.899993896484375 456.899993896484375 405.70001220703125 335.70001220703125 338.5 360.399993896484375 360 346.100006103515625 341.5 327.399993896484375 308.29998779296875 326.29998779296875 319.20001220703125 308.5 298.100006103515625 346.79998779296875 390.399993896484375 386.5 417.100006103515625 436.20001220703125 409 374.70001220703125 355.20001220703125 373.29998779296875 420.899993896484375 451.5 466.600006103515625 528.79998779296875 552.4000244140625 541.5999755859375 554.5 520.4000244140625
664.20001220703125 687.5999755859375 716.20001220703125 709.20001220703125 673.5 672.79998779296875 663.79998779296875 648.70001220703125 628.29998779296875 571 489.79998779296875 425.29998779296875 393.5 363.399993896484375 376.20001220703125 398.29998779296875 427.100006103515625 438.5 446.100006103515625 428 385.899993896484375 426.5 465.899993896484375 477.29998779296875 466.899993896484375 476.899993896484375 474.79998779296875 429.29998779296875 375.29998779296875 337.79998779296875 402.399993896484375 398.5 382.399993896484375 387.600006103515625 396.600006103515625 407.29998779296875 366.79998779296875 401.100006103515625 423.899993896484375 409.100006103515625 371 387.100006103515625 418.70001220703125 431.20001220703125 459.79998779296875 462.29998779296875 421.399993896484375 400 372.600006103515625 397 453.399993896484375 520.0999755859375 540.4000244140625 552 576.29998779296875 548.4000244140625 496.79998779296875 483
612.5999755859375 640.70001220703125 676.9000244140625 693.5 640.29998779296875 617.70001220703125 612.0999755859375 608.70001220703125 584.5 535.20001220703125 454.29998779296875 379.70001220703125 365.600006103515625 398.899993896484375 454.600006103515625 483.79998779296875 512.29998779296875 498.600006103515625 493.399993896484375 458.5 431.600006103515625 453.100006103515625 494.600006103515625 507.600006103515625 475.399993896484375 452.29998779296875 453.29998779296875 407.899993896484375 353.899993896484375 348.70001220703125 424.5 429.899993896484375 429.100006103515625 434.20001220703125 441.5 478.79998779296875 429.20001220703125 406.20001220703125 416 415.29998779296875 409.79998779296875 395 402.600006103515625 425.70001220703125 466.29998779296875 479.20001220703125 447.79998779296875 415.899993896484375 382.600006103515625 424.79998779296875 492.600006103515625 538.9000244140625 583 556.9000244140625 527.79998779296875 511.399993896484375 466.100006103515625 441.29998779296875
581.79998779296875 619.4000244140625 648.0999755859375 673.79998779296875 622.70001220703125 572.70001220703125 557 557.70001220703125 544.5 499.600006103515625 406.100006103515625 382.399993896484375 432.79998779296875 466.5 490.79998779296875 518.70001220703125 557.5999755859375 552 508.899993896484375 479.29998779296875 484.600006103515625 517.70001220703125 534.5 505.100006103515625 460.600006103515625 402.79998779296875 378.70001220703125 356.70001220703125 353.5 402.29998779296875 454.100006103515625 482.29998779296875 503.5 493.70001220703125 503.29998779296875 525.5 462 459.20001220703125 466.79998779296875 437 423.399993896484375 434.899993896484375 448.29998779296875 471.70001220703125 494.20001220703125 479.100006103515625 444.399993896484375 426.5 425.899993896484375 433.5 486.899993896484375 530.20001220703125 560.5 519.29998779296875 473.70001220703125 462.79998779296875 441.600006103515625 398.899993896484375
568.9000244140625 598.20001220703125 631.29998779296875 643.0999755859375 591.5 543.4000244140625 498.100006103515625 493.5 483.79998779296875 431.79998779296875 383.29998779296875 419.100006103515625 480.600006103515625 505.20001220703125 529.29998779296875 558.70001220703125 606.5999755859375 598.20001220703125 549.29998779296875 519.5999755859375 539.5 555.9000244140625 528 485.20001220703125 434.899993896484375 375.79998779296875 382.899993896484375 380.899993896484375 368.899993896484375 434.29998779296875 465.29998779296875 510.5 563.5 569.5 573 527.4000244140625 482.79998779296875 512.0999755859375 502.899993896484375 470.399993896484375 443.5 463.899993896484375 491.79998779296875 513.79998779296875 516 493.399993896484375 487.100006103515625 490.20001220703125 481 490.100006103515625 531.29998779296875 547.70001220703125 523 480.79998779296875 458.399993896484375 419.899993896484375 409.899993896484375 376.399993896484375
538.5 565.9000244140625 608.79998779296875 591.79998779296875 559.5999755859375 514.5 441.70001220703125 412.20001220703125 399.20001220703125 395.29998779296875 404.79998779296875 434.29998779296875 485.600006103515625 512.79998779296875 541.5 573.70001220703125 624.4000244140625 647.5 605.5 580.79998779296875 584.70001220703125 552.70001220703125 503.20001220703125 461.399993896484375 399.79998779296875 387.899993896484375 451.29998779296875 451.79998779296875 402.899993896484375 418.899993896484375 462.600006103515625 526.4000244140625 604.0999755859375 635.5 596.29998779296875 533.79998779296875 514.29998779296875 538.0999755859375 538.70001220703125 497.20001220703125 487.29998779296875 496.399993896484375 503.29998779296875 509.70001220703125 518.79998779296875 508.100006103515625 517.79998779296875 522.29998779296875 522.20001220703125 555.79998779296875 563.9000244140625 533.20001220703125 474.899993896484375 424 417.5 383.70001220703125 363.100006103515625 337.70001220703125
481.70001220703125 521 538.5999755859375 495.899993896484375 457.79998779296875 430.5 405.79998779296875 426.70001220703125 452 482.20001220703125 505.899993896484375 491.29998779296875 502.399993896484375 524 555.20001220703125 584.79998779296875 610.5999755859375 656 672.70001220703125 636.20001220703125 590.20001220703125 554.0999755859375 515.5999755859375 446.399993896484375 398.399993896484375 441.5 493.100006103515625 496.899993896484375 458.899993896484375 427 447.899993896484375 503.399993896484375 569.4000244140625 621.0999755859375 623.79998779296875 578.79998779296875 563.70001220703125 567.4000244140625 575.9000244140625 556.79998779296875 549.70001220703125 520.70001220703125 480.899993896484375 463.20001220703125 472.20001220703125 457.79998779296875 480.600006103515625 485.29998779296875 492.79998779296875 518.4000244140625 496.29998779296875 459.100006103515625 421.70001220703125 366.70001220703125 323.79998779296875 310.20001220703125 299.600006103515625 290.79998779296875
430.100006103515625 431.600006103515625 421.5 407.29998779296875 399.79998779296875 401.899993896484375 431.70001220703125 509 543.0999755859375 561.20001220703125 579.5 551.5 539.0999755859375 559.5 587.4000244140625 615 642.5 677 684 625.9000244140625 571.29998779296875 515 460.899993896484375 417.600006103515625 434.5 507.5 519.5999755859375 503.600006103515625 468.29998779296875 440.100006103515625 482.29998779296875 525.70001220703125 549.5999755859375 582.29998779296875 628.79998779296875 629.0999755859375 601.29998779296875 581.5999755859375 589.70001220703125 585.4000244140625 538.70001220703125 494.600006103515625 459.399993896484375 428.600006103515625 418.79998779296875 416.5 447.600006103515625 456.29998779296875 428.20001220703125 454.399993896484375 429.899993896484375 383.79998779296875 332.79998779296875 315.899993896484375 323.79998779296875 338.899993896484375 335.70001220703125 335.899993896484375
448.79998779296875 454.20001220703125 453.100006103515625 428.20001220703125 414.5 455.600006103515625 516.9000244140625 584 597 616.79998779296875 640.9000244140625 612.0999755859375 594.29998779296875 611.5 630.79998779296875 649.4000244140625 677.0999755859375 689 655.5 589.79998779296875 535.4000244140625 478.100006103515625 435.600006103515625 449.399993896484375 484.79998779296875 537.0999755859375 521 492.600006103515625 463.600006103515625 461.899993896484375 514.5 580 611.79998779296875 616.79998779296875 620.70001220703125 602.0999755859375 559.9000244140625 567.70001220703125 581.70001220703125 556.70001220703125 531.0999755859375 498.899993896484375 469.5 443.600006103515625 420.899993896484375 398.70001220703125 413.79998779296875 420.899993896484375 384.70001220703125 372.20001220703125 345.100006103515625 320.5 331.79998779296875 375.5 404.100006103515625 404.20001220703125 386.600006103515625 392.20001220703125
533.9000244140625 543.4000244140625 518.9000244140625 436.399993896484375 463.399993896484375 535.20001220703125 583.5999755859375 627.5 645 656.5 676.70001220703125 660.5999755859375 642.5 658 678.9000244140625 699.5999755859375 700.0999755859375 650.0999755859375 604.5 564.70001220703125 523.79998779296875 479 483 527 543.4000244140625 552.5999755859375 527.70001220703125 503.79998779296875 496.5 529.79998779296875 569.0999755859375 609.20001220703125 600.29998779296875 587.20001220703125 550.70001220703125 543.4000244140625 523.5 552.9000244140625 547.9000244140625 510.5 478 468 458.29998779296875 445.20001220703125 413.29998779296875 385.5 374.600006103515625 351.600006103515625 336.899993896484375 328.29998779296875 329.20001220703125 348 384.600006103515625 416.20001220703125 436.20001220703125 434.600006103515625 421.70001220703125 419.70001220703125
590.20001220703125 603.79998779296875 553.20001220703125 445 469.20001220703125 534.5 554.5999755859375 579.5 626.9000244140625 637.5999755859375 640.5 665.5999755859375 687.0999755859375 710.29998779296875 737.29998779296875 739.9000244140625 693.4000244140625 645.4000244140625 608.79998779296875 581.0999755859375 571.29998779296875 581.5999755859375 578.4000244140625 591.9000244140625 618.0999755859375 599.20001220703125 561.20001220703125 552.79998779296875 562.5999755859375 592.4000244140625 593.5 566.0999755859375 532.0999755859375 506.29998779296875 451 435.79998779296875 449.70001220703125 474.79998779296875 473.899993896484375 449.600006103515625 405.70001220703125 382.399993896484375 375.5 372.899993896484375 363.399993896484375 354.29998779296875 350.600006103515625 350.29998779296875 349.29998779296875 347 391.79998779296875 415.29998779296875 424.20001220703125 439.899993896484375 442.70001220703125 422.20001220703125 404.29998779296875 382.29998779296875
641.79998779296875 624.0999755859375 529.9000244140625 450.29998779296875 487.5 516.29998779296875 517.29998779296875 533.5 564.29998779296875 591.5 622.79998779296875 655.29998779296875 687.5 738.79998779296875 772.29998779296875 754.29998779296875 711.5999755859375 675.9000244140625 644.5 646.4000244140625 661.29998779296875 661.5 647.0999755859375 663 687.4000244140625 662.29998779296875 621.20001220703125 603.5999755859375 599.4000244140625 583.70001220703125 555 524.20001220703125 483 449 434.79998779296875 443.29998779296875 426.600006103515625 424.100006103515625 409.5 408.70001220703125 416.79998779296875 401.79998779296875 408.600006103515625 416.5 427.600006103515625 424.899993896484375 411.399993896484375 374.600006103515625 360.600006103515625 395.20001220703125 426 440.100006103515625 453.70001220703125 439.600006103515625 406.79998779296875 381.70001220703125 365.100006103515625 347.79998779296875
655.29998779296875 625.5 520.9000244140625 469 583 608.29998779296875 579.9000244140625 573.29998779296875 595.5999755859375 620.29998779296875 667.29998779296875 693.5 708.9000244140625 748.29998779296875 789.4000244140625 784.5 743.20001220703125 704.5 683.79998779296875 674.29998779296875 659.4000244140625 662.29998779296875 666.29998779296875 659.20001220703125 651.4000244140625 656.0999755859375 630.5 580.29998779296875 538.5999755859375 492.899993896484375 469.399993896484375 458.70001220703125 445.399993896484375 448.20001220703125 469.5 459.20001220703125 485.29998779296875 530.5 508.100006103515625 501.899993896484375 468.20001220703125 474.399993896484375 510.79998779296875 513.0999755859375 500.5 473 435 389.79998779296875 378.399993896484375 397.29998779296875 457.29998779296875 475.100006103515625 459.600006103515625 432.5 425.600006103515625 417 394.600006103515625 360
628.5999755859375 587.5999755859375 504.79998779296875 476.399993896484375 592.5 646 652 639.9000244140625 678.20001220703125 695.0999755859375 714.20001220703125 734.79998779296875 754.20001220703125 781.0999755859375 808.79998779296875 808.5999755859375 769.20001220703125 729.5999755859375 686.20001220703125 643.29998779296875 620.9000244140625 609.5999755859375 600.5999755859375 563.5999755859375 525.79998779296875 533.20001220703125 535.79998779296875 490.600006103515625 476.899993896484375 486 505.79998779296875 515.5999755859375 498.70001220703125 503.100006103515625 523.5999755859375 492 542.79998779296875 599.79998779296875 589.79998779296875 577.79998779296875 518.5 548.5999755859375 570.9000244140625 578.9000244140625 532.70001220703125 487 442.79998779296875 412.79998779296875 423.5 394.899993896484375 437.20001220703125 487.899993896484375 488.79998779296875 472.5 446.899993896484375 418 393.70001220703125 367.29998779296875
643.4000244140625 590.0999755859375 520.4000244140625 469.5 570.9000244140625 658.9000244140625 686.5999755859375 676.9000244140625 677.5999755859375 668.79998779296875 694.5999755859375 737.4000244140625 785 824.70001220703125 843.20001220703125 812 756.5999755859375 712.5999755859375 678.29998779296875 663.5 664.29998779296875 657.0999755859375 635.0999755859375 611.20001220703125 568.0999755859375 521.5999755859375 508.20001220703125 523.29998779296875 542.4000244140625 565.9000244140625 577.9000244140625 565.9000244140625 519.79998779296875 524 577.20001220703125 563.4000244140625 578.79998779296875 641.0999755859375 681 644.4000244140625 567.0999755859375 610 626 605.0999755859375 534.5999755859375 471.600006103515625 454.29998779296875 466.600006103515625 460.20001220703125 409.70001220703125 446.399993896484375 501.5 514.4000244140625 487.5 444.5 418.600006103515625 405.399993896484375 390.5
625.70001220703125 604.29998779296875 569 485.100006103515625 499.399993896484375 583 592.20001220703125 585.9000244140625 595.4000244140625 611 653.29998779296875 707 755.5 795.29998779296875 808.29998779296875 785.79998779296875 767 739.79998779296875 720.0999755859375 712.79998779296875 711.70001220703125 692.29998779296875 675.20001220703125 660.20001220703125 630.79998779296875 590.5999755859375 578.29998779296875 618.20001220703125 612 612.20001220703125 614.9000244140625 581.29998779296875 539.4000244140625 552.29998779296875 596.20001220703125 640.4000244140625 648.5999755859375 685.5999755859375 750.70001220703125 703.9000244140625 619.20001220703125 666.4000244140625 654.5999755859375 568 507.5 508.899993896484375 497.5 462.70001220703125 440.399993896484375 433.899993896484375 492.5 528.9000244140625 538.0999755859375 512.70001220703125 476.20001220703125 468.100006103515625 472.600006103515625 458.399993896484375
674.70001220703125 644.0999755859375 572.20001220703125 511.79998779296875 485.79998779296875 522.9000244140625 557.4000244140625 588.20001220703125 622.5999755859375 630.5999755859375 666.79998779296875 726.9000244140625 771.5999755859375 768.5999755859375 731.5 706.79998779296875 699 684.5 701.5999755859375 737.20001220703125 768.5 755.79998779296875 726.20001220703125 696.70001220703125 664.79998779296875 632.5999755859375 624.20001220703125 669.70001220703125 680.20001220703125 658.20001220703125 628 588.5 562.70001220703125 583 632.4000244140625 684.9000244140625 707.20001220703125 744.4000244140625 806.5999755859375 768.79998779296875 698.5999755859375 715.20001220703125 676.5 603.4000244140625 594.5 555.70001220703125 488.600006103515625 502.20001220703125 504.5 508 519.0999755859375 500.5 494.5 490.70001220703125 455.399993896484375 428.20001220703125 451.20001220703125 452.70001220703125
647.79998779296875 636.5999755859375 582.0999755859375 567.29998779296875 510.20001220703125 581.5 679.79998779296875 695.5999755859375 698.79998779296875 712 719.9000244140625 760.70001220703125 759.29998779296875 714.5999755859375 657.0999755859375 624.9000244140625 608.5 627.9000244140625 683.5 737.20001220703125 784.70001220703125 784.20001220703125 758.79998779296875 722.70001220703125 691.9000244140625 677.0999755859375 684.70001220703125 711.70001220703125 740.9000244140625 714.0999755859375 672.29998779296875 634.4000244140625 598.5999755859375 593.5 656.4000244140625 719.4000244140625 763.0999755859375 809.5999755859375 875.70001220703125 807.9000244140625 771.20001220703125 774.5 720.4000244140625 695.5 653.70001220703125 562.9000244140625 545.79998779296875 586.79998779296875 587 552.5999755859375 498.399993896484375 450.399993896484375 429.399993896484375 413.20001220703125 397.79998779296875 379.20001220703125 373.79998779296875 376.79998779296875
645.4000244140625 624.4000244140625 611.0999755859375 616.29998779296875 522.0999755859375 572.70001220703125 659.29998779296875 706.9000244140625 713.9000244140625 745.70001220703125 771.70001220703125 778 724.5999755859375 658.9000244140625 597.5 558.70001220703125 577.20001220703125 632.70001220703125 700.29998779296875 753.70001220703125 745.0999755859375 705.5999755859375 694.9000244140625 679.29998779296875 684 706.4000244140625 742.29998779296875 751.9000244140625 773.20001220703125 768.5 729.9000244140625 677 646.5999755859375 643.29998779296875 676.9000244140625 764.29998779296875 826.4000244140625 894.20001220703125 930.20001220703125 854.5 859.0999755859375 814.9000244140625 748.9000244140625 722.0999755859375 653.4000244140625 628.0999755859375 640.4000244140625 647.79998779296875 617.79998779296875 543.20001220703125 497.70001220703125 496.79998779296875 479.70001220703125 443.79998779296875 414 399.600006103515625 376.899993896484375 317.79998779296875
712.0999755859375 681.79998779296875 656.9000244140625 626.29998779296875 548.79998779296875 528.9000244140625 594.29998779296875 688.4000244140625 727.70001220703125 766.29998779296875 796 781.70001220703125 722.29998779296875 651.29998779296875 582.79998779296875 521.29998779296875 574.20001220703125 642 709.0999755859375 760.29998779296875 714.5999755859375 636.4000244140625 597.20001220703125 586.0999755859375 617.0999755859375 673.9000244140625 723.5999755859375 768.0999755859375 756.79998779296875 735.20001220703125 726.5999755859375 703.29998779296875 687.5 681.0999755859375 719.29998779296875 777.4000244140625 848.29998779296875 951.0999755859375 999.29998779296875 972.29998779296875 914.29998779296875 838.4000244140625 789 737.0999755859375 710.4000244140625 718.5 689.0999755859375 647.4000244140625 606.70001220703125 569.9000244140625 567.9000244140625 558.9000244140625 517.4000244140625 470.70001220703125 443.899993896484375 425 403.5 353.600006103515625
723.70001220703125 686.20001220703125 670.4000244140625 647.5999755859375 607.70001220703125 585.70001220703125 611.70001220703125 685.29998779296875 725.9000244140625 762 786.20001220703125 746.5 691.20001220703125 638.79998779296875 557.70001220703125 472.899993896484375 540.79998779296875 611.5 671.0999755859375 733.20001220703125 701.0999755859375 630.4000244140625 565.9000244140625 535.5 589.79998779296875 612.20001220703125 659.79998779296875 728.5 694.4000244140625 683 670.9000244140625 654.9000244140625 645.70001220703125 648.20001220703125 713.4000244140625 782 842.70001220703125 936.79998779296875 1039.4000244140625 1058.9000244140625 963.20001220703125 875.20001220703125 846.4000244140625 811.9000244140625 804 769.20001220703125 730.5 712.79998779296875 679.70001220703125 629.20001220703125 577.70001220703125 537.0999755859375 518.29998779296875 500.100006103515625 470.70001220703125 431 400.899993896484375 379.70001220703125
751.4000244140625 740.79998779296875 735 684.70001220703125 661.20001220703125 654 643 699.9000244140625 755.20001220703125 784.5999755859375 753.79998779296875 687.79998779296875 652.70001220703125 629.4000244140625 532.79998779296875 455.899993896484375 531.29998779296875 595.5999755859375 657.5 713.4000244140625 693.70001220703125 630.20001220703125 555.29998779296875 491.5 536.5999755859375 582.0999755859375 654.79998779296875 702.5999755859375 630.0999755859375 603.9000244140625 605.0999755859375 623.70001220703125 601.0999755859375 620.5999755859375 655.79998779296875 714.4000244140625 757.20001220703125 838.5 1002.9000244140625 1094.5 1022.0999755859375 957.4000244140625 895.5 844.20001220703125 807.4000244140625 756 720.29998779296875 700.79998779296875 646.4000244140625 589 516.70001220703125 453.600006103515625 466.29998779296875 469.29998779296875 473 451.399993896484375 427.70001220703125 405.899993896484375
